3593.02811009024
4476.51140609024
4017.2522729984
3591.60685714432
3875.832737588224
3823.775218635776
3586.7161314304
3933.60686043136
3852.838923976704
4243.6928512
4040.446573374464
3949.681935038464
4207.867602688
4613.27032272896
4454.796403221504
4092.17901568
3784.98376947712
4219.0683218432
4175.67797895168
4313.59844376576
4288.05440871424
4095.457792
4299.90868447232
4381.393883136
4334.90726491136
3865.84837446656
3748.7771311104
4503.29717971968
4693.367971234816
3936.230993895424
3961.95454393344
4376.88794701824
3970.7119120896
4432.92601954304
4574.14501230592
4401.42531627008
4081.23563969536
3690.61939746816
3729.15659776
3794.70449642496
3843.2788686848
3615.69869026304
3831.375154598912
3773.09729859584
4057.755013888
3782.189391801344
3918.723482509312
3732.3428685824
4328.31875728384
4565.4176056832
4453.2033254912
4442.24080502784
4358.69274641408
4112.54964706304
4069.9345454592
4218.37865984
4138.34149112832
3919.92783147008
4689.53122711552
4736.09134272512
4020.79830687744
17965.1405504512
22382.5570304512
20086.261364992
17958.034285721602
19379.16368794112
19118.876093178882
17933.580657152
19668.0343021568
19264.19461988352
21218.464256000003
20202.23286687232
19748.40967519232
21039.33801344
23066.3516136448
22273.98201610752
20460.895078399997
18924.9188473856
21095.341609215997
20878.389894758402
21567.9922188288
21440.2720435712
20477.28896
21499.5434223616
21906.96941568
21674.536324556797
19329.2418723328
18743.885655552
22516.4858985984
23466.83985617408
19681.15496947712
19809.772719667202
21884.4397350912
19853.559560448
22164.6300977152
22870.7250615296
22007.1265813504
20406.178198476802
18453.0969873408
18645.782988799998
18973.522482124798
19216.394343424
18078.4934513152
19156.87577299456
18865.486492979202
20288.775069440002
18910.94695900672
19593.61741254656
18661.714342912
21641.5937864192
22827.088028416
22266.016627456003
22211.2040251392
21793.4637320704
20562.748235315197
20349.672727295998
21091.8932992
20691.707455641597
19599.6391573504
23447.6561355776
23680.4567136256
20103.9915343872
