1033.02811009024
1097.30817024
330.8522729984
519.60685714432
803.832737588224
854.175218635776
412.316134114304
656.80686043136
780.838923976704
1171.456
968.446573374464
877.681935038464
1033.467602688
517.27032272896
563.596403221504
1020.179133395968
1122.58376947712
1147.0683218432
1103.67797895168
1036.79844376576
1216.05440871424
1022.9976033792
818.30868447232
797.39253723136
1119.54726491136
691.44837446656
676.7771311104
857.5983616
597.367971234816
864.230993895424
787.55454393344
997.68794701824
898.7119120896
803.1161954304
478.14501230592
715.02531627008
906.83563969536
618.61939746816
657.12840139776
722.70449642496
771.2788686848
543.69869026304
759.375291392
803.49729859584
977.52453888
914.989391801344
846.723482509312
660.3428685824
437.11875728384
571.81874688
654.0505088
549.3379702784
877.09274641408
1040.54964706304
997.9345454592
1146.45371945984
1066.34149112832
847.92783147008
1103.711232
844.89134272512
743.99830687744
5165.1405504512
5486.540851199999
1654.261364992
2598.0342857216
4019.16368794112
4270.87609317888
2061.58067057152
3284.0343021567996
3904.19461988352
5857.28
4842.23286687232
4388.40967519232
5167.3380134399995
2586.3516136447997
2817.9820161075204
5100.89566697984
5612.9188473856
5735.3416092160005
5518.3898947584
5183.9922188288
6080.2720435712
5114.988016896
4091.5434223616003
3986.9626861568004
5597.736324556799
3457.2418723328
3383.8856555519997
4287.991808
2986.8398561740796
4321.15496947712
3937.7727196672
4988.4397350912
4493.559560448
4015.580977152
2390.7250615295998
3575.1265813504
4534.1781984768
3093.0969873408
3285.6420069888
3613.5224821248
3856.394343424
2718.4934513152
3796.87645696
4017.4864929792
4887.6226944
4574.94695900672
4233.61741254656
3301.714342912
2185.5937864192
2859.0937344000004
3270.252544
2746.689851392
4385.4637320704005
5202.748235315201
4989.672727296
5732.268597299199
5331.7074556416
4239.639157350401
5518.55616
4224.4567136256
3719.9915343872
