2569.02811009024
2717.87009024
2299.69129984
2586.1997714432
2749.432737588224
2414.0274635776
2709.1430114304
2922.798043136
2828.838923976704
2625.078272
1992.446573374464
2326.923264
2159.867602688
2398.9037056
2287.731221504
1971.0653395968
2044.18376947712
2171.0683218432
2127.67797895168
2265.59844376576
2240.05440871424
2046.9976033792
2456.70868447232
2333.39253723136
2348.34726491136
2228.0772258816
1905.1142144
2455.29717971968
2645.367971234816
2912.230993895424
1811.55454393344
2328.88794701824
1922.7119120896
2384.92601954304
2526.14501230592
2763.02531627008
1930.83563969536
1847.41939746816
1783.52840139776
1951.50449642496
2377.7486848
2182.09869026304
1994.1887398912
2441.89729859584
2422.304133888
1938.989391801344
2280.301146112
1889.90285824
2280.31875728384
2517.4176056832
2302.8033254912
2599.04080502784
2310.69274641408
2064.54964706304
2021.9345454592
2170.45371945984
2184.715512832
2296.2475008
2436.86909952
2278.49134272512
2177.500831744
12845.140550451199
13589.3504512
11498.4564992
12930.998857216
13747.16368794112
12070.137317888
13545.715057152
14613.990215680002
14144.19461988352
13125.391360000001
9962.23286687232
11634.616320000001
10799.33801344
11994.518528
11438.65610752
9855.326697984
10220.9188473856
10855.341609216
10638.3898947584
11327.9922188288
11200.2720435712
10234.988016896
12283.5434223616
11666.962686156801
11741.736324556801
11140.386129408
9525.571072
12276.485898598401
13226.839856174081
14561.15496947712
9057.7727196672
11644.4397350912
9613.559560448
11924.6300977152
12630.7250615296
13815.1265813504
9654.1781984768
9237.0969873408
8917.6420069888
9757.522482124801
11888.743424
10910.4934513152
9970.943699456
12209.486492979198
12111.520669439999
9694.94695900672
11401.50573056
9449.5142912
11401.5937864192
12587.088028416
11514.016627456002
12995.2040251392
11553.463732070399
10322.7482353152
10109.672727296
10852.2685972992
10923.577564160001
11481.237504
12184.3454976
11392.4567136256
10887.504158720001
