2164.96355555328
2195.9367041536
2257.56044353536
2017.45005053952
1747.4247885824
1716.7666642432
2036.76951272448
2052.99712
2121.3446844928
1950.76539901952
2155.05428651008
2159.0705704448
2046.33649042432
1670.23473417216
1728.22233811968
2120.20994992128
2201.05169319936
2485.37434990592
2816.07062069248
2723.05389898752
2708.07619301376
2017.98017093632
1918.95007594496
1985.03831691264
2704.27621052416
2172.26163581952
2081.13287356416
2081.05310440448
2055.19075555328
2130.14725495808
1863.66846196736
1759.7251444736
2006.99601610752
1673.298307328
1876.32301625344
1329.53527410688
2064.5048259584
2042.321584384
2116.90207952896
2232.4591550976
2446.2231025152
2056.27172749312
2156.77700598784
2251.9051815424
2357.97821558784
2047.97632369664
2108.91686956032
2153.822684928
2166.5782042112
2104.48777401344
2554.35342043136
2780.557752064
2992.01059872768
2916.26772016128
2722.0893578752
2292.63516227584
1782.0471734272
1668.8187340288
2552.27803278336
2544.66987798528
2518.84286630912
2893.9573946368
2967.13281870848
2929.35087603712
2273.14068027392
2162.15578089472
2501.77747075072
2295.2650020864
2302.88597801984
2359.4825078784
2563.51878590464
2654.55742180352
2660.47142980608
2347.2867218944
2193.93560111104
2255.43527220224
2444.70636575744
1887.25732861952
1616.2961959936
2031.22235844608
2106.1455389696
2086.31923182592
2132.00358925312
2174.539739648
1843.298023936
1570.99786872832
1648.19322862592
1712.96108474368
1863.45472
1707.37272689664
2232.23204908032
2084.12730935296
1815.65564371968
1674.75303018496
1901.55833962496
1966.12868944896
2056.89727152128
2026.03256368128
1923.38365217792
1802.1291821056
1898.31082320896
1794.53111794688
2137.72930802688
2027.32935401472
1917.98838578176
1994.79076340736
2347.57688889344
2233.68533332992
2073.28380736512
1885.7571140608
1922.93027951616
1606.79380538368
1993.04437183488
1962.96439354368
1839.4782024704
2035.97996261376
2424.84676035584
1959.99581640704
1879.7163289088
1601.80709507072
1574.27614476288
1493.61273402368
1654.07217673216
1782.69801526272
1439.3706586624
1458.27744891904
1264.138711296
1252.78941234176
1080.64468292608
1014.117389984768
836.516652537856
1017.143954700288
541.592086699008
546.982379118592
263.962482758656
953.56696774144
969.890244155392
1123.9035328512
1182.38884054016
1078.29918583808
1087.3572154368
800.878949649408
567.3801246464
714.288377952256
1011.015653523456
847.800907877376
1103.72040638464
1288.97638204416
1389.40346313728
1054.0853802496
1175.97817340928
1136.47980745728
1143.0503751168
966.146322747392
1229.7680897536
1436.73770582016
1600.51765745664
1358.99073939456
1130.9133913088
1617.3735927808
1065.38213204992
828.243968
959.6996354304
1204.77478127616
894.548628099072
878.606071205888
1012.83232416768
722.419623088128
639.118057803776
606.247432009728
755.494231780352
923.636808742912
918.831020407808
1035.17564921856
847.859787716608
717.56942582272
666.736604811264
906.509611787264
855.264716570624
1526.61613114368
1629.21900854272
1723.1625505792
1385.68042477568
1532.2228237824
1392.36579079168
1452.53950088192
1309.9496853504
1564.22703064064
1704.6236496384
1298.16041137152
1131.36176781312
689.47775444992
907.656014311424
812.962055046144
805.184771084288
1165.7227252736
1115.00696710144
1021.776892193792
973.577811847168
967.86243678208
1172.16658240512
1272.9809454592
1061.8950620672
1278.61871393792
1200.01629090816
1504.35342912512
1578.6169246208
1395.71556794368
1232.11713412096
1170.68953293824
1177.02109360128
1962.48609032192
1300.15247783936
1329.10385533952
1226.76830944256
1311.4857308672
1354.97090386944
1304.06069677056
1286.25002243072
1814.79021633536
2021.41013332992
1803.82127024128
2145.77485167616
1406.0004324352
1487.56593357824
1267.43736398848
1598.9265791488
1522.61917718528
1778.40498492416
1954.67962077184
1715.4247804928
1213.99329748992
1498.8173756416
1462.23449847808
1338.68454207488
835.335101717504
1098.99568270336
654.875927272448
704.397674687488
705.638145905664
840.070904564736
1186.66881956864
1369.85624781824
1692.12500252672
1915.13797429248
2022.47876923392
1890.15442696192
1130.10183800832
579.912484451328
766.32221991936
1317.1234677248
1473.85997151232
1746.6796391936
1594.08491467776
1648.35145017344
1593.09002029056
1407.87116495872
1487.91704398848
1080.64468292608
1130.80094754816
1274.24345946112
1270.35093635072
1061.22773745664
1109.53076902912
975.571695873024
10824.8177777664
10979.683520768001
11287.802217676799
10087.250252697599
8737.123942912
8583.833321216
10183.8475636224
10264.9856
10606.723422464
9753.8269950976
10775.2714325504
10795.352852224001
10231.6824521216
8351.1736708608
8641.1116905984
10601.0497496064
11005.258465996802
12426.8717495296
14080.353103462401
13615.2694949376
13540.3809650688
10089.9008546816
9594.7503797248
9925.191584563201
13521.3810526208
10861.3081790976
10405.6643678208
10405.2655220224
10275.953777766399
10650.736274790399
9318.3423098368
8798.625722368
10034.9800805376
8366.49153664
9381.6150812672
6647.6763705344
10322.524129792
10211.60792192
10584.510397644799
11162.295775488
12231.115512576
10281.3586374656
10783.8850299392
11259.525907711999
11789.8910779392
10239.8816184832
10544.5843478016
10769.11342464
10832.891021056
10522.438870067199
12771.7671021568
13902.78876032
14960.052993638401
14581.3386008064
13610.446789376001
11463.175811379198
8910.235867136
8344.093670144
12761.3901639168
12723.3493899264
12594.2143315456
14469.786973184
14835.6640935424
14646.7543801856
11365.703401369601
10810.7789044736
12508.8873537536
11476.325010432
11514.4298900992
11797.412539392
12817.5939295232
13272.7871090176
13302.357149030398
11736.433609472002
10969.678005555199
11277.1763610112
12223.5318287872
9436.2866430976
8081.480979968
10156.1117922304
10530.727694848
10431.5961591296
10660.0179462656
10872.69869824
9216.49011968
7854.9893436416005
8240.9661431296
8564.8054237184
9317.2736
8536.8636344832
11161.1602454016
10420.6365467648
9078.2782185984
8373.765150924799
9507.7916981248
9830.6434472448
10284.4863576064
10130.1628184064
9616.9182608896
9010.645910528
9491.554116044801
8972.6555897344
10688.6465401344
10136.6467700736
9589.9419289088
9973.9538170368
11737.8844444672
11168.4266666496
10366.4190368256
9428.785570304
9614.6513975808
8033.969026918399
9965.2218591744
9814.8219677184
9197.391012352
10179.899813068801
12124.2338017792
9799.9790820352
9398.581644544
8009.035475353599
7871.3807238144
7468.0636701184
8270.3608836608
8913.4900763136
7196.8532933120005
7291.387244595199
6320.693556480001
6263.9470617088
5403.2234146304
5070.58694992384
4182.58326268928
5085.71977350144
2707.96043349504
2734.91189559296
1319.81241379328
4767.8348387072
4849.45122077696
5619.517664256
5911.944202700799
5391.4959291904
5436.7860771840005
4004.3947482470403
2836.900623232
3571.4418897612804
5055.07826761728
4239.0045393868795
5518.6020319232
6444.8819102208
6947.017315686399
5270.426901248
5879.890867046401
5682.3990372864
5715.251875584
4830.73161373696
6148.840448768
7183.6885291008
8002.588287283201
6794.9536969728
5654.566956544
8086.867963904
5326.9106602496
4141.21984
4798.498177152
6023.8739063808
4472.7431404953595
4393.030356029441
5064.1616208384
3612.09811544064
3195.59028901888
3031.23716004864
3777.47115890176
4618.18404371456
4594.15510203904
5175.8782460928
4239.298938583041
3587.8471291135997
3333.68302405632
4532.54805893632
4276.323582853121
7633.0806557184
8146.0950427136
8615.812752896
6928.4021238784
7661.114118912
6961.8289539584
7262.6975044096
6549.748426751999
7821.1351532031995
8523.118248192
6490.8020568576
5656.808839065599
3447.3887722496
4538.28007155712
4064.81027523072
4025.92385542144
5828.613626368
5575.0348355072
5108.88446096896
4867.88905923584
4839.3121839104
5860.832912025599
6364.904727296
5309.475310336
6393.0935696895995
6000.0814545408
7521.7671456256
7893.0846231040005
6978.5778397184
6160.5856706048
5853.447664691201
5885.1054680064
9812.4304516096
6500.7623891968
6645.5192766976
6133.8415472128
6557.428654335999
6774.8545193472
6520.3034838528
6431.250112153601
9073.9510816768
10107.0506666496
9019.1063512064
10728.8742583808
7030.002162176001
7437.8296678912
6337.1868199424
7994.632895744
7613.0958859264
8892.0249246208
9773.398103859201
8577.123902464
6069.9664874496
7494.086878208
7311.1724923904
6693.4227103744
4176.67550858752
5494.9784135168
3274.3796363622405
3521.98837343744
3528.19072952832
4200.35452282368
5933.3440978432
6849.2812390912
8460.6250126336
9575.6898714624
10112.3938461696
9450.7721348096
5650.509190041601
2899.5624222566403
3831.6110995968
6585.617338624001
7369.2998575616
8733.398195968
7970.4245733888
8241.7572508672
7965.4501014528
7039.355824793601
7439.5852199424
5403.2234146304
5654.004737740799
6371.2172973056
6351.7546817536
5306.1386872832
5547.6538451456
4877.858479365121
