1126.84578506752
784.400097816576
846.367926096896
1098.62450327552
1088.25889499136
1010.617982906368
1205.8377093632
1030.79353305088
1159.069265152
1002.545255696384
1267.99020621824
1040.21446358016
1007.090805782528
1223.80605733888
1148.34156828672
833.337112860672
785.60264462848
866.76831856128
828.629573843968
872.434744336384
900.69385279488
1051.68677060608
1223.790563072
1513.46576243712
1554.06421172224
1417.15218695168
1156.92370607104
1232.05204396032
1166.57639242752
1231.87278227456
1168.90866430976
1302.27038993408
1135.31665299456
1047.04908875776
1042.65270559744
1184.0474074112
1298.4547977728
1129.895506176
1014.380036697088
966.352204603392
988.81731352576
1071.81696892928
1155.35448275968
948.017077720064
916.147463917568
658.856167363584
681.670099253248
701.21977403392
742.242505274368
719.448258811904
762.855923961856
897.193301332992
981.362807799808
866.324029339648
862.671222294528
824.845285429248
692.214215002112
799.939464387584
863.339889094656
564.152039988224
678.057028791296
677.115983863808
631.06929353216
620.755614710784
582.14578397184
267.542920554496
234.347843965952
234.27060217344
275.061688597504
331.185966568448
247.433542244352
459.484508613632
554.115282051072
483.475266300928
429.041577464832
280.398847629312
375.434440394752
264.533840515072
688.209570412544
1474.11990198272
2423.67511450624
3425.51063063552
3677.27049590784
4027.36675068928
4179.5711007744
3998.90366584832
3590.93049430016
3556.52917302272
3954.28057294848
3961.92755662848
4591.21544479744
4749.0769836032
4770.92493617152
4182.67465326592
4188.3674597376
3949.86450149376
3969.22029392896
4030.22111050752
4151.35005278208
4084.542792448
3996.16
3987.84692877312
3328.0558545408
3366.22133957632
3895.296
3927.631503104
4390.27366234112
4379.10954406912
4356.36419047424
4374.95650461696
4281.56983686144
3939.49953299456
3919.837961216
3350.32268672
3370.9894660608
3930.2809072128
3935.05833918464
4270.41512727552
4218.17295238144
4239.1773757952
4260.28338144256
4261.18927058944
4254.22351515648
4285.01724770304
4292.35142729728
4388.41878260736
4378.68336231424
3873.12757252096
3770.76017020928
3818.87634285568
4120.82155537408
4413.45509581824
4561.9582406656
4458.77923403776
4263.495291136
4260.98392793088
4292.04303448064
4247.58024827904
4276.99683018752
4327.92760655872
4280.3426298368
4160.85785430016
4172.608
3870.490624
3861.83016296448
3681.17611593728
3673.73603864576
3687.31768305664
3665.80764089344
3570.6269668864
3522.84370563072
3510.83539033088
3484.98979310592
3507.67947293696
3914.76175238144
3922.95228032
3723.56935732224
3752.86145606656
3264.12649411584
3125.04161240064
3880.36541935616
3882.3936
3883.66761558016
3954.21890502656
3918.20394569728
3984.83943343104
4022.22491954176
4195.8297306624
4166.30873043968
3713.45171499008
3708.78986510336
3387.28529057792
3397.94113207296
3349.5157162496
4074.09989685248
4268.67354216448
4229.32647411712
3919.837961216
3943.3001533952
4269.27605730304
4432.99125581824
4398.00637908992
4257.51357100032
4256.17451051008
4185.85438993408
4206.08130279424
4013.3084542976
3899.70488889344
3958.19389830144
3668.60628680704
3613.99193862144
3488.78928406528
3573.09656338432
3509.42035643392
3212.99692307456
3634.45886081024
3734.46200416256
4133.20276691968
4109.07105882112
3621.67879569408
3583.10012121088
3191.51917948928
3158.45710769152
3093.11076803584
3093.792
3098.968064
3509.99740782592
4025.83284421632
3799.56540314624
3292.71834947584
3527.79377777664
4066.6489839616
4052.72754354176
4038.43094505472
4038.6866816512
4410.71488347136
4584.53747572736
4576.51489811456
3783.66440608768
3779.7699678208
4835.26676412416
4812.18764120064
4796.43790373888
3749.33448648704
3706.94591264768
3120.76558490624
3098.16945636352
2202.07957584896
2324.48336288768
2392.05268508672
2489.6430442496
2014.0061467648
2045.17398882304
2274.32992405504
2747.95426909184
2427.44211900416
1715.995289344
1609.75088268288
1949.05242077184
1788.50423144448
1438.78133604352
1389.58175112192
1604.3781224448
1694.26964765696
1628.39053988864
1686.8904778752
2142.97763057664
2090.8560712192
1930.93475748864
1841.08118395904
1720.07279084544
1768.99188278272
1994.87568028672
1954.2547280384
2002.79863048192
2078.04536470528
2030.43784946688
2087.98235390976
2037.07733332992
2062.6646913536
2567.76442964992
2182.59565492224
1949.34740425728
1963.11591569408
2363.6219508736
5634.2289253376
3922.00048908288
4231.83963048448
5493.1225163776
5441.2944749568
5053.08991453184
6029.188546816
5153.967665254399
5795.346325760001
5012.7262784819195
6339.9510310912
5201.0723179008
5035.45402891264
6119.0302866944
5741.7078414336
4166.6855643033605
3928.0132231424
4333.8415928064005
4143.14786921984
4362.17372168192
4503.4692639744
5258.4338530304
6118.9528153599995
7567.3288121856
7770.3210586112
7085.7609347584
5784.6185303552
6160.260219801599
5832.8819621376
6159.3639113728
5844.5433215488
6511.351949670399
5676.5832649728
5235.2454437888
5213.2635279872
5920.237037056
6492.273988864
5649.47753088
5071.90018348544
4831.76102301696
4944.0865676288
5359.0848446464
5776.7724137984
4740.08538860032
4580.73731958784
3294.28083681792
3408.35049626624
3506.0988701695996
3711.21252637184
3597.24129405952
3814.27961980928
4485.9665066649595
4906.81403899904
4331.62014669824
4313.35611147264
4124.22642714624
3461.07107501056
3999.69732193792
4316.699445473279
2820.76019994112
3390.28514395648
3385.5799193190396
3155.3464676608
3103.77807355392
2910.7289198592002
1337.71460277248
1171.73921982976
1171.3530108672
1375.3084429875198
1655.92983284224
1237.1677112217599
2297.42254306816
2770.57641025536
2417.37633150464
2145.20788732416
1401.99423814656
1877.1722019737601
1322.6692025753598
3441.0478520627203
7370.5995099136
12118.3755725312
17127.5531531776
18386.3524795392
20136.8337534464
20897.855503872
19994.5183292416
17954.652471500798
17782.645865113598
19771.4028647424
19809.6377831424
22956.0772239872
23745.384918015996
23854.6246808576
20913.3732663296
20941.837298688002
19749.3225074688
19846.1014696448
20151.1055525376
20756.7502639104
20422.71396224
19980.8
19939.2346438656
16640.279272704
16831.1066978816
19476.48
19638.15751552
21951.3683117056
21895.5477203456
21781.8209523712
21874.7825230848
21407.8491843072
19697.4976649728
19599.18980608
16751.6134336
16854.947330304
19651.404536063998
19675.2916959232
21352.075636377598
21090.8647619072
21195.886878975998
21301.416907212802
21305.946352947198
21271.117575782402
21425.0862385152
21461.757136486398
21942.093913036802
21893.416811571202
19365.6378626048
18853.800851046402
19094.3817142784
20604.1077768704
22067.2754790912
22809.791203328
22293.8961701888
21317.47645568
21304.9196396544
21460.2151724032
21237.901241395197
21384.9841509376
21639.6380327936
21401.713149184
20804.289271500802
20863.04
19352.45312
19309.150814822402
18405.8805796864
18368.6801932288
18436.5884152832
18329.0382044672
17853.134834432
17614.2185281536
17554.1769516544
17424.9489655296
17538.3973646848
19573.8087619072
19614.7614016
18617.8467866112
18764.3072803328
16320.632470579201
15625.208062003201
19401.827096780802
19411.968
19418.3380779008
19771.0945251328
19591.019728486397
19924.197167155202
20111.1245977088
20979.148653312
20831.5436521984
18567.2585749504
18543.9493255168
16936.426452889602
16989.7056603648
16747.578581248
20370.4994842624
21343.3677108224
21146.632370585598
19599.18980608
19716.500766976
21346.3802865152
22164.9562790912
21990.031895449603
21287.5678550016
21280.872552550398
20929.2719496704
21030.406513971204
20066.542271488
19498.5244444672
19790.9694915072
18343.031434035198
18069.9596931072
17443.9464203264
17865.482816921598
17547.1017821696
16064.9846153728
18172.2943040512
18672.310020812798
20666.013834598398
20545.355294105597
18108.393978470398
17915.5006060544
15957.5958974464
15792.2855384576
15465.5538401792
15468.96
15494.840320000001
17549.9870391296
20129.1642210816
18997.8270157312
16463.5917473792
17638.968888883202
20333.244919808
20263.6377177088
20192.154725273598
20193.433408256
22053.5744173568
22922.6873786368
22882.574490572802
18918.3220304384
18898.849839104
24176.3338206208
24060.9382060032
23982.1895186944
18746.6724324352
18534.7295632384
15603.827924531199
15490.847281817601
11010.3978792448
11622.4168144384
11960.2634254336
12448.215221248
10070.030733824
10225.8699441152
11371.6496202752
13739.771345459201
12137.210595020799
8579.97644672
8048.7544134144
9745.2621038592
8942.5211572224
7193.9066802176
6947.9087556096
8021.8906122240005
8471.3482382848
8141.9526994432
8434.452389376
10714.888152883199
10454.280356096002
9654.6737874432
9205.4059197952
8600.3639542272
8844.9594139136
9974.3784014336
9771.273640192
10013.993152409601
10390.2268235264
10152.1892473344
10439.9117695488
10185.3866666496
10313.323456768001
12838.822148249601
10912.9782746112
9746.7370212864
9815.5795784704
11818.109754367999
