1401.2193340928
774.256993103872
1367.45265671168
1294.5953606144
1301.70484251648
1946.3753744896
1758.59220093952
1364.1176877056
833.823344193536
1175.09013649408
1676.93077056512
1506.6895347712
1674.27531034624
1851.31885714432
1728.22233811968
2003.16365930496
1993.35087811584
1244.97995572224
1291.73010895872
1510.26518767616
1519.6580690944
1262.58652406784
1355.05748379648
1565.92833613824
1952.7315154432
2608.2711397888
2488.7774570496
2512.41985434624
2642.38811428864
3065.63017490432
3219.47593187328
2426.496
2400.0193129984
2440.70753103872
2192.210308864
2328.88794701824
2302.19452632064
1968.20507527168
2086.17781132288
2272.74413233152
2295.27648638976
2071.391372544
2554.48056737792
2097.04637249536
2016.82392056832
2361.99936
2306.33405051904
2473.8837482496
2605.80653411328
1730.51956329472
1312.3485301248
2029.8490980352
1483.40736
960.23449322496
870.570108567552
1543.40798505984
2012.22826667008
2648.85615094784
2653.78909090816
2386.41926368256
2047.92876521472
2127.6700845056
2536.89856
2496.13701408768
2296.57512027136
2567.76442964992
2234.17440795648
2487.4025701376
2575.2703410176
1688.30139347968
861.510411657216
1412.63963681792
1696.69183470592
2074.20369149952
2212.32053630976
2319.58687425536
2361.9907368448
2119.419936512
2085.39365517312
1994.9505306112
2055.02550161408
3035.78187624448
2409.92548571136
1904.13065284608
2057.88042747904
2031.90236205056
2227.393207552
2500.5699958784
2975.5763992064
3217.61239921664
1479.0805853696
4260.20141176832
4312.18215385088
3595.47410799616
4381.85182608384
4009.71093332992
3834.46281481216
3673.73963636736
3394.74908393472
3213.07262338048
3078.0050765824
3069.59270175744
3115.62675744768
3064.76868230144
3053.28252121088
2404.36757414912
2118.11448621056
2240.63303266304
2680.83950183424
2838.04563673088
2880.48702439424
2996.45331273728
3194.26976072704
3536.45172487168
3311.06076444672
2966.82683268096
2997.30501559296
3024.113716736
3840.93797289984
3985.33441915904
4061.40037346304
4139.44100571136
4159.68521481216
4406.29132075008
4420.92416589824
4143.9027800576
3913.59005180928
3995.11584251904
3408.18707692544
2893.08813852672
5051.46514285568
4777.33038298112
4277.9452762624
4255.07865990144
4629.77495532544
4614.3338146304
4572.3397224448
4545.38107749376
4559.6719080448
3692.35781818368
3698.05258233856
3663.49583673344
3683.40568275968
2807.41582979072
3060.74601957376
3993.72880502784
4012.99926121472
5230.84601550848
5231.2770960896
5260.14314146816
1782.64380284928
1568.79521594368
1818.25554422784
1757.97615094784
1608.80619961344
1624.34742856704
1878.68804150272
2498.42308634624
2895.13828173824
2980.631186688
2038.83606779904
2084.50663087104
2142.13758166016
2236.3512922624
1733.5797237248
2137.76340425728
2325.13998670848
2396.63596726272
2403.63965217792
4233.54299159552
4772.442807552
4605.600435968
4300.67773133824
4292.4878827008
4557.24635897856
4571.61166451712
4161.29441287168
3866.2882622976
3765.57394929664
3433.12752073728
3373.7809557504
3356.08466833408
3445.56721760256
3634.11823589376
3697.50471110656
4455.49852291072
4430.59434862592
3872.81037241344
3924.93176470528
3366.10717193216
3860.84931147776
3488.78928406528
3171.1232
3109.22329824256
3137.57446009856
3550.82068619264
3750.054747392
3446.49509718016
3428.42738650112
3207.77264761856
3190.34884317184
3265.95694460928
3233.06633070592
3361.792
3406.49785806848
3586.7685925888
3368.84469704704
2866.33537030144
2879.82933332992
2885.68490037248
2519.85269840896
2465.03520259072
2458.21178870784
1731.43564663808
1957.04055172096
1989.67456234496
1971.6382463488
2683.13373451264
2561.44978694144
2070.78077582336
1958.83619918848
2133.23782032384
2247.95460652032
2545.41974311936
1832.41076363264
2080.51038993408
2279.57055413248
2665.26208912384
2387.20129511424
2069.11128315904
2015.25547278336
2691.79667692544
2486.15377928192
2512.896
2912.09026589696
2713.9427982848
2572.68700151808
2739.02479087616
2690.69552941056
2628.20862107648
2451.90244982784
2279.24055213056
2077.91703964672
1931.76120230912
1846.31641140224
1824.1016650752
1903.52185572352
1731.24937591808
1482.53777405952
1514.33640045568
1587.88660134912
1756.12648727552
1673.7928584192
1868.26752
1705.49430044672
1668.324495872
1223.19494736896
885.47942757376
864.515746341888
994.49904761856
1124.28593548288
837.034587139072
642.942652632064
759.28486956544
843.09418773504
520.60453054464
7006.0966704639995
3871.28496551936
6837.2632835584
6472.976803072001
6508.524212582401
9731.876872448
8792.9610046976
6820.588438528001
4169.11672096768
5875.4506824704
8384.653852825599
7533.447673856
8371.3765517312
9256.5942857216
8641.1116905984
10015.8182965248
9966.7543905792
6224.8997786111995
6458.6505447936
7551.3259383808
7598.290345472
6312.932620339199
6775.2874189824
7829.6416806912
9763.657577216
13041.355698944
12443.887285248
12562.0992717312
13211.9405714432
15328.1508745216
16097.3796593664
12132.48
12000.096564992
12203.537655193599
10961.05154432
11644.4397350912
11510.9726316032
9841.0253763584
10430.8890566144
11363.7206616576
11476.382431948801
10356.95686272
12772.4028368896
10485.231862476801
10084.1196028416
11809.996799999999
11531.670252595199
12369.418741248
13029.032670566401
8652.5978164736
6561.742650624
10149.245490176001
7417.0368
4801.1724661248
4352.85054283776
7717.0399252992
10061.1413333504
13244.2807547392
13268.945454540799
11932.096318412801
10239.6438260736
10638.350422528
12684.4928
12480.685070438401
11482.8756013568
12838.822148249601
11170.8720397824
12437.012850688
12876.351705088
8441.5069673984
4307.55205828608
7063.1981840896005
8483.4591735296
10371.018457497601
11061.6026815488
11597.934371276799
11809.953684224
10597.09968256
10426.9682758656
9974.752653056
10275.1275080704
15178.9093812224
12049.6274285568
9520.653264230401
10289.4021373952
10159.5118102528
11136.966037760001
12502.849979391998
14877.881996032
16088.0619960832
7395.402926848
21301.007058841602
21560.910769254402
17977.3705399808
21909.2591304192
20048.5546666496
19172.3140740608
18368.6981818368
16973.7454196736
16065.3631169024
15390.025382912
15347.9635087872
15578.133787238401
15323.843411507201
15266.4126060544
12021.837870745601
10590.572431052798
11203.1651633152
13404.1975091712
14190.228183654399
14402.4351219712
14982.2665636864
15971.348803635201
17682.2586243584
16555.3038222336
14834.134163404799
14986.5250779648
15120.568583679998
19204.6898644992
19926.6720957952
20307.0018673152
20697.2050285568
20798.4260740608
22031.456603750397
22104.6208294912
20719.513900288
19567.9502590464
19975.5792125952
17040.9353846272
14465.4406926336
25257.3257142784
23886.6519149056
21389.726381311997
21275.3932995072
23148.8747766272
23071.669073152003
22861.698612223998
22726.9053874688
22798.359540224003
18461.7890909184
18490.2629116928
18317.479183667198
18417.0284137984
14037.0791489536
15303.7300978688
19968.644025139198
20064.996306073597
26154.2300775424
26156.385480448
26300.7157073408
8913.2190142464
7843.9760797184
9091.277721139199
8789.8807547392
8044.0309980672
8121.7371428352
9393.440207513599
12492.1154317312
14475.6914086912
14903.15593344
10194.1803389952
10422.533154355202
10710.687908300799
11181.756461312
8667.898618624
10688.817021286399
11625.6999335424
11983.1798363136
12018.198260889601
21167.7149579776
23862.21403776
23028.00217984
21503.3886566912
21462.439413504
22786.231794892803
22858.0583225856
20806.4720643584
19331.441311488
18827.8697464832
17165.637603686402
16868.904778752
16780.4233416704
17227.836088012802
18170.5911794688
18487.5235555328
22277.492614553597
22152.9717431296
19364.0518620672
19624.6588235264
16830.5358596608
19304.2465573888
17443.9464203264
15855.616
15546.116491212799
15687.8723004928
17754.1034309632
18750.27373696
17232.4754859008
17142.1369325056
16038.8632380928
15951.7442158592
16329.7847230464
16165.3316535296
16808.96
17032.4892903424
17933.842962944
16844.2234852352
14331.6768515072
14399.146666649598
14428.4245018624
12599.2634920448
12325.1760129536
12291.0589435392
8657.1782331904
9785.202758604799
9948.3728117248
9858.191231744
13415.668672563199
12807.2489347072
10353.903879116799
9794.180995942399
10666.1891016192
11239.773032601599
12727.098715596801
9162.0538181632
10402.5519496704
11397.8527706624
13326.3104456192
11936.006475571201
10345.5564157952
10076.277363916799
13458.9833846272
12430.7688964096
12564.480000000001
14560.4513294848
13569.713991424
12863.435007590399
13695.123954380799
13453.477647052801
13141.0431053824
12259.5122491392
11396.202760652799
10389.585198233599
9658.806011545601
9231.5820570112
9120.508325375999
9517.6092786176
8656.2468795904
7412.688870297599
7571.6820022783995
7939.433006745599
8780.6324363776
8368.964292096
9341.3376
8527.4715022336
8341.62247936
6115.9747368448
4427.3971378688
4322.57873170944
4972.4952380928
5621.4296774143995
4185.17293569536
3214.71326316032
3796.4243478272
4215.4709386752
2603.0226527232003
