1246.62636977152
925.91557938176
684.57779327488
887.977220338688
1111.60438284288
1152.88047775744
1074.03953211392
1057.33757253632
1177.9998693376
1174.21905411072
1297.725319936
863.628228178944
1016.031370957824
1338.96123984896
1242.28849563648
1433.41507900416
1470.9155899392
1041.32582716416
921.623112225792
1267.13201410048
1064.45637148672
1422.31132529664
1486.24564706304
1768.40305574912
1841.20933482496
1819.26912
1540.92391489536
1811.98765252608
1981.79108571136
2221.10395592704
2375.59175583744
2013.55907941376
1912.03584654336
2031.00483213312
2315.30233155584
2276.12996763648
1982.62644759552
2000.4707322368
1969.00892054528
1747.25415953408
1957.73582662656
1817.47888172032
2134.41042963456
1820.57010945024
1564.20337074176
1760.49641739264
2226.91939168256
2731.778965248
2498.65187290112
2454.65789786112
2397.71854088192
2729.79706288128
2507.53913166848
1963.02785595392
2672.89497188352
2692.16604560384
2728.44510734336
1820.28364343296
1810.33674418176
2168.00122937344
2197.62184759296
1710.81060022272
1551.61991437312
1720.63813592064
1731.35585491968
1147.59451521024
565.93453812224
687.574694183936
1719.48819692544
2125.02288959488
2047.485783552
1908.387107328
1989.98105330688
760.673932886016
919.8731149824
1262.82317196288
1048.89738898432
1040.44251428864
1249.08260241408
1437.53788235776
2022.3021656064
1742.18410080256
1497.84491897856
1849.04259622912
1567.33916278784
1595.640972544
2098.69937777664
2001.28126732288
1263.35913220096
1363.34986401792
1011.40743293952
729.70704282112
332.93759762432
2642.38811428864
3961.96921867264
4021.89850456064
4155.07007357952
4235.72813597696
4251.0821861888
4384.42061771776
4423.42238993408
4129.0096519168
4148.28491784192
4154.2673757184
4163.56707437568
4243.95081879552
4311.87591836672
4365.83951515648
5441.4065724928
5385.83660606464
4920.832
4052.64442819584
4077.9870432256
4932.76292250624
4933.69981457408
4692.15074461696
4516.07366443008
4545.92578064384
4513.71373248512
4481.82389225472
4630.22395517952
4719.23241694208
4758.96189830144
4534.62990290944
4525.19124528128
4060.54841378816
2195.7060465152
2427.65412440064
2513.84011347968
2512.41864662016
2876.76658982912
2772.0312098816
4738.93075862528
4749.29459489792
4743.8891267584
4741.5460250624
4726.68030380032
4630.82057143296
4653.2722111488
4604.71367441408
4570.74935693312
4552.82272463872
4698.77264516096
4712.448
4296.81652747264
4219.2882392064
4395.74196532224
4768.75714487296
4741.89956128768
4879.31829864448
4931.98118788096
4918.82666667008
3697.48917072896
3699.16569726976
2372.58288023552
2281.2151974912
2430.3162416128
3371.93190977536
3356.25909677056
2678.60709634048
2269.64769811456
1896.7419114496
1836.86981818368
2324.48336288768
1683.03804081152
2077.76709010432
2160.08375308288
2147.13280937984
2457.05386667008
1910.71409354752
1817.09388506112
1788.63001058304
1769.9349385728
1855.1817084928
2008.2780564992
2590.85853016064
1992.50682413056
1949.12052892672
2135.42931629056
2346.4210141696
1815.41546667008
2002.66361905152
1839.73497650176
1640.4005925888
1663.87712
1310.8564250624
1554.51110729728
1604.45001143296
1516.45090909184
1765.11599632384
2065.89305263104
1446.9786973184
1714.1206486528
1671.94083018752
1731.35585491968
2309.2412081664
1730.51659344896
1939.03339682816
2143.86316112896
1833.01294149632
1735.66684770304
1854.67422516224
1814.1358939648
1588.35417818112
1358.50900857856
1149.46886646784
1670.98280851456
1360.17102885888
2079.41831518208
1895.8075345408
1944.87865237504
1830.2367268352
1799.41102932992
1801.45694117888
1465.1213913088
1529.65581955072
1659.77982425088
1517.86789486592
1241.26875603968
1279.53302412288
1183.26446829568
1444.1360717824
1069.05111799808
1013.21029336576
889.421661334528
701.965309283328
759.856851376128
1274.69056436224
1409.97048605696
1623.09854170112
1074.59764706304
1160.64201658368
1144.0192
1077.49363718144
1298.432
1400.55076854784
736.815762860032
717.851041354752
1425.25644401664
929.320826143744
1388.05055435776
2666.94641924096
3275.60533332992
2034.67085540352
2387.78420512768
2475.5665454592
1374.6577650688
1396.66698909696
1621.63170709504
1980.80609523712
2801.67788474368
2868.91950891008
2987.008
2974.94828025856
2578.87243011072
2024.45680229376
1775.14190364672
1708.34919865344
1905.65298924544
1937.11118840832
1081.29925453824
1219.46790495232
1638.49766915072
1651.72511526912
1308.02379805696
1309.2573453312
6233.131848857601
4629.5778969088005
3422.8889663744003
4439.88610169344
5558.021914214401
5764.402388787201
5370.1976605696
5286.687862681601
5889.9993466880005
5871.0952705536
6488.62659968
4318.141140894721
5080.15685478912
6694.8061992448
6211.4424781824
7167.0753950208
7354.577949695999
5206.6291358208
4608.1155611289605
6335.6600705024
5322.2818574336
7111.5566264832
7431.2282353152
8842.0152787456
9206.0466741248
9096.3456
7704.6195744768
9059.9382626304
9908.9554285568
11105.519779635199
11877.9587791872
10067.7953970688
9560.1792327168
10155.0241606656
11576.5116577792
11380.6498381824
9913.1322379776
10002.353661183999
9845.0446027264
8736.2707976704
9788.6791331328
9087.3944086016
10672.0521481728
9102.850547251199
7821.016853708799
8802.4820869632
11134.596958412802
13658.89482624
12493.2593645056
12273.2894893056
11988.5927044096
13648.9853144064
12537.6956583424
9815.139279769599
13364.474859417602
13460.8302280192
13642.2255367168
9101.418217164799
9051.6837209088
10840.0061468672
10988.1092379648
8554.0530011136
7758.0995718656
8603.1906796032
8656.7792745984
5737.972576051199
2829.6726906112003
3437.87347091968
8597.4409846272
10625.1144479744
10237.42891776
9541.93553664
9949.9052665344
3803.36966443008
4599.365574912
6314.1158598144
5244.4869449216
5202.2125714432
6245.413012070399
7187.6894117888005
10111.510828032
8710.9205040128
7489.224594892799
9245.2129811456
7836.6958139392
7978.20486272
10493.4968888832
10006.4063366144
6316.7956610047995
6816.749320089601
5057.0371646976
3648.5352141056
1664.6879881216
13211.9405714432
19809.8460933632
20109.4925228032
20775.350367897598
21178.640679884804
21255.410930944
21922.103088588803
22117.111949670398
20645.048259584
20741.4245892096
20771.336878592003
20817.8353718784
21219.7540939776
21559.3795918336
21829.1975757824
27207.032862464
26929.183030323202
24604.160000000003
20263.2221409792
20389.935216128
24663.8146125312
24668.4990728704
23460.7537230848
22580.368322150396
22729.6289032192
22568.5686624256
22409.1194612736
23151.1197758976
23596.1620847104
23794.8094915072
22673.1495145472
22625.9562264064
20302.7420689408
10978.530232575999
12138.2706220032
12569.2005673984
12562.0932331008
14383.8329491456
13860.156049407999
23694.6537931264
23746.472974489603
23719.445633792002
23707.730125312002
23633.4015190016
23154.1028571648
23266.361055744
23023.5683720704
22853.7467846656
22764.113623193596
23493.8632258048
23562.24
21484.0826373632
21096.441196032
21978.709826611197
23843.785724364803
23709.497806438398
24396.5914932224
24659.905939404798
24594.1333333504
18487.4458536448
18495.8284863488
11862.9144011776
11406.075987455999
12151.581208063999
16859.6595488768
16781.295483852802
13393.0354817024
11348.238490572801
9483.709557248
9184.3490909184
11622.4168144384
8415.1902040576
10388.8354505216
10800.418765414399
10735.664046899201
12285.2693333504
9553.5704677376
9085.4694253056
8943.1500529152
8849.674692864
9275.908542464
10041.390282495999
12954.2926508032
9962.534120652801
9745.6026446336
10677.1465814528
11732.105070848
9077.0773333504
10013.3180952576
9198.6748825088
8202.002962944
8319.385600000001
6554.282125312
7772.555536486399
8022.250057164801
7582.2545454592
8825.5799816192
10329.4652631552
7234.893486592
8570.603243263999
8359.7041509376
8656.7792745984
11546.206040832001
8652.5829672448
9695.1669841408
10719.315805644801
9165.0647074816
8678.334238515201
9273.3711258112
9070.679469824001
7941.7708909056
6792.5450428928
5747.344332339199
8354.9140425728
6800.8551442944
10397.0915759104
9479.037672704
9724.3932618752
9151.183634175999
8997.0551466496
9007.2847058944
7325.606956543999
7648.279097753601
8298.8991212544
7589.3394743296
6206.3437801984
6397.665120614401
5916.3223414784
7220.680358912
5345.2555899904
5066.0514668288
4447.1083066726405
3509.8265464166398
3799.28425688064
6373.452821811199
7049.8524302848
8115.4927085056
5372.988235315201
5803.2100829184
5720.096
5387.4681859072
6492.16
7002.753842739201
3684.07881430016
3589.25520677376
7126.2822200832
4646.60413071872
6940.2527717888
13334.7320962048
16378.0266666496
10173.354277017599
11938.9210256384
12377.832727296
6873.288825344
6983.334945484799
8108.1585354752
9904.0304761856
14008.3894237184
14344.5975445504
14935.039999999999
14874.741401292798
12894.3621505536
10122.284011468799
8875.7095182336
8541.745993267199
9528.2649462272
9685.5559420416
5406.4962726912
6097.3395247616
8192.4883457536
8258.6255763456
6540.1189902848
6546.286726656
