1292.19495770112
983.183483305984
1197.6382745088
1228.20585494528
1669.472753408
1592.48894275584
1584.47416124416
1798.24565255168
1830.17972780032
1663.8881344512
1498.53388007424
1456.05917960192
1430.60845714432
1537.536
1700.0448
1098.62089965568
1299.93736752128
1471.710220288
1295.14437356544
1501.85145403392
1467.586827776
1452.94572307456
1727.60177777664
1532.13132168192
1691.56372016128
2100.16637229056
1555.82006445056
1128.21872704512
1481.05383629824
1665.82796694528
1995.78372247552
1950.33901413376
1683.79733332992
1724.25136175104
2208.98742856704
2720.7897872384
2187.0848
1921.71204199424
1560.66939413504
1705.8406862336
2118.42101172224
2507.79727002624
2046.48727272448
1978.02482161664
2069.66646870016
2274.79874157568
2233.32779280384
2121.5314902528
2156.09476128768
2292.27283692544
2611.21402739712
2352.77963636736
2057.28028028928
2260.456318976
1943.21415474176
2084.47661034496
2333.018280192
2009.1502826496
1979.09694915584
1895.9299288576
2962.41267924992
2496.93514049536
2265.088
2215.3216
2288.7101369856
3143.13386667008
2443.91322993664
2290.4832
2200.13253542912
2334.94716118016
2157.21421208576
2429.98531887104
2550.30698136576
1604.41438220288
1566.7868486656
1660.7545894912
2016.98085393408
1867.46092307456
1816.56318398464
1820.76975087616
1591.48591478784
1375.15978300416
1163.41230345216
1570.50092307456
1631.36058093568
1716.8288945152
1698.58762590208
1682.0755173376
2020.00511652864
1995.38827184128
1777.06385347584
1387.42191570944
710.724158478336
1746.80431479808
2280.79416124416
1874.22749008896
2123.70248205312
2020.5568
2036.84945036288
2442.66028773376
1789.62890585088
736.702248421376
854.343393231872
2027.32935401472
2372.644973312
1788.82226874368
1366.41500403712
1423.64332015616
1493.61057958912
1748.90635177984
1812.27572378624
2316.6609193984
1651.18028471296
1628.2323410432
1825.952627456
1595.13492886528
1710.02535196672
1922.56069850112
1944.17848010752
1597.9612196864
1723.66001251328
1222.61970632704
1414.50252896256
2057.5633480192
1903.45346031616
1708.67091656704
1460.9726885888
1528.25214457856
1846.10133332992
1861.56924790784
1739.0289836032
1705.8653599232
1435.2897336832
1911.63168985088
2131.74764557312
2184.61531639808
2353.41015126016
2503.65502439424
2808.43508672512
2885.28507104256
2880.0818438656
3125.81858706432
3416.37840512
2658.304
2432.41246656512
2737.08137930752
2551.89046979584
2458.21178870784
2583.46021792768
2490.368
2355.36004630528
2390.9233417728
2354.90572427264
1882.27749494784
2192.26658132992
2788.1519080448
3121.69931034624
3573.44178486272
3634.7260087296
3112.97581467648
2940.45468444672
1744.896
1672.4966800896
1644.14676887552
2044.68257851392
1998.08
1758.46014070784
1931.85300263936
1931.9576774144
1486.11096165376
2295.27648638976
2418.10494992384
2536.49126760448
2881.37474016256
2821.15250793472
2806.33587326976
2220.54766237696
2382.25842423808
2641.85524110336
2704.13311071232
2580.28594246656
2344.58179790848
1675.66824256512
1109.00321753088
1264.10417473536
615.868089418752
3024.64374112256
2630.24592037888
1164.7553117184
1232.2935696896
1315.70842458112
1509.13662338048
1749.58521378816
2301.63283117056
2328.58313588736
1935.33898289152
2055.23595423744
2086.20860721152
1199.21387124736
1613.490433536
1311.981181696
1283.18812370944
1162.0738415104
1269.4126592
1126.61557895168
826.391483732992
1094.58107317248
589.507532008448
668.55549700608
881.149980845056
1403.32128177152
1397.91058823168
1117.184
864.190984127488
804.723391044608
895.244110011392
716.008127369216
395.041188273152
631.144697713664
641.513825985536
828.824200455168
574.789079364608
502.483970868224
674.789019862016
706.62641191936
743.791235525632
653.189249211392
487.834268189696
945.631508349952
1025.3677584384
793.819593679872
800.763313501184
1061.11925796864
810.246060879872
1203.32392356864
1070.86989331456
1129.84983957504
1103.16006125568
1062.21942524928
1391.25329158144
1037.48141727744
541.389192884224
426.48026039808
850.368162849792
610.146332514304
447.85579794432
909.93235429376
1166.58691390464
1054.5432380928
1425.16241542144
1334.13232607232
1406.6061669888
1187.22516702208
1279.63528767488
1183.64039974912
1042.8567143936
707.562416862208
727.947936872448
749.368828752896
1065.8745773568
1032.13903816704
938.983912179712
845.066822444032
674.10574668288
1629.0985634816
1433.2400484864
6460.9747885056
4915.91741652992
5988.191372543999
6141.029274726399
8347.36376704
7962.4447137792
7922.370806220801
8991.228262758399
9150.8986390016
8319.440672256
7492.6694003712
7280.2958980096
7153.0422857216
7687.68
8500.224
5493.1044982784
6499.6868376064
7358.55110144
6475.7218678272
7509.2572701696
7337.93413888
7264.7286153728
8638.0088888832
7660.6566084096
8457.8186008064
10500.8318614528
7779.1003222528
5641.093635225599
7405.2691814912
8329.1398347264
9978.9186123776
9751.6950706688
8418.9866666496
8621.256808755199
11044.937142835199
13603.948936192
10935.424
9608.5602099712
7803.3469706752
8529.203431168
10592.1050586112
12538.9863501312
10232.436363622399
9890.1241080832
10348.332343500799
11373.9937078784
11166.638964019201
10607.657451264
10780.4738064384
11461.3641846272
13056.0701369856
11763.898181836801
10286.401401446401
11302.281594880002
9716.0707737088
10422.3830517248
11665.09140096
10045.751413248001
9895.4847457792
9479.649644288
14812.0633962496
12484.6757024768
11325.44
11076.608
11443.550684928
15715.669333350399
12219.5661496832
11452.416000000001
11000.6626771456
11674.7358059008
10786.071060428802
12149.9265943552
12751.5349068288
8022.0719110144
7833.934243328
8303.772947456
10084.9042696704
9337.3046153728
9082.8159199232
9103.8487543808
7957.4295739392
6875.7989150208
5817.0615172607995
7852.5046153728
8156.8029046783995
8584.144472576001
8492.9381295104
8410.377586688
10100.0255826432
9976.9413592064
8885.3192673792
6937.109578547201
3553.62079239168
8734.0215739904
11403.970806220801
9371.1374504448
10618.512410265601
10102.784
10184.247251814399
12213.301438668801
8948.144529254401
3683.5112421068798
4271.71696615936
10136.6467700736
11863.224866559998
8944.1113437184
6832.075020185601
7118.216600780799
7468.0528979456
8744.5317588992
9061.3786189312
11583.304596992
8255.9014235648
8141.161705216
9129.76313728
7975.6746443264
8550.1267598336
9612.8034925056
9720.8924005376
7989.806098432
8618.300062566399
6113.0985316352
7072.5126448128
10287.816740096001
9517.2673015808
8543.3545828352
7304.863442944001
7641.260722892801
9230.5066666496
9307.8462395392
8695.144918016
8529.326799616
7176.448668416
9558.1584492544
10658.738227865599
10923.076581990399
11767.0507563008
12518.2751219712
14042.1754336256
14426.4253552128
14400.409219328001
15629.092935321602
17081.8920256
13291.52
12162.0623328256
13685.4068965376
12759.4523489792
12291.0589435392
12917.3010896384
12451.84
11776.800231526398
11954.616708864
11774.528621363199
9411.3874747392
10961.3329066496
13940.759540224
15608.496551731201
17867.2089243136
18173.630043648
15564.879073382399
14702.2734222336
8724.48
8362.483400448
8220.733844377599
10223.412892569599
9990.4
8792.3007035392
9659.2650131968
9659.788387072
7430.554808268799
11476.382431948801
12090.5247496192
12682.4563380224
14406.873700812801
14105.762539673598
14031.6793663488
11102.738311884801
11911.2921211904
13209.2762055168
13520.665553561601
12901.4297123328
11722.9089895424
8378.3412128256
5545.0160876544
6320.5208736768
3079.34044709376
15123.2187056128
13151.2296018944
5823.776558592
6161.467848448
6578.5421229056
7545.6831169024
8747.9260689408
11508.1641558528
11642.915679436801
9676.6949144576
10276.1797711872
10431.0430360576
5996.0693562368
8067.45216768
6559.90590848
6415.940618547201
5810.369207551999
6347.063296
5633.077894758399
4131.95741866496
5472.9053658624
2947.53766004224
3342.7774850304004
4405.74990422528
7016.6064088576
6989.5529411584
5585.92
4320.95492063744
4023.61695522304
4476.22055005696
3580.04063684608
1975.2059413657598
3155.7234885683197
3207.5691299276796
4144.1210022758405
2873.94539682304
2512.41985434112
3373.94509931008
3533.1320595968
3718.9561776281603
3265.9462460569603
2439.17134094848
4728.15754174976
5126.838792192
3969.09796839936
4003.81656750592
5305.596289843201
4051.2303043993597
6016.6196178432
5354.349466572799
5649.2491978752005
5515.800306278399
5311.0971262464
6956.2664579072
5187.4070863872
2706.94596442112
2132.4013019904
4251.840814248961
3050.7316625715202
2239.2789897216
4549.6617714688
5832.9345695232
5272.716190464
7125.812077107201
6670.6616303616
7033.030834944
5936.125835110401
6398.176438374399
5918.2019987456
5214.283571968
3537.81208431104
3639.73968436224
3746.8441437644797
5329.372886784
5160.6951908352
4694.91956089856
4225.33411222016
3370.5287334143995
8145.492817408
7166.200242432
