521.138014299136
578.225112445952
557.089771495424
432.85287171584
759.900229487616
436.884863435776
366.756541792256
397.915776065536
426.682197622784
706.47331216896
703.555009210368
690.525923178496
886.8755307264
1068.81709065216
1269.57504421888
1172.23992344576
1148.38055803904
1187.12895113216
1362.7918037504
528.903815089152
702.196785680384
1111.69704935424
1208.81669102592
1202.04853111808
1050.27387354112
908.681502183424
1099.94643383296
897.696477612032
927.831181478912
646.99785028096
597.808432432128
535.1811322624
570.648405679104
573.191757576192
334.40159305728
719.767907861504
1017.760840403968
1213.72105950208
1105.46459123712
657.565969876992
653.163037929472
525.83611834368
462.080083469312
288.131207721984
532.378293453824
770.477666859008
471.064604489728
624.467236690944
871.061457605632
925.30334340096
946.132251000832
1091.9620147712
797.775073358848
733.200582995968
666.932902612992
794.331428571136
853.885664441344
944.566074866688
1031.15751535616
1405.48396676096
1384.576
1377.94507216896
2605.69007149568
2891.1255622297604
2785.44885747712
2164.2643585792002
3799.50114743808
2184.4243171788803
1833.78270896128
1989.57888032768
2133.4109881139198
3532.3665608448
3517.77504605184
3452.6296158924797
4434.377653632
5344.0854532608
6347.8752210944
5861.1996172288
5741.9027901951995
5935.6447556608
6813.959018752001
2644.51907544576
3510.98392840192
5558.485246771201
6044.083455129599
6010.2426555904
5251.369367705601
4543.40751091712
5499.7321691648
4488.48238806016
4639.15590739456
3234.9892514048
2989.04216216064
2675.9056613119997
2853.2420283955203
2865.95878788096
1672.0079652864001
3598.8395393075198
5088.80420201984
6068.605297510399
5527.3229561856
3287.8298493849597
3265.81518964736
2629.1805917184
2310.40041734656
1440.6560386099202
2661.89146726912
3852.38833429504
2355.32302244864
3122.33618345472
4355.30728802816
4626.5167170048
4730.66125500416
5459.810073856001
3988.87536679424
3666.00291497984
3334.6645130649604
3971.65714285568
4269.428322206721
4722.83037433344
5155.7875767808
7027.419833804799
6922.88
6889.7253608448
