705.805289218048
591.853780559872
570.8369345792
870.457420560384
756.890175281152
692.74143683584
813.52449673216
402.022934725632
876.666201105408
852.082573426688
694.21327598592
946.2191807232
1202.91401801728
1302.90303770624
1506.78344508416
1048.72482245632
1020.75618791936
1072.78082034688
948.37991225856
1195.48707760128
1116.29203841024
1020.988886486016
1082.83611428864
1124.25624132608
1145.78392752128
849.62947810816
902.472573208576
1062.71787677696
936.279253093376
1000.94442706432
803.402919246848
1170.93869179904
962.789460399104
1022.101348736
1373.39107375104
1142.68750609408
810.031407407104
958.340691099648
1097.233978624
1237.81723833344
1179.75498507264
1067.75449147392
1047.04
1046.27474482176
1212.15759931392
1367.95329729536
1158.3304596992
855.538998791168
1097.51950082048
878.006684737536
879.440018454528
620.179701382144
396.521382105088
966.784523874304
648.685037036544
821.9741183488
768.188945916928
389.429614424064
428.501724770304
619.328950290432
810.711903613952
1178.35082683392
1433.27602259968
1508.30406808576
1452.8333913088
986.66401275904
806.590132016128
793.240935064576
354.815024761856
383.399121229824
428.8025530368
490.250867395584
515.396766527488
480.110688048128
933.424575132672
1034.36851268608
1050.6513979904
1206.53725300736
941.877990915072
1110.82472727552
1134.94705987584
1533.19225806848
1113.49692408832
1224.99072
731.566719131648
1202.03381979136
1284.91798639616
1397.20788939776
1209.05415734272
1284.5312
1287.97813805056
1463.09947474944
1507.4519126016
1509.2515974656
1229.99349504
960.932903412736
849.190671223808
780.789572845568
978.307096060928
938.669996747776
960.825355191296
1019.471428987904
809.47737755648
717.253748502528
648.102421955584
829.30973377024
899.550484299776
819.99262379008
608.11731117568
573.330993548288
978.729016574976
1234.8152871936
1269.11345650688
1256.37100751872
1220.29266502656
1418.55720185856
1621.4336771072
1646.30489719808
1146.68779287552
840.341979797504
812.679425762304
709.155336269824
618.455400881152
816.550489510912
829.16209507328
938.917506976768
1018.641780174848
1317.86938181632
1547.82295196672
1565.1132552704
1075.5971406848
1035.31770835968
1183.45741227008
928.29512292352
804.817510155264
768.11890540032
874.491203746816
1072.9950104576
992.348858036224
797.192503271424
1163.27630029824
1454.37392592896
1484.96892678144
1774.36917359616
1515.54381394944
1356.84376068096
1429.44240601088
1303.92103574528
709.111849493504
786.527603209216
862.96595546112
1016.592809473024
864.416570206208
946.516683174912
614.654181682176
508.708596994048
548.246964420608
909.669257606144
765.733446181888
867.41337923584
773.351611922432
829.903775551488
441.586542232576
642.8748265216
780.81431199232
1029.00389173248
964.668691936256
620.484989830144
772.783070967808
1068.10943321088
852.221929919488
648.352650556416
735.064816326656
765.95414338048
584.406438141952
818.717282495488
855.1861245184
641.169689170944
635.04928836096
3529.02644609024
2959.26890279936
2854.184672896
4352.28710280192
3784.45087640576
3463.7071841792
4067.6224836608
2010.11467362816
4383.33100552704
4260.41286713344
3471.0663799296
4731.095903616
6014.570090086399
6514.5151885312
7533.9172254208
5243.6241122816
5103.7809395968
5363.904101734401
4741.8995612928
5977.435388006399
5581.4601920512
5104.94443243008
5414.180571443199
5621.2812066304
5728.9196376064
4248.1473905408
4512.36286604288
5313.589383884801
4681.39626546688
5004.7221353216
4017.01459623424
5854.6934589952
4813.94730199552
5110.50674368
6866.9553687552
5713.4375304704
4050.15703703552
4791.70345549824
5486.16989312
6189.0861916672
5898.7749253632
5338.7724573696005
5235.2
5231.373724108799
6060.787996569599
6839.7664864768
5791.652298496
4277.69499395584
5487.5975041024
4390.033423687681
4397.20009227264
3100.8985069107202
1982.6069105254398
4833.92261937152
3243.4251851827203
4109.870591744
3840.94472958464
1947.1480721203202
2142.50862385152
3096.6447514521597
4053.55951806976
5891.754134169601
7166.380112998399
7541.5203404288
7264.166956544
4933.3200637952
4032.95066008064
3966.2046753228797
1774.07512380928
1916.99560614912
2144.0127651840003
2451.25433697792
2576.98383263744
2400.55344024064
4667.12287566336
5171.8425634304
5253.256989952
6032.6862650368
4709.38995457536
5554.1236363776
5674.7352993792
7665.9612903424
5567.4846204416
6124.9536
3657.83359565824
6010.1690989568
6424.5899319807995
6986.0394469888
6045.2707867136
6422.655999999999
6439.8906902528
7315.497373747201
7537.259563008
7546.257987328
6149.9674752
4804.66451706368
4245.95335611904
3903.94786422784
4891.535480304639
4693.34998373888
4804.12677595648
5097.35714493952
4047.3868877823998
3586.2687425126396
3240.5121097779197
4146.5486688512
4497.75242149888
4099.9631189504
3040.5865558784
2866.65496774144
4893.64508287488
6174.076435968
6345.567282534401
6281.8550375936
6101.4633251328
7092.7860092927995
8107.168385536001
8231.5244859904
5733.4389643776
4201.70989898752
4063.3971288115204
3545.7766813491203
3092.2770044057597
4082.75244755456
4145.8104753664
4694.58753488384
5093.2089008742405
6589.3469090816
7739.1147598336
7825.566276352
5377.985703424
5176.5885417984
5917.2870613504
4641.4756146176005
4024.0875507763203
3840.5945270016
4372.45601873408
5364.975052288
4961.74429018112
3985.96251635712
5816.3815014912
7271.8696296448
7424.8446339072
8871.845867980799
7577.7190697472
6784.2188034048
7147.212030054399
6519.6051787264005
3545.55924746752
3932.63801604608
4314.8297773056
5082.96404736512
4322.08285103104
4732.58341587456
3073.27090841088
2543.54298497024
2741.23482210304
4548.34628803072
3828.66723090944
4337.0668961792
3866.7580596121597
4149.51887775744
2207.93271116288
3214.374132608
3904.0715599615996
5145.0194586624
4823.34345968128
3102.42494915072
3863.9153548390404
5340.547166054401
4261.10964959744
3241.76325278208
3675.32408163328
3829.7707169023997
2922.03219070976
4093.58641247744
4275.930622592
3205.84844585472
3175.2464418048
