430.30604148736
457.560314409984
551.479538272256
500.894059835392
382.851412166656
297.105227206656
534.985105866752
424.670644503552
409.807995767808
586.638222222336
362.015696339968
271.44828576768
332.845545009152
248.29047116288
352.965124158464
411.701730323456
894.153810219008
820.646380517376
462.899258248192
420.300275922944
419.9364432128
443.679695238144
537.847542034432
793.574316249088
906.425832290304
1001.042285714432
936.279253093376
969.063384614912
985.26031868928
806.207626216448
880.054168334336
814.505390103552
528.485243821056
987.814831460352
800.763313501184
709.125702663168
431.644598198272
410.253758957568
882.552228890624
730.13190496768
719.284593110016
1026.46449369088
1152.23732900864
1084.31493190656
850.9664561408
1082.67903901696
443.08211866112
423.891136273408
860.580695259136
659.054824681472
732.832549141504
668.540618867712
841.404359038976
1081.09218574336
785.259811382272
941.420794635264
1304.65608938496
1227.56307613696
1403.24811121664
1229.1666070016
1453.81006303232
1363.27483076608
1377.94507216896
2151.5302074368
2287.80157204992
2757.39769136128
2504.47029917696
1914.25706083328
1485.5261360332802
2674.9255293337596
2123.35322251776
2049.03997883904
2933.19111111168
1810.0784816998398
1357.2414288383998
1664.2277250457598
1241.4523558144
1764.82562079232
2058.50865161728
4470.769051095041
4103.23190258688
2314.49629124096
2101.50137961472
2099.682216064
2218.39847619072
2689.23771017216
3967.87158124544
4532.12916145152
5005.21142857216
4681.39626546688
4845.31692307456
4926.3015934464
4031.0381310822404
4400.2708416716805
4072.5269505177603
2642.42621910528
4939.07415730176
4003.81656750592
3545.62851331584
2158.22299099136
2051.26879478784
4412.761144453119
3650.6595248384
3596.42296555008
5132.3224684544
5761.1866450432
5421.5746595328
4254.832280704
5413.3951950847995
2215.4105933056
2119.45568136704
4302.90347629568
3295.27412340736
3664.16274570752
3342.7030943385603
4207.02179519488
5405.4609287168005
3926.29905691136
4707.103973176319
6523.2804469248
6137.8153806848
7016.240556083199
6145.833035008
7269.050315161599
6816.3741538304
6889.7253608448
