1369.4263110144
1437.0209792
1257.93127689216
1153.82036614144
1541.49257665536
1351.34061714432
1352.9266086912
1061.8950620672
890.940945536
900.523879477248
802.425702745088
566.02660900864
1127.57316818944
1547.37098507264
1395.2196396032
1184.70686567424
1412.18822656
1502.84885523456
924.521298113536
1217.07600903168
1630.81542284288
753.121786284032
915.302979622912
898.591787824128
1083.84966117376
1624.34742856704
1886.02666667008
1849.34822267904
1926.74133332992
2038.58593173504
2151.552208128
2060.308378112
1823.42930732032
1947.19445392384
2094.13076662272
2404.52704273408
1930.66796137472
1728.86018417664
1785.56088446976
2146.83927272448
2238.40237876224
2305.94182810624
2206.32012251136
2079.17381818368
1781.78053133312
1606.80228571136
1411.0571054592
1433.69959878656
1677.2631769088
1506.549387264
1487.75511414784
1454.9080562176
1460.34921450496
1588.90819730432
846.756804071424
1169.01693918208
1293.57531428864
827.036088365056
548.200563380224
1015.175178835968
769.227462166528
724.878003838976
1378.74921739264
1347.72416730112
1150.26395869184
1435.94948222976
1908.90140701696
2339.21688510464
1766.59746258944
1585.01707293696
1639.40802772992
1707.65736585216
1793.01058514944
1842.9335934976
1883.49762663424
1331.17184879616
1576.6362258432
1674.27531034624
1791.8938074112
1909.69623443456
1414.260311808
1408.26548148224
1431.13284411392
1633.32096
2085.74341198848
1493.16861650944
1571.4055241216
1994.69810526208
1663.79885714432
1695.05148041216
1865.91704614912
1857.01087179776
2020.12136936448
2086.09587970048
1637.07763654656
1540.4011734528
1541.39696277504
1460.168
866.346614443008
1087.84305527808
1361.71182962688
1092.6887369216
1203.24122925056
989.247427391488
917.096388349952
945.214756353024
622.332606774272
2166.50682706944
2751.38790977536
1354.1532038144
1730.4024615424
1665.4107467776
1463.35212409856
1685.72352080896
1561.82111529984
1717.28490090496
1863.97500276736
2208.83541065728
1872.26699075584
1643.33542716416
2445.2514082816
2072.68147639296
1714.6794015232
1810.33674418176
1875.543585536
1203.63786031104
1833.30796116992
1501.1234082816
696.368282907648
839.577085426688
620.809176298496
709.71008455168
355.80321553408
1095.75228235776
624.601071858688
1253.72886944768
2097.79631460352
1666.84475236352
1907.1704615424
1962.85192564736
1750.82941468672
1774.82919774208
1942.15936
2185.8945542144
2088.17251802112
2078.56916530176
2074.93413369856
1666.12132345856
1528.05495218176
1648.82162691072
930.56248827904
1855.43166994432
631.98355810304
983.353414248448
882.081510729728
544.895281168384
644.910276045824
2135.5568761856
1763.45816948736
1276.73909105664
1324.52913714176
1611.36958754816
1552.66046937088
1454.8924645376
1081.05252434944
1040.42035503104
2384.55582964736
1437.04080078848
1328.44409612288
1163.49103002624
1328.46359663616
1391.15667489792
1382.6555086336
1515.25710972928
1599.39354780672
1726.1871084032
1574.20163894272
1426.47329032192
1512.19315836928
1848.60712654848
1832.87138461696
1684.3428685824
1650.16041218048
2010.36327943168
1665.9595694592
1641.49945580544
1826.99161664512
1878.1187424768
1883.33419355136
1726.9856777728
1859.30374736896
1607.06995744768
1265.28606483456
1230.73422222336
1543.4257736704
1214.95510951936
1062.885339648
1365.75395776512
1404.1046834176
1280.6696882176
1138.31339590656
1682.01686486016
1589.41712516096
1549.576
1903.872
1590.8460287488
1646.89262385152
1628.33482927104
1445.6513784832
1260.30718452736
1309.28428865536
1420.09964519424
1535.33364277248
1695.4888858112
1806.24680736768
1450.58270231552
1788.66424242176
1762.75646512128
1701.78513242112
1385.17265038336
1008.60380873216
917.914119138304
1173.99723559936
655.911943262208
586.798206695424
446.274741315584
450.785904208896
1112.50895238144
1196.62753000448
596.776755341312
755.856163352576
1190.250231296
1299.32970363904
1319.90496969728
1234.783372544
1521.89812755456
1471.06645778432
1723.35770335232
1722.04513882112
1553.94629945344
1872.12630912
1668.99227527168
1715.2260654592
1954.3549005824
887.419502084096
1463.4827178496
1311.68611306496
1260.49820393472
1286.12169873408
1052.25430513664
1451.26422475776
1374.57718406144
1746.6796391936
1817.38085603328
1745.8426642432
1909.5552
2058.10049046528
658.934690909184
895.079434343424
2273.14068027392
1454.40641645568
1984.8356066304
2344.20455437312
2312.41516137472
1679.88093765632
6847.131555072
7185.104896000001
6289.6563844608
5769.1018307072
7707.462883276799
6756.7030857216005
6764.633043456
5309.475310336
4454.704727679999
4502.61939738624
4012.12851372544
2830.1330450431997
5637.865840947199
7736.8549253632
6976.0981980159995
5923.534328371199
7060.9411328
7514.2442761728
4622.606490567679
6085.3800451584
8154.0771142144
3765.6089314201604
4576.514898114559
4492.95893912064
5419.2483058688
8121.7371428352
9430.1333333504
9246.7411133952
9633.7066666496
10192.9296586752
10757.76104064
10301.54189056
9117.1465366016
9735.9722696192
10470.6538331136
12022.6352136704
9653.3398068736
8644.300920883199
8927.8044223488
10734.196363622399
11192.0118938112
11529.709140531198
11031.600612556798
10395.8690909184
8908.9026566656
8034.0114285568
7055.2855272960005
7168.4979939328005
8386.315884544
7532.74693632
7438.7755707392
7274.5402810880005
7301.7460725248
7944.540986521601
4233.7840203571195
5845.0846959104
6467.876571443199
4135.18044182528
2741.0028169011202
5075.8758941798405
3846.1373108326397
3624.39001919488
6893.7460869632005
6738.620836505599
5751.319793459199
7179.7474111488
9544.5070350848
11696.0844255232
8832.9873129472
7925.0853646848
8197.0401386496
8538.2868292608
8965.0529257472
9214.667967488
9417.4881331712
6655.8592439808
7883.181129216
8371.3765517312
8959.469037056
9548.4811721728
7071.301559040001
7041.3274074112
7155.664220569601
8166.6048
10428.7170599424
7465.8430825472
7857.027620608
9973.4905263104
8318.9942857216
8475.257402060799
9329.5852307456
9285.0543589888
10100.6068468224
10430.4793985024
8185.3881827328
7702.005867264001
7706.9848138752
7300.839999999999
4331.73307221504
5439.2152763904005
6808.5591481344
5463.443684608
6016.2061462528
4946.23713695744
4585.48194174976
4726.07378176512
3111.66303387136
10832.5341353472
13756.9395488768
6770.766019072
8652.012307712
8327.053733888
7316.7606204928
8428.6176040448
7809.1055764992
8586.4245045248
9319.8750138368
11044.177053286401
9361.3349537792
8216.677135820799
12226.257041408
10363.4073819648
8573.397007616
9051.6837209088
9377.71792768
6018.1893015552
9166.5398058496
7505.617041408
3481.84141453824
4197.88542713344
3104.04588149248
3548.5504227583997
1779.0160776704
5478.7614117888
3123.00535929344
6268.6443472384
10488.9815730176
8334.2237618176
9535.852307712
9814.2596282368
8754.1470734336
8874.1459887104
9710.7968
10929.472771072
10440.8625901056
10392.845826508801
10374.6706684928
8330.6066172928
7640.2747609088
8244.1081345536
4652.8124413952
9277.1583497216
3159.9177905152
4916.76707124224
4410.40755364864
2724.47640584192
3224.5513802291202
10677.784380927998
8817.2908474368
6383.6954552832
6622.6456857088
8056.8479377408
7763.3023468544
7274.462322688
5405.262621747201
5202.101775155199
11922.779148236801
7185.2040039424
6642.2204806144
5817.4551501312
6642.3179831808
6955.783374489601
6913.277543168
7576.2855486464005
7996.9677390336
8630.935542015999
7871.0081947136
7132.3664516096005
7560.9657918464
9243.0356327424
9164.3569230848
8421.714342911999
8250.8020609024
10051.8163971584
8329.797847296
8207.4972790272
9134.9580832256
9390.593712384
9416.6709677568
8634.928388864
9296.5187368448
8035.3497872384005
6326.430324172799
6153.6711111168
7717.128868352001
6074.7755475968
5314.4266982399995
6828.769788825601
7020.523417087999
6403.348441088
5691.566979532799
8410.0843243008
7947.085625804801
7747.88
9519.36
7954.230143744
8234.4631192576
8141.6741463552
7228.2568924160005
6301.5359226368
6546.421443276799
7100.498225971201
7676.6682138624
8477.444429055999
9031.2340368384
7252.9135115776
8943.3212121088
8813.7823256064
8508.9256621056
6925.8632519167995
5043.0190436608
4589.57059569152
5869.9861779968
3279.5597163110397
2933.9910334771203
2231.37370657792
2253.9295210444798
5562.5447619072
5983.1376500224
2983.8837767065597
3779.28081676288
5951.251156480001
6496.648518195199
6599.5248484864
6173.91686272
7609.4906377728
7355.3322889216
8616.7885167616
8610.2256941056
7769.731497267199
9360.631545600001
8344.9613763584
8576.130327296
9771.774502912
4437.09751042048
7317.413589248
6558.430565324799
6302.4910196736
6430.608493670399
5261.2715256832
7256.321123788801
6872.8859203072
8733.398195968
9086.9042801664
8729.213321216
9547.776
10290.5024523264
3294.6734545459203
4475.397171717121
11365.703401369601
7272.032082278401
9924.178033152
11721.0227718656
11562.0758068736
8399.4046882816
