1040.1653400576
497.30792469504
670.794347772928
677.374138181632
720.077237840896
778.550149793792
875.858664582144
987.01784615424
860.035676964864
889.899721348096
780.596489672704
687.782743294976
822.526422998016
565.640679657472
658.266505050112
642.390369246208
641.47056937984
460.44294507008
314.436120641536
217.448950191104
238.679247983616
242.780133676032
268.016894585856
340.823908550656
241.54545849856
406.200194250752
545.973795702784
459.494819672064
482.523046956032
299.948190476288
349.869013220352
349.175365936128
320.311060839424
838.135208998912
2069.11128315904
2853.24202840064
3664.22584293376
3813.39733332992
4178.42009302016
4175.06864088064
3572.59136722944
3543.51228511232
3990.93362880512
3977.54991304704
4723.79024584704
4739.7980468224
4525.25602332672
4198.99556082688
4216.96767192064
3962.70570212352
3971.22133332992
4115.56560244736
4169.34021302272
4049.44603428864
3985.33441915904
3799.97690115072
3307.77249314816
3413.72342856704
3892.224
3915.67568979968
4230.75104191488
4378.68336231424
4450.69922806784
4219.66019047424
4455.35573332992
3928.91733332992
3658.4037148672
3362.17717431296
3582.26707692544
3950.9223225856
4016.72370276352
4227.25747924992
4204.08966552576
4288.55628107776
4269.5997412352
4268.5510523392
4245.1995675648
4284.17505882112
4384.9969305088
4368.83021229056
3802.41245508608
3802.3168
4114.50692682752
4129.18220224512
4100.11157414912
4130.8471878144
4142.1698245632
4442.40457143296
4572.89501840384
4443.78361080832
4268.08004691968
4260.20141176832
4291.54970335232
4268.47310769152
4265.9298201088
4338.37576393728
4343.93689510912
4164.93602228224
4200.62423738368
3927.0887619072
3885.7688397824
3722.69753191424
3688.525380352
3648.16373604352
3668.38555339776
3603.12633618432
3543.51228511232
3505.41858880512
3493.40899283968
3674.05908009984
3914.91606629376
3804.320627456
3723.8460631552
3632.55095652352
3136.79440841728
3373.7809557504
3878.35721037824
3839.88281198592
3958.95562011648
3949.85666468864
3935.6903619072
3947.69578202112
4159.68521481216
4246.0625454592
4189.26001746944
3708.84737007616
3114.73352577024
3451.56266667008
3408.18707692544
3392.40284264448
4070.24529496064
4246.51589598208
4277.9452762624
3926.23183137792
3916.4666046464
4369.23063279616
4445.33028571136
4322.0992
4231.37553067008
4224.057344
4222.02733514752
4174.6813023232
3908.0035902464
3880.83952941056
3662.8599906304
3628.58788571136
3528.83229698048
3532.87505759232
3209.5826724864
3029.01501123584
3369.67658799104
3674.7654474752
3675.0801454592
4106.78726170624
4120.80184461312
3629.46457854976
3612.14084788224
3203.33531428864
3170.86573714432
3083.2150516224
3098.83983137792
3098.16945636352
3243.41004772352
4044.60105143296
3936.01396363264
3294.25836065792
3364.74584614912
4056.35616620544
4048.94792113152
4051.94329222144
4040.5665942528
4413.1993733632
4588.30267515904
4343.4372937728
3761.53667725312
3819.94505660416
4790.62597530624
4813.13436734464
4088.0084158976
3762.56905050112
3419.16814349312
3108.0599353344
2476.69067134976
2235.4985993728
2368.50835587072
2445.2514082816
2281.58165668864
2027.28340794368
2048.53894736896
2182.79987258368
2749.16507393024
2472.41531915264
2451.109719808
2394.94227026944
1136.57034013696
1924.36767346688
1579.83836763136
1294.97283392512
1515.8236817408
1677.78893150208
1684.66328049664
1466.26077487104
2134.83236048896
2110.06093617152
2000.0271515136
1871.35752656896
1789.9986780672
1650.1353985536
1985.54580574208
1926.15913300992
2058.35617504256
2066.47652173824
2029.41093533696
2044.49077051392
2241.84894802944
2358.77361159168
2594.54593406976
2031.45133668352
1958.95371353088
1980.96377831424
2539.99179057152
2347.59883305984
2335.76533332992
2751.57770578944
2833.95689279488
2920.9814746112
3375.99443478528
3421.53783066624
2871.4206247424
2905.7821208064
3481.8027722752
3405.67949391872
3239.700389376
3117.953388288
2986.90681422848
2679.4435254272
2572.68700151808
2697.99071161344
2793.39383205888
2849.4205691392
2361.99936
2223.72896275456
2204.14564486144
2722.5636496896
2759.2173037056
2823.97961481216
2740.91639918592
2576.30163070976
1826.4254020608
2298.96665975808
2358.0455805952
2336.78121290752
2127.11175757824
2123.03127272448
2383.45476769792
2374.90898823168
2281.942235648
2275.24534529024
2201.56183851008
2198.36631578624
2137.647717888
2498.29794714624
2118.36596532224
2174.45005447168
2299.08619795456
2649.68748459008
5200.826700287999
2486.5396234752
3353.9717388646395
3386.87069090816
3600.38618920448
3892.75074896896
4379.29332291072
4935.0892307712
4300.17838482432
4449.49860674048
3902.9824483635202
3438.91371647488
4112.63211499008
2828.20339828736
3291.3325252505597
3211.9518462310402
3207.3528468992
2302.2147253504
1572.18060320768
1087.24475095552
1193.39623991808
1213.90066838016
1340.0844729292799
1704.1195427532798
1207.7272924928
2031.00097125376
2729.8689785139195
2297.47409836032
2412.61523478016
1499.74095238144
1749.3450661017598
1745.87682968064
1601.55530419712
4190.6760449945605
10345.5564157952
14266.2101420032
18321.1292146688
19066.986666649602
20892.100465100797
20875.343204403198
17862.9568361472
17717.561425561602
19954.6681440256
19887.7495652352
23618.9512292352
23698.990234111996
22626.280116633603
20994.9778041344
21084.8383596032
19813.5285106176
19856.1066666496
20577.8280122368
20846.701065113597
20247.2301714432
19926.6720957952
18999.884505753602
16538.8624657408
17068.617142835203
19461.120000000003
19578.378448998403
21153.755209574403
21893.416811571202
22253.496140339197
21098.300952371203
22276.778666649603
19644.5866666496
18292.018574336
16810.8858715648
17911.3353846272
19754.611612927998
20083.6185138176
21136.2873962496
21020.4483276288
21442.7814053888
21347.998706176
21342.755261696002
21225.997837824
21420.8752941056
21924.984652544
21844.151061452798
19012.062275430402
19011.584
20572.5346341376
20645.9110112256
20500.5578707456
20654.235939072
20710.849122816
22212.022857164804
22864.475092019202
22218.918054041602
21340.4002345984
21301.007058841602
21457.7485167616
21342.3655384576
21329.649100544004
21691.878819686397
21719.6844755456
20824.6801114112
21003.1211869184
19635.443809536002
19428.844198912
18613.487659571198
18442.62690176
18240.818680217602
18341.9277669888
18015.6316809216
17717.561425561602
17527.0929440256
17467.0449641984
18370.2954004992
19574.580331468802
19021.60313728
18619.230315776
18162.7547826176
15683.9720420864
16868.904778752
19391.7860518912
19199.4140599296
19794.7781005824
19749.2833234432
19678.451809536
19738.4789101056
20798.4260740608
21230.312727296
20946.300087347197
18544.2368503808
15573.667628851199
17257.8133333504
17040.9353846272
16962.0142132224
20351.2264748032
21232.5794799104
21389.726381311997
19631.1591568896
19582.333023232
21846.153163980798
22226.6514285568
21610.496
21156.8776533504
21120.28672
21110.136675737598
20873.406511615998
19540.017951232
19404.1976470528
18314.299953152
18142.939428556798
17644.1614849024
17664.3752879616
16047.913362432
15145.075056179201
16848.382939955198
18373.827237375997
18375.400727296
20533.9363085312
20604.0092230656
18147.3228927488
18060.7042394112
16016.6765714432
15854.3286857216
15416.075258112
15494.1991568896
15490.847281817601
16217.050238617601
20223.0052571648
19680.0698181632
16471.2918032896
16823.7292307456
20281.7808310272
20244.7396056576
20259.7164611072
20202.832971264
22065.996866816
22941.5133757952
21717.186468864
18807.683386265602
19099.7252830208
23953.129876531202
24065.6718367232
20440.042079488
18812.8452525056
17095.840717465602
15540.299676672
12383.4533567488
11177.492996864
11842.5417793536
12226.257041408
11407.908283443201
10136.4170397184
10242.694736844802
10913.999362918401
13745.8253696512
12362.076595763201
12255.548599040001
11974.7113513472
5682.851700684801
9621.8383673344
7899.191838156799
6474.8641696256
7579.118408704
8388.9446575104
8423.3164024832
7331.3038743552
10674.1618024448
10550.3046808576
10000.135757568001
9356.7876328448
8949.993390336
8250.676992768
9927.729028710399
9630.7956650496
10291.7808752128
10332.382608691201
10147.0546766848
10222.4538525696
11209.244740147202
11793.8680579584
12972.7296703488
10157.2566834176
9794.768567654399
9904.8188915712
12699.9589528576
11737.994165299202
11678.8266666496
13757.888528947202
14169.7844639744
14604.907373056001
16879.972173926402
17107.6891533312
14357.103123712
14528.910604032
17409.013861376
17028.397469593598
16198.501946880002
15589.76694144
14934.5340711424
13397.217627135999
12863.435007590399
13489.9535580672
13966.9691602944
14247.102845696
11809.996799999999
11118.6448137728
11020.7282243072
13612.818248448
13796.086518528
14119.8980740608
13704.5819959296
12881.5081535488
9132.127010304
11494.8332987904
11790.227902976001
11683.906064537601
10635.558787891201
10615.1563636224
11917.2738384896
11874.5449411584
11409.711178239999
11376.226726451201
11007.809192550401
10991.8315789312
10688.23858944
12491.4897357312
10591.8298266112
10872.250272358398
11495.430989772798
13248.437422950401
