306.845955586048
415.978787741696
455.570921739264
817.019109763072
949.260844957696
702.334314733568
942.462335118336
1314.63614249984
605.050230710272
346.253414972416
1048.02257881088
1142.03953813504
1157.44336841728
1153.42272566272
651.285005128704
859.280632768512
743.148828193792
905.723268022272
496.239919005696
1172.58918731776
2264.78350119936
1778.26458650624
1473.08673517568
1438.4951321088
975.479420911616
1294.43117069312
1573.5682245632
1208.93573856256
992.931940886528
1131.9115551744
1239.88617964544
1666.90304570368
1855.32158322688
1961.32066138112
2180.85010852864
2481.79835460608
2218.7039030272
1790.00810958848
1692.46903471104
1951.69343209472
2226.95040842752
2484.0121379328
2146.24394134528
1873.33447166976
1930.78966757376
2448.20633438208
2362.3731285504
2382.84982531072
2414.87413938176
1541.9100020224
1492.00659866624
1779.33963636736
1507.7724595712
1730.95149024256
1390.23545163776
1484.43068852224
1308.99185081344
1846.1141501952
1519.14575455232
1708.67091656704
1815.68
1780.27969122304
1464.67543801856
1475.28335541248
1140.65341935616
597.961459387392
871.182199683072
519.040554799104
473.388795502592
569.32797592576
619.93538018816
893.902955006976
715.403888187392
966.456073214976
1398.451292416
1553.24977997824
1563.20143609856
2091.4034351616
2451.47526019072
2524.86234592256
2233.3725697536
2169.70783280128
2220.52698489856
1239.4590160896
1043.97292623872
1771.8850281472
2154.13223445504
1820.22439071744
1133.93099034624
1082.09315687424
840.178932714496
740.655563997184
989.129240641536
1607.69837686784
1357.13293128704
1446.29330849792
1163.58912996352
1216.16010996736
1295.32247120896
1107.59710236672
1002.6749799424
1051.9716781568
862.253456508928
1511.374848
1252.17558811648
1322.57852895232
1020.344929178624
1094.79309498368
1155.04538098688
1129.24272191488
1566.2591483392
1212.56341388288
1203.22119891968
820.924156473344
749.360684029952
546.18098701312
1288.15081535488
1596.06544144384
1715.33723711488
1697.11494044672
1829.29842423808
2099.28038878208
2039.59336244224
1841.34461420544
1733.82926135296
2006.1696679936
2005.45340711936
1969.17475555328
2019.04338368512
1596.70017685504
838.597676937216
302.873811570688
271.674119591936
473.222519143424
1296.69421795328
1307.14496149504
1485.88452593664
1766.9998040064
1948.36593357824
2843.08996697088
2435.23075969024
2370.23886390272
2769.91218320384
3688.77645283328
4276.11367003136
4023.61566137344
3570.25997883392
3295.93915695104
2723.05389898752
2927.25502157824
3212.29496598528
3047.17700502528
2765.79550278656
3376.1805667328
3647.65738345472
2559.13159010304
2404.64849330176
2900.18207665152
2621.98613332992
2392.77505967104
3129.38526952448
3089.28105785344
3090.8523318784
2656.205742336
2265.13417069568
3062.87586871296
2905.4455873024
2589.86758919168
3278.47038611456
3484.01472176128
3090.04636197888
2952.3095081984
2334.51095374848
2069.66646870016
2260.28646889472
2680.7647944704
2486.9270720512
2062.93017283584
1621.30287704064
1627.4802476032
1160.16375172096
1027.14066471936
704.076558370816
924.376177777664
465.499845677056
963.941684630528
1307.4679953408
817.98052539392
1095.13760730112
1155.41361243136
913.881282516992
577.881220957184
587.81335986688
993.021337295872
1011.49719189504
1149.24902367232
1598.01153487872
1816.36077139968
1745.16128497664
2029.9107982848
2040.4794754048
2019.341429504
2273.30347278336
1295.19338020864
1673.30888984576
2090.81376372736
2580.16340097024
2743.73153874944
2951.02116226048
2504.94232741888
2233.3725697536
1752.67308051456
1483.33891423232
1109.392329216
1860.06147656704
2396.99167512576
1965.60202268672
1477.46657680384
940.080009148416
796.614830870528
844.58803498496
597.955925332992
616.32895668224
516.00687104
266.882736587776
498.341737665536
520.798339254272
469.211258866688
725.8366068736
1253.69725490176
746.524945067008
438.033076877312
378.057998948352
1534.2297779302398
2079.89393870848
2277.85460869632
4085.0955488153604
4746.3042247884805
3511.67157366784
4712.31167559168
6573.180712499199
3025.25115355136
1731.26707486208
5240.1128940544
5710.1976906752
5787.2168420864
5767.1136283136
3256.4250256435203
4296.4031638425595
3715.74414096896
4528.61634011136
2481.19959502848
5862.9459365888
11323.9175059968
8891.3229325312
7365.433675878399
7192.475660544
4877.39710455808
6472.155853465601
7867.841122815999
6044.678692812799
4964.65970443264
5659.557775872
6199.4308982272005
8334.5152285184
9276.6079161344
9806.603306905601
10904.2505426432
12408.9917730304
11093.519515135999
8950.0405479424
8462.3451735552
9758.4671604736
11134.7520421376
12420.060689664002
10731.219706726399
9366.6723583488
9653.9483378688
12241.031671910401
11811.865642752
11914.249126553601
12074.3706969088
7709.550010112
7460.0329933312005
8896.6981818368
7538.862297856
8654.757451212801
6951.1772581888
7422.153442611199
6544.959254067199
9230.570750976
7595.7287727616
8543.3545828352
9078.4
8901.3984561152
7323.3771900928
7376.4167770624
5703.2670967808
2989.80729693696
4355.91099841536
2595.20277399552
2366.94397751296
2846.6398796288004
3099.6769009408
4469.51477503488
3577.01944093696
4832.28036607488
6992.256462079999
7766.2488998911995
7816.007180492799
10457.017175808
12257.3763009536
12624.3117296128
11166.862848768
10848.539164006399
11102.634924492799
6197.295080448001
5219.8646311936
8859.425140736
10770.661172275199
9101.1219535872
5669.6549517312
5410.4657843712
4200.89466357248
3703.27781998592
4945.64620320768
8038.4918843392
6785.6646564352
7231.466542489599
5817.9456498176005
6080.8005498368
6476.6123560447995
5537.9855118336
5013.374899712
5259.858390784
4311.26728254464
7556.874239999999
6260.8779405824
6612.8926447616
5101.72464589312
5473.9654749184
5775.2269049343995
5646.213609574399
7831.295741696
6062.8170694144
6016.105994598401
4104.62078236672
3746.8034201497603
2730.9049350656
6440.7540767744
7980.327207219199
8576.686185574401
8485.5747022336
9146.4921211904
10496.401943910401
10197.9668122112
9206.7230710272
8669.1463067648
10030.848339967999
10027.2670355968
9845.8737777664
10095.2169184256
7983.5008842751995
4192.988384686079
1514.3690578534402
1358.37059795968
2366.11259571712
6483.4710897664
6535.7248074752
7429.4226296832
8834.999020031999
9741.8296678912
14215.4498348544
12176.1537984512
11851.1943195136
13849.5609160192
18443.8822641664
21380.5683501568
20118.078306867203
17851.2998941696
16479.6957847552
13615.2694949376
14636.275107891199
16061.474829926401
15235.8850251264
13828.977513932801
16880.902833664
18238.2869172736
12795.657950515199
12023.2424665088
14500.9103832576
13109.9306666496
11963.875298355199
15646.9263476224
15446.4052892672
15454.261659392
13281.028711680001
11325.670853478401
15314.379343564799
14527.227936512
12949.3379459584
16392.3519305728
17420.0736088064
15450.231809894402
14761.547540992
11672.5547687424
10348.332343500799
11301.4323444736
13403.823972352
12434.635360256
10314.6508641792
8106.5143852032
8137.401238016
5800.8187586048
5135.7033235968
3520.38279185408
4621.8808888883195
2327.49922838528
4819.7084231526405
6537.339976703999
4089.9026269695996
5475.6880365055995
5777.0680621568
4569.40641258496
2889.4061047859204
2939.0667993344
4965.106686479359
5057.4859594752
5746.245118361599
7990.057674393601
9081.8038569984
8725.8064248832
10149.553991424
10202.397377024
10096.70714752
11366.5173639168
6475.966901043201
8366.5444492288
10454.068818636799
12900.8170048512
13718.6576937472
14755.105811302401
12524.711637094399
11166.862848768
8763.365402572801
7416.694571161599
5546.96164608
9300.3073828352
11984.958375628801
9828.0101134336
7387.332884019201
4700.40004574208
3983.0741543526397
4222.9401749248
2989.7796266649602
3081.6447834112
2580.0343552
1334.41368293888
2491.70868832768
2603.99169627136
2346.05629433344
3629.183034368
6268.4862745088
3732.6247253350402
2190.16538438656
1890.28999474176
