898.530625998848
925.43854920192
1108.2983225856
851.015731979264
1047.6395894272
1316.54618232832
1586.71845892096
1439.01667290112
1100.392388352
773.825844651008
765.555351778304
1050.6513979904
720.450302157824
637.432579709952
660.211572815872
695.512464403456
910.189539197952
1478.15801971712
1464.13233466368
1510.26518767616
1185.39970284544
1050.51692992512
1241.3269682688
1238.17589368832
1054.6503758848
569.634166731776
1043.56518731776
1149.91524102144
1414.36237213696
1414.49251930112
1285.91312731136
1071.00513103872
537.84605467648
672.818615969792
604.906092909568
514.313828153344
949.616195386368
945.348338282496
763.343872543744
971.945239871488
1111.33334270976
1347.89103668224
776.253793103872
523.137372408832
439.524223802368
1072.0118124032
710.047033851904
711.086182915072
386.911360925696
323.345777777664
745.33186314752
1072.342591232
1197.31265250304
1139.31359485952
845.680874206208
679.124877568
1102.5908310528
895.62600318976
965.01421487616
558.242970032128
374.026164108288
1554.16230452224
1457.9876781568
1423.49982328832
2220.27694352384
2390.55251830784
2108.30542723072
2035.98506667008
2143.86316112896
2334.94716118016
1812.14259003392
2033.07301633024
1844.00938921984
1836.53451851776
2076.04391088128
2479.1744512
2411.86002302976
2438.78458447872
2605.80607540224
2606.73536
2651.36901878784
2473.05157723136
2641.01423091712
2951.78486747136
2822.85168586752
2676.89768421376
2660.32315493376
2653.77778555904
2476.35178737664
2249.247518464
1672.89114482688
718.486349206528
472.070467367936
587.404556104704
693.259446259712
704.957169951744
1066.40854248448
1740.6426449408
2453.39751819264
2104.3088019456
2180.85010852864
2228.87622930432
2306.05445039104
2018.78723595264
2099.13173332992
2203.30547735552
2661.81946457088
2433.66054053888
2301.47542137856
2350.1832462848
2422.56344614912
2483.4605056
2591.6877362688
2349.34754306048
2101.5195260928
2123.88438996992
2254.25452596224
2229.8053670912
1930.93475748864
1811.022715648
1678.1623878144
1495.15413003264
1259.0975426048
717.46064516096
926.451515209728
1664.39440282624
926.20831391744
2079.42504918016
2037.07733332992
2056.31803076608
1391.22318688256
1769.730269952
2017.30630458368
1757.3385660416
1396.12902798336
1299.36597801984
1657.13495858176
1762.22928755712
2079.64066055168
2100.8242758656
2082.63982795776
2119.02035750912
2328.89748837376
1974.74011428864
1632.61087264768
1054.82205979648
1533.19225806848
1655.8997202432
2574.41132049408
2786.3807338496
1921.55111216128
1446.27062787072
1083.80379624448
1211.01850203136
1338.92502931456
2178.7654131712
1588.23298245632
1559.88502260736
1717.96131269632
1915.10863657984
1945.88912941056
1767.23464011776
1465.8941490176
1483.868310272
3330.47335385088
3182.46226244608
1878.83794898944
2156.6194050048
1871.584
1579.28406269952
1509.18537469952
1383.18769230848
1332.77246993408
1291.91382877184
477.294684122112
1303.77149586432
1895.19269352448
1634.02021246976
1685.72352080896
1626.61282096128
1564.05024820224
1445.53163480064
1675.66824256512
2115.38225671168
2096.22314331136
2192.29436604416
2081.61544827904
1966.92645883904
1054.32704288768
736.25521412096
1049.05036971008
1524.36504541184
1702.6164832256
1664.09134272512
1683.38377833472
1865.15636043776
2074.2219676672
2168.50480473088
2220.53111523328
2105.1008
2137.71397062656
2133.75853714432
2134.83236048896
1358.53238355968
1760.02389332992
1520.5927693824
1543.70893366272
1597.48900498432
1677.95836300288
1512.61239458816
1613.73031766016
1619.73026624512
1851.24591495168
1715.27288681472
1602.2724279296
1868.60366475264
2326.14463053824
2279.65497744384
2231.68229940224
2626.5174696448
2603.60518068224
2506.00083045376
2484.58140720128
2477.23885714432
2036.01195959296
1166.84709700608
1873.85513121792
1441.8630973952
1912.9869837824
1915.75900884992
1948.26637119488
2043.40769635328
1812.30764356608
2044.6323072512
2099.13173332992
2083.52115980288
1925.12
2610.01275362304
2550.06684320768
2494.49274386432
1608.62612486144
1930.55076617216
2105.74628571136
2205.90553135104
2217.22819047424
1775.26075901952
1534.53814367232
1873.98536170496
2137.71660935168
2182.13392786432
2218.77845906432
2222.09256441856
2237.28089242624
2407.56123711488
2466.1710642688
2555.28182278144
2882.9117557248
3573.09656338432
3509.42035643392
3535.99661375488
2715.6676608
2404.65357965312
2617.69508571136
2831.9273513472
3082.98515332096
4492.65312999424
4627.192746009599
5541.491612928001
4255.0786598963205
5238.197947136
6582.7309116416
7933.5922946048
7195.0833645056
5501.96194176
3869.12922325504
3827.7767588915203
5253.256989952
3602.25151078912
3187.16289854976
3301.05786407936
3477.5623220172797
4550.94769598976
7390.7900985855995
7320.6616733184
7551.3259383808
5926.9985142272
5252.5846496256
6206.634841344001
6190.8794684416
5273.251879424
2848.17083365888
5217.825936588801
5749.5762051072
7071.8118606848
7072.4625965056
6429.5656365568
5355.0256551936
2689.2302733824
3364.09307984896
3024.53046454784
2571.56914076672
4748.08097693184
4726.74169141248
3816.7193627187203
4859.726199357439
5556.6667135488005
6739.4551834112
3881.26896551936
2615.68686204416
2197.62111901184
5360.059062016
3550.23516925952
3555.4309145753596
1934.55680462848
1616.72888888832
3726.6593157376
5361.7129561599995
5986.5632625152
5696.5679742976
4228.40437103104
3395.62438784
5512.954155264
4478.1300159488
4825.0710743808
2791.2148501606403
1870.13082054144
7770.8115226112
7289.938390784
7117.4991164416
11101.384717619201
11952.762591539198
10541.5271361536
10179.9253333504
10719.315805644801
11674.7358059008
9060.7129501696
10165.3650816512
9220.046946099199
9182.6725925888
10380.219554406402
12395.872256
12059.3001151488
12193.922922393598
13029.0303770112
13033.676800000001
13256.8450939392
12365.2578861568
13205.071154585601
14758.9243373568
14114.258429337598
13384.4884210688
13301.6157746688
13268.888927795198
12381.7589368832
11246.237592320002
8364.455724134401
3592.4317460326397
2360.35233683968
2937.0227805235204
3466.2972312985603
3524.7858497587204
5332.0427124224
8703.213224703999
12266.9875909632
10521.544009728
10904.2505426432
11144.3811465216
11530.2722519552
10093.936179763201
10495.658666649599
11016.5273867776
13309.097322854399
12168.3027026944
11507.3771068928
11750.916231424
12112.8172307456
12417.302528
12958.438681344
11746.737715302399
10507.597630463999
10619.4219498496
11271.272629811201
11149.026835456
9654.6737874432
9055.11357824
8390.811939072
7475.7706501632
6295.487713024
3587.3032258047997
4632.25757604864
8321.9720141312
4631.0415695872
10397.1252459008
10185.3866666496
10281.5901538304
6956.1159344128
8848.65134976
10086.5315229184
8786.692830208
6980.6451399168
6496.8298900991995
8285.6747929088
8811.1464377856
10398.2033027584
10504.121379328
10413.199139788801
10595.1017875456
11644.487441868801
9873.7005714432
8163.0543632384
5274.1102989824
7665.9612903424
8279.498601215999
12872.0566024704
13931.903669248
9607.7555608064
7231.3531393536
5419.0189812224
6055.0925101568
6694.6251465728
10893.827065856001
7941.164912281601
7799.4251130368
8589.8065634816
9575.5431828992
9729.4456470528
8836.173200588799
7329.4707450880005
7419.341551359999
16652.3667692544
15912.311312230398
9394.1897449472
10783.097025023999
9357.92
7896.420313497601
7545.9268734976
6915.938461542401
6663.862349670399
6459.569143859199
2386.47342061056
6518.8574793216
9475.963467622401
8170.1010623488
8428.6176040448
8133.0641048064
7820.2512410112
7227.6581740032
8378.3412128256
10576.9112835584
10481.1157165568
10961.4718302208
10408.0772413952
9834.6322941952
5271.6352144384
3681.2760706047998
5245.251848550401
7621.825227059199
8513.082416128
8320.456713625601
8416.9188916736
9325.7818021888
10371.109838335999
10842.524023654401
11102.6555761664
10525.504
10688.569853132798
10668.7926857216
10674.1618024448
6792.6619177984
8800.1194666496
7602.963846912
7718.5446683136
7987.4450249216
8389.7918150144
7563.0619729408
8068.6515883008
8098.6513312256
9256.229574758401
8576.364434073601
8011.362139648
9343.0183237632
11630.7231526912
11398.274887219199
11158.4114970112
13132.587348223999
13018.0259034112
12530.0041522688
12422.9070360064
12386.194285721598
10180.059797964801
5834.2354850304
9369.2756560896
7209.315486976
9564.934918912
9578.7950442496
9741.3318559744
10217.0384817664
9061.5382178304
10223.161536256
10495.658666649599
10417.6057990144
9625.599999999999
13050.0637681152
12750.3342160384
12472.4637193216
8043.1306243072
9652.7538308608
10528.7314285568
11029.5276567552
11086.1409523712
8876.3037950976
7672.6907183616
9369.9268085248
10688.583046758398
10910.6696393216
11093.8922953216
11110.462822092799
11186.404462131199
12037.8061855744
12330.855321344
12776.4091139072
14414.558778624
17865.482816921598
17547.1017821696
17679.9830687744
13578.338303999999
12023.2678982656
13088.475428556801
14159.636756736
15414.9257666048
