2713.32603508736
2998.79169282048
2931.818496
3042.65152813056
2738.34250406912
2254.91878903808
1941.4614072832
2524.17678688256
2596.9980752896
2798.62456537088
2552.69198022656
2528.32811268096
2523.27790866432
2780.52487356416
2787.95225668608
2731.1951827968
2730.56861759488
2771.16688295936
3202.59011764224
3247.97995181056
2110.96471076864
2156.19799087104
2245.88231110656
3515.95230188544
3645.67613303808
2710.2705698304
2619.29200722944
2533.71154802688
2855.41082676224
3143.31670955008
2895.414897152
2895.95793006592
2632.41554929664
2457.65688889344
2340.33262702592
2520.8751254528
2717.93062523904
2778.64245920768
2158.22299099136
1125.37218763776
1489.63173615616
2442.56554913792
2739.02479087616
2777.49215939584
2860.88705030144
2757.19769650176
2662.371897088
2630.2258438656
2022.3581724672
1750.85469330432
1480.53300194304
1289.0708352512
1214.8594758656
1263.19617825792
1143.55815808
721.829673362432
493.966707126272
1835.1552418304
2182.55551401984
1301.68323473408
490.6496
619.879261386752
998.77896062976
1048.67294674944
829.160496277504
944.514350583808
603.993350370304
1802.34743606272
794.55023317504
675.998249874432
821.840514335744
765.179803278336
1139.49886401536
1239.6608
1356.18279451648
1320.95825404928
1038.4951008256
1204.7229112832
1496.323694848
1468.58330140672
1254.94640316416
1383.91876251648
1643.79813885952
1826.07312297984
1918.73548754944
1483.64064904192
1392.942064896
1065.70865378304
1410.37254115328
1279.53302412288
1425.4802115584
1234.84098891776
944.140934736896
943.71004081664
1396.1224865792
1637.629465344
1193.4351123968
979.824398427136
973.597226959872
701.720479740928
1550.88017640448
613.649395878912
1688.97874971648
1370.23499713536
1008.92846995968
1395.91318322176
1186.97707865088
1234.55616109568
1813.80219082752
1559.05796491264
1231.27681668096
1751.87676749824
1549.90307119104
1286.601301248
1657.37190656
1781.48246728704
2032.91533535232
1606.88368529408
1713.7921547776
1586.53360667648
1482.50219910144
1253.29096194048
1832.16151386112
1846.1141501952
1796.51787266048
1700.44626714624
2496.93514049536
1449.65632
1358.05155555328
1666.59192019968
1434.7356618752
1459.2008318464
1117.30887804928
1015.44578558464
1961.08371470336
2012.63496170496
1955.01436649472
1655.64283871232
1630.79735251968
1876.80272986112
1015.389273918464
861.26050171392
1997.8571970048
1138.37959529472
1258.27933708288
1751.73208275968
1123.28413589504
674.105030969344
1265.0506574848
1443.546645248
1404.2741949952
1311.68711110656
1488.06926135296
2351.36242271232
1473.29743369216
2466.80558644224
1918.50129801216
1904.3182335488
2035.09109046272
2392.46509198336
1409.16358679552
1997.37291318272
2136.01718856704
2174.51669431296
2117.171325184
2408.64438355968
2049.39132064768
2192.13259880448
2452.8609419776
2045.16217591808
2246.35407460352
2209.48413072384
2097.12815137792
2079.17381818368
1748.90635177984
1538.7617980416
2201.6493843968
2131.1167228928
2091.98552738816
2627.82600352768
2060.74188107776
1376.06334560256
1153.22176104448
2414.49082112
1872.15428410368
1736.33398319104
1604.43449833472
1434.37421200384
1478.05974683648
987.992321317888
561.857196023808
882.386542056448
702.741983379456
925.460720626688
1128.89081080832
1008.492149732352
1200.71940107264
1012.368265193472
1139.70155812864
835.772029776896
1244.65583158272
1428.85616326656
1264.67995071488
1400.49940335616
1806.18187457536
1908.23156649984
1397.75202669568
1395.71556794368
1719.7085118464
1519.96230903808
1234.2135665664
1155.71939209216
1192.18928621568
1202.93687725056
1083.74808441856
514.722894370816
1755.41769517056
885.884914536448
1103.45209178112
773.377204139008
813.990657718272
938.127253885952
893.360446215168
1166.57639242752
1150.9789236224
1208.40603469824
1185.46369465344
1310.4399929856
1760.70941293568
1019.932946996224
951.080676132864
948.32945257472
821.742186307584
546.738878660608
445.964841545728
356.453591882752
503.95210494976
620.735476087808
1023.593264335872
1084.56206255104
1361.38291642368
1231.8752507904
1354.125841152
1159.39180572672
1888.4376983552
1517.36218109952
1773.10929117184
1489.6796955648
2105.95261812736
2019.88117753856
982.168717765632
1370.6758297088
1384.8520443904
1526.36235293696
2168.00122937344
1912.13917185024
1919.49905972224
1974.2401245184
1589.46841255936
1658.32099255296
1266.63603581952
1937.73055448064
1437.16592941056
2253.3615483904
1548.57989884928
13566.630175436801
14993.9584641024
14659.09248
15213.2576406528
13691.7125203456
11274.5939451904
9707.307036416001
12620.8839344128
12984.990376448
13993.1228268544
12763.459901132801
12641.6405634048
12616.3895433216
13902.6243678208
13939.7612834304
13655.975913984
13652.8430879744
13855.8344147968
16012.950588211199
16239.899759052802
10554.8235538432
10780.9899543552
11229.411555532799
17579.7615094272
18228.3806651904
13551.352849152
13096.4600361472
12668.5577401344
14277.0541338112
15716.583547750399
14477.07448576
14479.789650329601
13162.0777464832
12288.2844444672
11701.6631351296
12604.375627264
13589.6531261952
13893.2122960384
10791.1149549568
5626.8609381888
7448.1586807808
12212.8277456896
13695.123954380799
13887.460796979201
14304.4352515072
13785.988482508801
13311.85948544
13151.129219327999
10111.790862336
8754.273466521601
7402.6650097152005
6445.354176256
6074.297379328
6315.980891289601
5717.7907904
3609.14836681216
2469.83353563136
9175.776209152
10912.777570099199
6508.416173670401
2453.248
3099.3963069337597
4993.8948031488
5243.364733747199
4145.80248138752
4722.57175291904
3019.9667518515203
9011.7371803136
3972.7511658752
3379.99124937216
4109.20257167872
3825.8990163916797
5697.494320076799
6198.304
6780.913972582401
6604.7912702464
5192.4755041280005
6023.614556416
7481.61847424
7342.9165070336
6274.7320158208
6919.5938125824
8218.9906942976
9130.3656148992
9593.6774377472
7418.203245209599
6964.71032448
5328.5432689152
7051.8627057664
6397.665120614401
7127.401057792
6174.2049445888
4720.70467368448
4718.5502040832
6980.612432896
8188.14732672
5967.175561984
4899.12199213568
4867.98613479936
3508.60239870464
7754.4008820224
3068.2469793945597
8444.8937485824
6851.174985676799
5044.6423497984
6979.5659161088
5934.8853932544
6172.7808054784
9069.0109541376
7795.2898245632
6156.384083404801
8759.383837491201
7749.5153559552
6433.00650624
8286.859532800001
8907.4123364352
10164.5766767616
8034.4184264704
8568.960773888
7932.668033382401
7412.5109955072
6266.4548097024
9160.8075693056
9230.570750976
8982.589363302399
8502.2313357312
12484.6757024768
7248.2816
6790.2577777664
8332.9596009984
7173.6783093760005
7296.004159231999
5586.5443902464
5077.2289279232
9805.418573516801
10063.1748085248
9775.0718324736
8278.2141935616
8153.986762598401
9384.0136493056
5076.9463695923205
4306.3025085696
9989.285985024
5691.8979764736005
6291.3966854144
8758.6604137984
5616.4206794752
3370.5251548467204
6325.2532874240005
7217.73322624
7021.370974976
6558.4355555328
7440.3463067648
11756.8121135616
7366.4871684608
12334.0279322112
9592.506490060801
9521.591167744
10175.455452313601
11962.3254599168
7045.8179339776
9986.8645659136
10680.085942835201
10872.583471564802
10585.856625920002
12043.2219177984
10246.9566032384
10960.662994022401
12264.304709888
10225.8108795904
11231.7703730176
11047.4206536192
10485.6407568896
10395.8690909184
8744.5317588992
7693.808990208
11008.246921984
10655.583614464002
10459.9276369408
13139.1300176384
10303.7094053888
6880.3167280128
5766.1088052224
12072.4541056
9360.7714205184
8681.6699159552
8022.1724916736
7171.871060019201
7390.298734182399
4939.96160658944
2809.28598011904
4411.93271028224
3513.70991689728
4627.30360313344
5644.4540540416
5042.46074866176
6003.5970053632
5061.84132596736
5698.5077906432
4178.86014888448
6223.279157913601
7144.280816332801
6323.3997535744
7002.4970167808
9030.9093728768
9541.1578324992
6988.760133478399
6978.5778397184
8598.542559231999
7599.8115451904005
6171.067832832
5778.5969604608
5960.946431078401
6014.6843862528
5418.7404220928
2573.61447185408
8777.0884758528
4429.42457268224
5517.260458905601
3866.88602069504
4069.95328859136
4690.6362694297595
4466.802231075841
5832.8819621376
5754.894618112001
6042.030173491201
5927.3184732672
6552.199964928
8803.5470646784
5099.66473498112
4755.40338066432
4741.6472628736
4108.71093153792
2733.6943933030398
2229.82420772864
1782.2679594137599
2519.7605247488
3103.67738043904
5117.966321679361
5422.8103127552
6806.914582118399
6159.376253952
6770.62920576
5796.9590286336
9442.188491776
7586.8109054976
8865.5464558592
7448.398477824001
10529.7630906368
10099.4058876928
4910.84358882816
6853.379148544
6924.2602219519995
7631.8117646847995
10840.0061468672
9560.6958592512
9597.4952986112
9871.200622592001
7947.342062796801
8291.604962764799
6333.1801790976
9688.6527724032
7185.8296470528
11266.807741952
7742.8994942464
