2114.09939684352
2285.33870737408
2515.86255377408
2244.31190361088
1848.09946776576
1854.78123921408
1747.61814664192
2176.32203533312
2079.64066055168
2114.8484699648
2033.4436115456
2036.59493030912
4205.4631811072
4231.58595918848
4481.49345558528
4503.5665248256
4636.97170732032
5092.6727245312
5051.50812370944
4688.38845217792
4363.41499195392
4413.15289719808
3862.3453757952
3764.55498989568
3736.81803636736
3712.7941224448
3914.77967567872
4354.048
4369.3031811072
3839.3368380928
3780.58459428864
4113.79454304256
4371.96500584448
4396.305490688
4533.628649216
4567.04
3635.67343376384
3268.62628571136
4728.21221052416
6118.92651012096
6109.64900483072
5168.97663608832
4392.46048780288
4395.61071471616
4374.95650461696
4360.61420307456
4397.06180169728
4463.91641639936
4485.83473825792
5227.99068069888
5240.3745429504
5136.60287023104
4531.30865594368
4499.38448253952
4574.23263229952
4682.69108215808
4658.53489389568
4098.9598832128
4097.07789473792
4099.74591453184
4269.09621751808
4255.3401690112
4125.03830894592
4027.8574545408
4025.92385542144
4022.019639808
3888.04377489408
3857.65591578624
3845.18576146432
3905.1145275392
3724.16705511424
3425.75911926784
3402.75765745664
3533.9996080128
3481.36594285568
2979.77698461696
3013.3790695424
3117.27912840192
3081.60081528832
3078.82129133568
3182.97182957568
3249.84341880832
3365.48197506048
3387.07111520256
3582.48951494656
3758.78473903104
3777.65888
4225.70190941184
4271.52944412672
3621.58576210944
3416.4678309888
3360.71573086208
3397.4768484864
3021.24230852608
3438.21209381888
3716.86687640576
3764.74530909184
3367.59466667008
3084.11844880384
2206.17343184896
2102.61333332992
2250.37664308224
3381.85814319104
3414.19599049728
4209.95779387392
4243.95081879552
3603.95599147008
3446.7154066944
3596.40876658688
3627.19608163328
3769.14791489536
3813.66785258496
3665.96244559872
3536.45172487168
3734.27905764352
4498.3746076672
4500.96973913088
4194.15771428864
4168.54738823168
4121.05788235776
4041.54022494208
3491.09482409984
1037.04063526912
1334.4768
1443.70285026304
2448.99627036672
2401.6625755136
2439.3255384576
2378.86883221504
2521.89947169792
2852.59208067072
2270.8928242688
2344.20455437312
2946.398931456
3445.68928900096
3821.9734626304
4044.12719133696
4291.98004180992
4323.61259945984
4010.18102278144
4024.63384935424
3939.11934795776
3966.04324752384
3439.4170236928
3048.8132865536
3791.06197014528
4144.21449590784
4102.00082674688
3919.970304
3921.1976145408
4328.60051063808
4454.78641509376
4410.0961745408
4259.32507428864
4259.58532642816
4370.61650450432
4402.63975684096
4440.2667722752
4203.79927272448
4177.51676684288
4268.40196128768
4298.8441245696
4284.27516332032
4522.7168306688
4533.628649216
4494.08408945664
4457.7524585984
4332.38040237056
3638.92787848192
3668.38555339776
4684.06423703552
4682.1478116352
4419.40809816064
4292.4878827008
4181.94371764224
3121.58505726976
2885.06099628032
2402.48133106688
2585.64555512832
2609.4174150656
2463.56864620544
2964.29504845824
3462.4987518464
3342.70309434368
3278.5756059136
2732.2147966976
2390.76625742848
3576.79938853888
3538.3854545408
2710.00153672704
2831.80530661376
3433.28581818368
3499.17042758656
3408.18707692544
3885.4846511616
4675.73633057792
4677.80266667008
3983.44904347648
3871.82677136384
2872.6322217472
2385.72113997824
3648.93560911872
3612.31164809216
3495.07890748416
3496.7362119168
2771.88556708864
2895.34348387328
3506.0863719936
3628.58496
4073.024
4070.53128205312
3545.28372960256
3560.839767808
3594.10480195584
3618.55484563456
3383.68771725312
3279.21777777664
3009.37083871232
2509.70332659712
1693.30580432896
2061.494753536
1240.12712329216
1097.83829620736
1864.17078610944
2343.78120930304
2539.74013051904
2509.83020606464
2508.74502012928
2578.52526047232
2327.75019355136
2121.64150829056
1794.53111794688
1146.70679404544
1267.52778835968
1942.6411928064
2254.3624670208
2526.54014947328
2708.13353383936
2751.38790977536
2782.50658317312
2916.0485925888
3154.80247154688
3876.88083288064
4562.38481910784
4542.61385365504
3336.86869146624
3322.93815308288
3558.67927272448
3543.26528
2984.53295067136
3010.9106593792
3631.08860150784
3670.3104836608
2813.65590361088
2646.45667310592
1710.7395254272
1468.07168123904
1669.01221052416
1687.8640761856
1700.51745547264
1392.36446923776
1243.09773287424
1537.66704335872
967.956692840448
492.961768020992
834.160874779648
10570.4969842176
11426.6935368704
12579.3127688704
11221.5595180544
9240.4973388288
9273.9061960704
8738.0907332096
10881.6101766656
10398.2033027584
10574.242349824
10167.218057728001
10182.974651545599
21027.315905536
21157.9297959424
22407.4672779264
22517.832624128
23184.8585366016
25463.363622656
25257.540618547202
23441.9422608896
21817.0749597696
22065.7644859904
19311.726878976002
18822.7749494784
18684.0901818368
18563.970612224
19573.898378393602
21770.239999999998
21846.515905535998
19196.684190464
18902.9229714432
20568.9727152128
21859.825029222404
21981.527453439998
22668.14324608
22835.2
18178.3671688192
16343.1314285568
23641.061052620797
30594.6325506048
30548.2450241536
25844.883180441604
21962.302439014402
21978.0535735808
21874.7825230848
21803.0710153728
21985.3090084864
22319.5820819968
22429.1736912896
26139.9534034944
26201.872714751997
25683.014351155198
22656.543279718397
22496.9224126976
22871.163161497603
23413.455410790397
23292.674469478403
20494.799416064
20485.389473689604
20498.7295726592
21345.4810875904
21276.700845056
20625.1915447296
20139.287272704
20129.6192771072
20110.09819904
19440.2188744704
19288.2795789312
19225.9288073216
19525.572637696
18620.8352755712
17128.7955963392
17013.7882872832
17669.998040063998
17406.8297142784
14898.884923084799
15066.895347712
15586.3956420096
15408.0040764416
15394.1064566784
15914.8591478784
16249.2170940416
16827.4098753024
16935.3555760128
17912.4475747328
18793.9236951552
18888.2944
21128.5095470592
21357.647220633597
18107.9288105472
17082.339154944
16803.5786543104
16987.384242432
15106.211542630399
17191.060469094402
18584.3343820288
18823.7265454592
16837.9733333504
15420.592244019199
11030.867159244799
10513.0666666496
11251.8832154112
16909.2907159552
17070.9799524864
21049.7889693696
21219.7540939776
18019.779957350398
17233.577033472
17982.0438329344
18135.9804081664
18845.7395744768
19068.3392629248
18329.8122279936
17682.2586243584
18671.3952882176
22491.873038335998
22504.8486956544
20970.788571443198
20842.7369411584
20605.2894117888
20207.7011247104
17455.4741204992
5185.2031763456
6672.384
7218.5142513152
12244.981351833601
12008.312877568002
12196.627692288
11894.344161075202
12609.4973584896
14262.9604033536
11354.464121343999
11721.0227718656
14731.99465728
17228.4464450048
19109.867313151997
20220.6359566848
21459.9002090496
21618.0629972992
20050.9051139072
20123.1692467712
19695.5967397888
19830.2162376192
17197.085118463998
15244.066432767999
18955.3098507264
20721.072479539198
20510.0041337344
19599.85152
19605.988072704
21643.0025531904
22273.9320754688
22050.480872704
21296.625371443202
21297.926632140803
21853.0825225216
22013.1987842048
22201.333861376002
21018.9963636224
20887.5838342144
21342.0098064384
21494.220622848003
21421.375816601598
22613.584153344
22668.14324608
22470.4204472832
22288.762292992
21661.9020118528
18194.639392409597
18341.9277669888
23420.3211851776
23410.739058176
22097.0404908032
21462.439413504
20909.7185882112
15607.9252863488
14425.304981401601
12012.4066553344
12928.2277756416
13047.087075328
12317.8432310272
14821.4752422912
17312.493759232
16713.515471718398
16392.878029568
13661.073983488
11953.8312871424
17883.9969426944
17691.927272704
13550.007683635198
14159.0265330688
17166.4290909184
17495.8521379328
17040.9353846272
19427.423255808
23378.6816528896
23389.013333350398
19917.2452173824
19359.1338568192
14363.161108736002
11928.605699891199
18244.678045593602
18061.5582404608
17475.3945374208
17483.681059584
13859.4278354432
14476.7174193664
17530.431859968
18142.9248
20365.12
20352.656410265598
17726.4186480128
17804.19883904
17970.524009779198
18092.7742281728
16918.438586265598
16396.0888888832
15046.854193561601
12548.5166329856
8466.5290216448
10307.473767680001
6200.6356164608
5489.1914810368
9320.8539305472
11718.906046515202
12698.7006525952
12549.1510303232
12543.7251006464
12892.626302361601
11638.750967756801
10608.2075414528
8972.6555897344
5733.5339702271995
6337.6389417984
9713.205964032
11271.812335104001
12632.7007473664
13540.6676691968
13756.9395488768
13912.532915865599
14580.242962944001
15774.0123577344
19384.4041644032
22811.924095539198
22713.069268275198
16684.3434573312
16614.6907654144
17793.3963636224
17716.3264
14922.664753356801
15054.553296896
18155.4430075392
18351.552418304
14068.279518054402
13232.2833655296
8553.697627136
7340.3584061952
8345.0610526208
8439.320380928
8502.5872773632
6961.8223461888
6215.4886643712
7688.335216793601
4839.78346420224
2464.80884010496
4170.80437389824
