2710.35415553024
1644.94159707136
1228.41557095424
1336.922641152
1328.6632268288
1740.45709659136
1944.832
2077.23148735488
2698.58133332992
2966.33240449024
3026.336
2922.27691162624
1471.3328484864
1943.0173815296
2669.01231398912
3190.96924622848
3236.01429787648
3299.65347677184
1547.35669895168
2473.2324403712
2116.45486606336
1085.53416091648
1614.8820878848
1879.90387894272
1377.05187269632
1519.22264718336
1475.01881873408
1864.72741787648
1415.5650612224
759.548503061504
1441.39935511552
1328.7336385024
741.30492414464
814.505390103552
1894.79884464128
1629.95170335744
814.746374854656
1512.75266115584
825.130029850624
730.48566843904
373.06706312704
419.002320277504
1187.73869744128
1474.05676535808
1553.94629945344
1852.54851764224
2341.12038611968
2170.33973006336
1882.78697464832
2060.82620193792
3163.79458921472
3282.41451707392
3387.58892307456
3061.13631101952
2944.91525663744
513.19154051584
849.7386228736
582.226546397184
2638.79593220096
2642.81141598208
3012.94423880704
3009.2545019904
3112.75896932352
3029.499623936
3108.38772092928
3270.31269363712
3044.53597288448
3196.02306976768
3076.1486091776
2836.34634104832
3753.723936512
4393.03228235776
4175.5873627136
3218.59193508864
3377.44457143296
3680.48463657984
2977.67552606208
2285.70823395328
2834.832
2669.01231398912
2509.89280632832
2207.44081276928
2226.99384818688
1904.13065284608
775.218795111424
1147.78123553792
617.66822759936
439.7304017408
626.371334454272
1042.61251489792
1176.56854971392
921.417608142848
833.58168029696
720.963409267712
339.76432195584
243.280861923328
755.69705109504
1024.81976147968
1382.432
1411.44755012608
1723.8337254912
1888.98012416
1997.74157708288
2138.95314285568
2737.99791304704
2755.33190414336
2761.85516340224
1646.54518856704
2519.34314630144
2422.25019420672
2377.85170469888
2771.71931428864
2522.39127272448
2308.7715923968
1860.14649688064
1551.32145676288
1188.86038162432
1505.59507692544
1663.50482628608
2211.1323853824
2619.63542313984
2111.9596967936
1613.67098850304
2609.31217876992
2537.93794709504
2386.944
1549.38026667008
2511.78075247616
2461.46844444672
2475.19762963456
2156.47350239232
2665.09825519616
2395.2765490176
2357.9479493632
1196.50489520128
1838.55866277888
1396.78707231744
1713.21039220736
2147.17973477376
2266.12518455296
2491.13188424704
1878.29457697792
2025.64029330432
2481.08373332992
3422.40966301696
3002.37768321024
2380.16701095936
2494.5624251392
2258.04741013504
1974.96216849408
3025.19292193792
3046.49909677056
3268.93921293312
3290.8692626944
2695.40973114368
2328.6644736
1952.11385444352
1645.7502532096
1853.79121603584
2030.88346599424
2190.73610596352
2271.23574406144
2282.76646107136
2205.00057320448
1963.54438094848
1523.9960130048
1495.44259828736
1340.9748864512
1926.7781662208
1945.1413745152
1868.09061151744
2104.92572852224
2381.36700826624
2590.68737698816
2503.2761690112
2056.8934920192
2302.91218991104
2398.40932881408
2475.5162074112
2997.94234205184
3043.81036326912
3159.13134272512
2911.64667768832
2679.2176030208
2667.53846893568
2546.97989522432
2260.2251981312
1717.30123547648
1755.89052632064
2170.45371945984
1943.70130399232
2591.15910806528
2834.52353072128
1895.46233155584
1594.99608592384
2278.2446818816
2002.53759643648
1945.89723186176
2517.26875675648
1611.56042104832
1509.87778451456
1354.5625538048
1042.13051777024
1635.84105567232
1033.28212916224
1597.40621855744
2473.58085039104
1233.47303463936
2950.06907317248
1263.36124070912
3112.75921568768
2869.67305660416
2444.85194203136
2409.81780983808
2369.95460219904
2199.3970162176
2053.07547826176
1783.4947764736
1313.44826079232
1672.6347263488
1762.00399031296
1738.8577190912
1945.62665509888
1725.0823958528
1366.54362034176
1892.99657796608
1848.75885714432
1144.87904441344
2091.00497488896
2689.20208695296
1998.08
1878.83794898944
1919.19341546496
1673.31375087616
2477.66368524288
2791.82636644352
2126.10737106944
1104.85202453504
1537.54030252032
1576.34242128896
1587.00964837376
2239.77318326272
2127.91203608576
1467.37513940992
2159.38745506816
2871.84367607808
1443.98063519744
2205.3787042304
3087.8128801792
2646.32543936512
2434.44764653568
2195.15810909184
2115.094177024
2123.03127272448
2554.83500399616
2626.525739776
2452.34701298688
1974.2401245184
1936.89320218624
2121.59796825088
2668.6985660416
2537.11331073024
1263.71486896128
1651.72511526912
2287.37608148992
13551.7707776512
8224.707985356801
6142.0778547712
6684.613205760001
6643.316134143999
8702.285482956799
9724.16
10386.1574367744
13492.9066666496
14831.6620224512
15131.679999999998
14611.384558131198
7356.664242432
9715.086907648
13345.0615699456
15954.846231142401
16180.0714893824
16498.267383859198
7736.783494758401
12366.162201856001
10582.274330316799
5427.6708045824
8074.410439424
9399.5193947136
6885.2593634816
7596.1132359168005
7375.0940936704
9323.6370893824
7077.825306111999
3797.74251530752
7206.9967755776
6643.668192512
3706.5246207232003
4072.5269505177603
9473.9942232064
8149.7585167872
4073.73187427328
7563.763305779201
4125.650149253121
3652.4283421951995
1865.3353156352
2095.01160138752
5938.6934872064
7370.2838267904
7769.731497267199
9262.7425882112
11705.601930598401
10851.698650316801
9413.9348732416
10304.1310096896
15818.9729460736
16412.0725853696
16937.944615372802
15305.681555097599
14724.5762831872
2565.9577025791996
4248.693114367999
2911.13273198592
13193.9796610048
13214.057079910399
15064.7211940352
15046.272509952
15563.7948466176
15147.49811968
15541.9386046464
16351.563468185599
15222.6798644224
15980.1153488384
15380.743045888
14181.7317052416
18768.61968256
21965.1614117888
20877.936813567998
16092.9596754432
16887.2228571648
18402.423182899198
14888.377630310399
11428.541169766399
14174.16
13345.0615699456
12549.4640316416
11037.2040638464
11134.969240934399
9520.653264230401
3876.09397555712
5738.906177689601
3088.3411379967997
2198.652008704
3131.85667227136
5213.0625744896
5882.8427485696
4607.08804071424
4167.9084014848
3604.81704633856
1698.8216097792
1216.40430961664
3778.4852554752
5124.0988073984
6912.16
7057.2377506304
8619.168627456
9444.900620800001
9988.7078854144
10694.765714278401
13689.9895652352
13776.659520716801
13809.275817011201
8232.7259428352
12596.7157315072
12111.250971033602
11889.2585234944
13858.596571443199
12611.956363622401
11543.857961983998
9300.7324844032
7756.6072838144
5944.301908121601
7527.9753846272
8317.5241314304
11055.661926912
13098.1771156992
10559.798483968
8068.3549425152
13046.5608938496
12689.6897354752
11934.72
7746.901333350399
12558.9037623808
12307.3422222336
12375.9881481728
10782.3675119616
13325.491275980801
11976.382745087998
11789.739746816002
5982.524476006401
9192.7933138944
6983.9353615872005
8566.0519610368
10735.8986738688
11330.6259227648
12455.6594212352
9391.472884889601
10128.201466521601
12405.4186666496
17112.0483150848
15011.888416051199
11900.8350547968
12472.812125696
11290.237050675201
9874.8108424704
15125.9646096896
15232.4954838528
16344.6960646656
16454.346313472
13477.0486557184
11643.322368
9760.5692722176
8228.751266048
9268.9560801792
10154.4173299712
10953.6805298176
11356.1787203072
11413.8323053568
11025.002866022402
9817.7219047424
7619.980065024
7477.2129914368
6704.874432256001
9633.890831104
9725.706872576
9340.4530575872
10524.628642611202
11906.8350413312
12953.4368849408
12516.380845056
10284.467460096
11514.5609495552
11992.046644070399
12377.581037056
14989.7117102592
15219.0518163456
15795.656713625598
14558.2333884416
13396.088015104
13337.6923446784
12734.8994761216
11301.125990656
8586.5061773824
8779.4526316032
10852.2685972992
9718.5065199616
12955.7955403264
14172.617653606401
9477.311657779199
7974.9804296192
11391.223409408001
10012.6879821824
9729.4861593088
12586.343783782399
8057.8021052416
7549.3889225728
6772.812769024
5210.6525888512
8179.2052783616
5166.4106458112
7987.031092787201
12367.904251955199
6167.3651731968
14750.345365862398
6316.8062035456005
15563.7960784384
14348.365283020801
12224.2597101568
12049.0890491904
11849.773010995199
10996.985081088002
10265.3773913088
8917.473882368
6567.2413039616
8363.173631744
8810.0199515648
8694.288595455999
9728.1332754944
8625.411979264
6832.7181017088005
9464.9828898304
9243.7942857216
5724.3952220672
10455.0248744448
13446.010434764801
9990.4
9394.1897449472
9595.9670773248
8366.5687543808
12388.3184262144
13959.1318322176
10630.5368553472
5524.2601226752
7687.7015126015995
7881.7121064448
7935.0482418688
11198.8659163136
10639.5601804288
7336.8756970496
10796.937275340799
14359.2183803904
7219.9031759872005
11026.893521152
15439.064400896
13231.6271968256
12172.2382326784
10975.7905454592
10575.470885120001
10615.1563636224
12774.175019980801
13132.62869888
12261.7350649344
9871.200622592001
9684.466010931199
10607.9898412544
13343.492830207999
12685.566553651199
6318.5743448064
8258.6255763456
11436.8804074496
