1638.23458721792
1606.6871413248
1360.68308911104
1894.35140338688
1777.39381530624
1819.11236923392
1534.55237260288
1299.36526582784
1193.95472083968
1404.27438298112
1176.52546089984
718.455730131968
854.5501184
1341.43621441536
1333.36847058944
1133.93371428864
977.45933161984
665.790958065664
755.778336246784
1373.66795413504
1270.53379547136
1086.7833371648
1210.3557365248
1001.857376344064
971.749371158528
1261.19176429568
1351.18328357888
1305.5806230016
1050.28675835904
973.744850241536
435.551220539392
335.5025525248
419.767555306496
727.820240617472
852.706127031296
865.097367773184
1004.113538020352
655.481009847296
519.09588732416
935.256712870912
1125.17557295104
1375.30948739072
1345.21665732608
1375.69395488768
1742.4765490176
1944.0323950592
1404.67223166976
1408.02139701248
1269.49549097984
1155.0211969024
867.927713147904
951.760927863808
1180.26548744192
1046.75488330752
1251.03542856704
1368.369165568
1586.86128367616
1421.6645670912
1853.44
1592.26646306816
1537.61789771776
1878.91263681536
1989.72436078592
1261.39308184576
1272.95878094848
1294.65468191744
1257.89651540992
1631.20465282048
1312.84337666048
1386.07460082688
1513.5014912
1604.90434383872
1341.82818300928
1191.2656336384
915.090412478464
962.412442235904
1397.75202669568
2091.75126892544
3480.65703597056
1732.050073088
1295.92424489984
984.418588996608
1052.697560064
854.14809064448
1129.14067434496
1450.58270231552
1095.60872389632
1018.28417128448
1052.79927684096
686.227018363904
1341.39658617856
1478.0290612224
1860.85868879872
1754.16703055872
1828.25563718656
2134.20098064384
2153.14723050496
2102.97050913792
1490.1161768448
1706.25235862528
1743.05863692288
1834.51411795968
1919.19341546496
2024.47396056064
2159.10692571136
2258.38811428864
1769.90090052608
2361.84760655872
2349.49978812416
2381.6764891136
2634.20002973696
2552.89936841728
2418.90855385088
1957.21632796672
1890.834192896
2459.5951483904
2686.207489024
2494.22476460032
2600.56167339008
2678.27303018496
2845.07737005056
2818.68550972416
2793.81842786304
2780.16
2428.71023797248
2831.80530661376
3045.6567741952
2713.2604919808
2705.73630534656
2705.68161943552
2357.3504
2341.95074837504
2334.25039490048
3139.51496629248
3133.17328371712
2823.69681193984
2506.0922416128
2401.16622222336
3340.55962947584
3266.02371958784
2786.84178417664
2908.74785184768
3105.1966511616
2050.048
1791.57069415424
1597.49152201728
1828.03692307456
2326.82460689408
2717.16980406272
2845.1961583104
3294.64330363904
3325.40394365952
3495.03299135488
3499.4454835712
3637.6104778752
3620.4360596992
3648.53521411072
3660.95464489984
3626.80721568768
3607.43058613248
3454.8423185408
3441.45693074432
4063.07617391616
4251.0821861888
3972.12418349056
3682.32544502784
3824.41057923072
4124.91429859328
4095.08977777664
4471.52321893376
4468.89520847872
1321.54445661184
6003.02933332992
5998.9277377024
4257.06845508608
3662.01451162624
3085.81076739072
2742.36725581824
2826.17072304128
2950.4501861376
4110.3746415104
4128.19003680768
2494.22476460032
2654.13129587712
2984.53295067136
2782.81136700416
2713.11676404736
3255.40582029312
3266.2019580416
1303.45182608384
3778.2642994688
1762.71383897088
1702.6164832256
2257.652585984
2273.14068027392
1697.292288
1737.21104835584
2544.98133332992
2331.71208901632
1873.80321557504
1593.83055096832
1647.38710588416
1327.36882758656
1980.98105368576
1409.27180070912
1263.85320717312
1700.37763464192
2048.95328900096
2232.97536
1846.56578039808
2247.797805312
2469.03688311808
2877.5229680128
2413.77481773056
2265.39778151424
3903.00669544448
3918.7332780032
2743.83811764224
2370.05369793536
1584.00764547072
2362.68716882944
2273.89086342144
2120.41108274176
1772.8482555904
2187.95315060736
2231.37370657792
2344.08670188544
2451.16726557696
2505.50507610112
2463.50802844672
2384.14969491456
1906.99492098048
4785.439790848
4905.7218839552
3731.78974815232
1881.99009523712
1855.38458835968
1787.5025310208
1589.2924733952
1446.45052289024
1274.46008633344
1920.99358415872
1568.80432816128
1709.43574424576
1373.25100829696
1629.21900854272
1480.51699890176
1454.32094117888
1996.20579154944
2047.84876307456
1479.84776365056
1869.42497032192
1998.42528113664
1962.46588235776
3192.48101165056
4773.888
3893.4169072128
1943.98357088256
1905.65298924544
1242.19955390464
1090.10423120896
2000.30759911424
1462.0105531904
1214.8557913088
1475.64568674304
8191.172936089601
8033.435706624
6803.415445555201
9471.7570169344
8886.9690765312
9095.5618461696
7672.761863014401
6496.8263291391995
5969.7736041984
7021.3719149056
5882.6273044992
3592.2786506598404
4272.750592
6707.1810720768
6666.8423529472
5669.6685714432
4887.2966580992
3328.95479032832
3778.89168123392
6868.3397706752
6352.6689773568
5433.9166858240005
6051.778682624
5009.28688172032
4858.74685579264
6305.9588214784
6755.9164178944
6527.903115008001
5251.4337917952
4868.72425120768
2177.7561026969597
1677.512762624
2098.83777653248
3639.10120308736
4263.53063515648
4325.48683886592
5020.5676901017605
3277.4050492364804
2595.4794366208
4676.28356435456
5625.877864755201
6876.5474369536005
6726.0832866304
6878.4697744384
8712.382745088
9720.161975296
7023.3611583488
7040.106985062401
6347.4774548992
5775.105984512001
4339.63856573952
4758.80463931904
5901.3274372096
5233.7744165376
6255.1771428352
6841.845827839999
7934.3064183808
7108.322835456001
9267.2
7961.3323153408
7688.089488588799
9394.5631840768
9948.6218039296
6306.9654092288
6364.7939047424
6473.2734095872
6289.482577049601
8156.0232641024
6564.216883302401
6930.3730041344
7567.507455999999
8024.5217191936
6709.140915046401
5956.328168192
4575.45206239232
4812.06221117952
6988.760133478399
10458.7563446272
17403.2851798528
8660.25036544
6479.6212244992
4922.09294498304
5263.48780032
4270.7404532224
5645.7033717248
7252.9135115776
5478.0436194816
5091.4208564224
5263.9963842048
3431.13509181952
6706.9829308928
7390.145306112
9304.2934439936
8770.8351527936
9141.2781859328
10671.0049032192
10765.736152524802
10514.8525456896
7450.580884224
8531.2617931264
8715.2931846144
9172.5705897984
9595.9670773248
10122.369802803201
10795.5346285568
11291.9405714432
8849.5045026304
11809.2380327936
11747.4989406208
11908.382445568
13171.0001486848
12764.4968420864
12094.5427692544
9786.0816398336
9454.170964480001
12297.975741952
13431.03744512
12471.1238230016
13002.808366950401
13391.365150924801
14225.3868502528
14093.4275486208
13969.0921393152
13900.8
12143.5511898624
14159.0265330688
15228.283870976
13566.302459904
13528.6815267328
13528.4080971776
11786.751999999999
11709.7537418752
11671.2519745024
15697.5748314624
15665.8664185856
14118.4840596992
12530.461208064
12005.8311111168
16702.798147379202
16330.1185979392
13934.2089208832
14543.7392592384
15525.983255808002
10250.239999999998
8957.8534707712
7987.4576100864
9140.1846153728
11634.123034470398
13585.849020313599
14225.980791552
16473.2165181952
16627.0197182976
17475.1649567744
17497.227417856
18188.052389376
18102.180298496
18242.6760705536
18304.7732244992
18134.0360784384
18037.1529306624
17274.211592704
17207.2846537216
20315.3808695808
21255.410930944
19860.6209174528
18411.6272251392
19122.0528961536
20624.571492966403
20475.4488888832
22357.616094668803
22344.4760423936
6607.7222830592
30015.146666649598
29994.638688512
21285.342275430397
18310.0725581312
15429.053836953599
13711.836279091202
14130.853615206399
14752.250930688002
20551.873207552
20640.950184038404
12471.1238230016
13270.6564793856
14922.664753356801
13914.0568350208
13565.5838202368
16277.0291014656
16331.009790208
6517.259130419199
18891.321497344
8813.5691948544
8513.082416128
11288.26292992
11365.703401369601
8486.461440000001
8686.055241779199
12724.9066666496
11658.5604450816
9369.0160778752
7969.1527548416
8236.9355294208
6636.8441379328
9904.9052684288
7046.3590035456
6319.266035865599
8501.8881732096
10244.7664450048
11164.8768
9232.8289019904
11238.98902656
12345.1844155904
14387.614840064
12068.8740886528
11326.988907571198
19515.0334772224
19593.666390016002
13719.1905882112
11850.2684896768
7920.0382273536
11813.4358441472
11369.4543171072
10602.0554137088
8864.241277952
10939.7657530368
11156.8685328896
11720.433509427201
12255.8363278848
12527.525380505598
12317.5401422336
11920.7484745728
9534.9746049024
23927.198954239997
24528.609419776
18658.9487407616
9409.9504761856
9276.9229417984
8937.512655104
7946.462366976
7232.2526144512
6372.3004316671995
9604.9679207936
7844.0216408064
8547.1787212288
6866.2550414848
8146.0950427136
7402.584994508799
7271.6047058944005
9981.0289577472
10239.2438153728
7399.238818252799
9347.1248516096
9992.1264056832
9812.3294117888
15962.4050582528
23869.44
19467.084536064
9719.917854412799
9528.2649462272
6210.9977695232
5450.521156044801
10001.5379955712
7310.052765952
6074.278956544
7378.2284337152
