751.801107094528
1198.3163602432
1006.805802198016
1016.061207272448
1165.4537300992
992.069671735296
859.066895705088
913.796937684992
950.159176047616
1296.25327660032
935.114080869376
1018.297465153536
981.79011764736
1272.07185275904
1196.66504667136
1184.70686567424
1197.58009448448
1051.87706313728
1122.98614514688
1015.376030132224
993.62258363904
1265.9714745344
1053.67197915136
917.393092923392
1191.44922898432
1128.22891162624
1112.49499232256
1238.85896132608
998.0242877696
1059.47534297088
1108.2115644928
979.783873816576
1083.48697970688
1130.67920766976
806.259843575808
1039.6513821184
769.930842684416
1089.54209523712
1022.316153627648
859.22390449152
875.223075432448
709.595029387264
763.906171792384
793.354128997376
813.887157412864
956.275044534272
1058.0523626496
976.577987577856
1061.77819856896
949.030155413504
920.307176825856
949.076129760256
866.689416974336
823.53638117376
956.93867433472
884.898261241856
1004.718690707456
940.632335008768
1022.028183806976
933.664763017216
734.444307692544
792.15823806976
511.987600403456
514.443332365312
433.681609345024
796.476906616832
1099.31225458688
809.000688741376
883.764360568832
985.56292026368
917.496054316032
812.934130624512
795.735317829632
717.34440506368
1240.42404384768
1099.70477786112
1298.11887603712
1081.8916083712
887.184586797056
884.138618428416
862.775652173824
830.200174672896
890.797539273728
734.260171828224
570.544626454528
502.952346105856
439.467063750656
784.968574756864
551.726045891584
404.178941985792
531.173465693184
502.417093305344
390.140882122752
637.085538461696
960.40587969024
798.554380205056
904.196471615488
952.971339706368
989.245540182016
875.99703793664
826.46787309056
1033.77715805184
841.093955197952
861.73651798528
481.329569426432
355.751714205696
388.207478180864
363.544547060736
430.76467569152
466.949380624384
551.65419073536
366.162494927872
311.962412698624
489.30408199168
492.229053188096
531.89710219776
592.337126760448
510.593113043968
377.445036484608
383.16110995968
715.27042492416
517.614988210176
872.661233876992
774.571940298752
823.821849720832
763.409426255872
766.047545638912
657.227606217728
708.902912
784.393615023104
881.71027948032
740.732463505408
505.253647058944
509.265185905664
466.342856351744
827.954863894528
925.039828241408
990.19153697792
936.145028909056
923.08945454592
534.120659083264
669.104937166848
491.04550168576
320.192804764672
354.336478477312
277.2938340608
322.161982630912
766.794472727552
679.606502080512
483.5557596416
480.246028916736
557.835038393344
3759.00553547264
5991.581801216
5034.02901099008
5080.30603636224
5827.268650495999
4960.34835867648
4295.334478525439
4568.98468842496
4750.79588023808
6481.266383001601
4675.57040434688
5091.48732576768
4908.9505882368
6360.3592637952
5983.3252333568
5923.534328371199
5987.9004724224
5259.3853156864
5614.930725734401
5076.88015066112
4968.1129181952
6329.857372672
5268.359895756799
4586.96546461696
5957.2461449216
5641.1445581312
5562.474961612799
6194.2948066304
4990.121438848
5297.3767148544
5541.057822464
4898.91936908288
5417.4348985344
5653.3960383488
4031.29921787904
5198.256910592
3849.65421342208
5447.710476185601
5111.580768138239
4296.1195224576
4376.11537716224
3547.97514693632
3819.5308589619203
3966.77064498688
4069.43578706432
4781.37522267136
5290.261813247999
4882.88993788928
5308.8909928448
4745.15077706752
4601.53588412928
4745.38064880128
4333.44708487168
4117.6819058688
4784.6933716736
4424.49130620928
5023.59345353728
4703.16167504384
5110.14091903488
4668.32381508608
3672.22153846272
3960.7911903488002
2559.93800201728
2572.21666182656
2168.40804672512
3982.38453308416
5496.5612729344
4045.0034437068803
4418.82180284416
4927.8146013184
4587.48027158016
4064.67065312256
3978.67658914816
3586.7220253184
6202.1202192384
5498.523889305599
6490.594380185599
5409.458041856
4435.92293398528
4420.69309214208
4313.87826086912
4151.00087336448
4453.98769636864
3671.30085914112
2852.72313227264
2514.76173052928
2197.33531875328
3924.8428737843196
2758.63022945792
2020.8947099289599
2655.86732846592
2512.0854665267198
1950.7044106137598
3185.4276923084803
4802.0293984512
3992.77190102528
4520.98235807744
4764.85669853184
4946.22770091008
4379.985189683201
4132.3393654528
5168.8857902592
4205.46977598976
4308.6825899264
2406.6478471321598
1778.7585710284798
1941.0373909043199
1817.72273530368
2153.8233784576
2334.74690312192
2758.2709536767998
1830.81247463936
1559.8120634931201
2446.5204099584
2461.14526594048
2659.4855109888
2961.68563380224
2552.96556521984
1887.22518242304
1915.8055497984
3576.3521246208
2588.0749410508797
4363.30616938496
3872.85970149376
4119.10924860416
3817.0471312793597
3830.23772819456
3286.1380310886398
3544.51456
3921.9680751155197
4408.551397401599
3703.6623175270397
2526.26823529472
2546.32592952832
2331.71428175872
4139.77431947264
4625.19914120704
4950.9576848896
4680.72514454528
4615.4472727296
2670.6032954163197
3345.52468583424
2455.2275084288
1600.96402382336
1771.6823923865602
1386.469170304
1610.80991315456
3833.9723636377603
3398.0325104025596
2417.778798208
2401.23014458368
2789.17519196672
