1449.984
1609.7100087808
1942.64309617664
2245.44085332992
2212.72147835904
2082.19931598848
2036.0302016512
2197.73659833344
1518.71668647936
1453.54974859264
1716.63807649792
355.983441901568
267.053170929664
342.166094071808
496.289863227392
778.365772773376
957.13352624128
993.235718919168
702.952636244992
582.30904901632
526.429609810944
643.382731034624
1528.98848820224
1529.48831255552
1854.0322242048
1644.118592512
1853.16919008256
1909.06480734208
1859.8863575552
1722.92266667008
1669.84670967808
1432.19543294976
1572.90040889344
1470.15801698304
1527.3054505984
1590.60712727552
1566.14393155584
1079.922247936
1086.53835226112
900.78158404608
522.490064915456
739.592936344576
896.349276178432
778.675171960832
1329.45554971648
1716.99426548736
1784.44073644032
1998.17451718656
2220.5325543936
2436.02075399168
2116.02193711104
1795.20635923456
1695.342239232
1715.33723711488
1751.04867796992
1775.49552941056
1774.27331437568
1723.494022144
1403.57065691136
1580.6161610752
1620.86454935552
2054.168874496
2243.36364557312
2288.7101369856
1707.53751308288
1517.12518919168
1405.92319181824
1818.33079392256
2401.54101960704
2542.84524731392
2611.24296503296
2272.69053874176
2132.74976344064
2023.01596935168
1963.85808872448
1921.3747278336
1951.62176857088
1907.27198948352
1642.90043697152
1675.4693403648
1516.37758724096
1996.38797633536
2200.58213173248
1932.48986380288
1816.46628571136
1984.06453781504
2073.12213332992
2505.48533781504
2113.36752699392
2328.6644736
2672.4510701056
3050.79553741824
3037.78195620864
2859.08062411776
2857.89332180992
2862.5943594496
2703.81922604032
2592.69298168832
2356.25325714432
2400.42375427072
2372.43096948736
2266.78726934528
745.527236514816
2206.3866394112
2524.34599601152
2780.0252631552
2703.05260787712
2685.75847339008
2628.20862107648
2605.14635293696
2863.76903320576
2948.0448
2925.1176192512
2881.96778336256
2584.65930847232
2578.1416705024
2992.01059872768
2880.70347967488
2778.91794572288
2700.96397385728
2678.01174122496
2661.40997156864
2668.9536
2419.52217906176
2378.9071515136
2513.5536772096
3171.1232
3082.18657391616
3122.91289719808
1989.79166236672
1625.58934298624
1485.7188324352
1634.016561408
1745.16128497664
1999.86983510016
2036.76951272448
2077.23148735488
2444.93963636736
2563.14159223808
2548.49347367936
2444.70636575744
2216.15694605312
2182.60749473792
2240.74672779264
2437.63101727744
2663.61947460608
2771.16688295936
2692.28729670656
2736.87650761728
2870.46524162048
2785.884129792
2750.05997279232
2676.41611490304
2597.47225276416
2313.85579650048
2414.11413332992
2477.71792265216
2126.05940230144
2330.23334104064
2321.41159298048
2187.264
1543.0464726528
909.190987797504
641.89997924352
1658.78339622912
1876.31939946496
2218.7039030272
2059.2786704896
1660.85148132352
1830.24217655296
2215.27570117632
2381.36700826624
1682.45789425664
1994.19476017152
1627.0948518912
1802.74426945536
1844.93025293312
1848.933266944
2110.44949574656
2003.87515374592
1609.7965933056
365.655680331776
692.044
438.150657010688
1275.4552098816
1140.79082834944
1196.07562087424
1235.62666667008
758.671841835008
968.520115147776
1107.5115542528
919.166144927744
800.116153498624
794.65322235392
947.149714285568
918.811367775232
932.5122442752
822.620702649344
1182.84856189952
898.327095916544
1560.19948746752
1573.17786973184
1778.88545291264
1388.27476248576
1022.761737293824
480.343681956864
478.2929767168
802.340510779392
1301.19901497344
1607.60222784512
1762.37163383808
1479.77880701952
1442.579846912
1076.17699002368
955.698057545728
1015.499698924544
1246.43005961216
1097.7641944064
1041.95179720704
1088.5679102464
980.682789438464
1069.05111799808
919.726249723904
1261.7538904576
1070.55388996608
518.733174112256
2848.0229180928
1675.27854200832
1069.70113897472
1344.78806883328
1147.32317377536
1149.4070455296
1255.35066550272
1464.51051162624
1178.65549300736
724.18824335872
610.736345909248
1137.32584926208
1217.34663013376
1889.599488
1751.87676749824
2047.84588133376
2044.00420795392
2101.5195260928
2331.7262874624
2442.45000363008
2287.7223896064
2045.17476478976
2222.20650417152
2166.43506159616
1616.96914285568
1421.6645670912
1572.61575757824
1541.10930762752
2137.77737972736
1748.4325925888
1743.57289347072
1720.63813592064
1740.37333332992
1482.35134322688
737.69044106752
440.65408256512
706.78793929216
597.986911673344
613.250199027712
7249.92
8048.550043904001
9713.2154808832
11227.204266649602
11063.607391795198
10410.9965799424
10180.151008256
10988.6829916672
7593.5834323968
7267.7487429632
8583.1903824896
1779.9172095078402
1335.26585464832
1710.83047035904
2481.44931613696
3891.82886386688
4785.6676312064
4966.17859459584
3514.76318122496
2911.5452450816
2632.14804905472
3216.9136551731203
7644.9424410112
7647.4415627776
9270.161121024
8220.59296256
9265.8459504128
9545.3240367104
9299.431787776
8614.6133333504
8349.2335483904
7160.9771647488005
7864.5020444672
7350.790084915199
7636.527252992
7953.0356363776
7830.7196577792
5399.61123968
5432.6917613056
4503.9079202304
2612.45032457728
3697.9646817228795
4481.74638089216
3893.37585980416
6647.2777485824
8584.9713274368
8922.2036822016
9990.8725859328
11102.662771968
12180.103769958401
10580.1096855552
8976.0317961728
8476.71119616
8576.686185574401
8755.2433898496
8877.4776470528
8871.3665718784
8617.47011072
7017.8532845568
7903.080805375999
8104.3227467776
10270.844372480002
11216.818227865599
11443.550684928
8537.6875654144
7585.6259459584
7029.615959091199
9091.6539696128
12007.705098035201
12714.2262365696
13056.2148251648
11363.452693708801
10663.748817203199
10115.0798467584
9819.2904436224
9606.873639168
9758.1088428544
9536.3599474176
8214.5021848576
8377.346701824
7581.887936204801
9981.9398816768
11002.9106586624
9662.4493190144
9082.3314285568
9920.3226890752
10365.6106666496
12527.4266890752
10566.8376349696
11643.322368
13362.255350528001
15253.977687091201
15188.909781043201
14295.4031205888
14289.4666090496
14312.971797248
13519.096130201598
12963.4649084416
11781.266285721598
12002.1187713536
11862.1548474368
11333.936346726401
3727.6361825740796
11031.933197056002
12621.7299800576
13900.126315775999
13515.2630393856
13428.7923669504
13141.0431053824
13025.731764684799
14318.845166028801
14740.224
14625.588096255999
14409.838916812801
12923.2965423616
12890.708352512
14960.052993638401
14403.517398374399
13894.5897286144
13504.8198692864
13390.0587061248
13307.049857843198
13344.768
12097.6108953088
11894.535757568001
12567.768386048001
15855.616
15410.9328695808
15614.564485990399
9948.9583118336
8127.9467149311995
7428.594162176
8170.082807039999
8725.8064248832
9999.3491755008
10183.8475636224
10386.1574367744
12224.6981818368
12815.707961190401
12742.4673683968
12223.5318287872
11080.784730265601
10913.037473689601
11203.7336389632
12188.1550863872
13318.0973730304
13855.8344147968
13461.4364835328
13684.3825380864
14352.3262081024
13929.42064896
13750.2998639616
13382.080574515201
12987.361263820801
11569.278982502401
12070.5706666496
12388.5896132608
10630.2970115072
11651.166705203199
11607.057964902398
10936.32
7715.232363264
4545.95493898752
3209.4998962175996
8293.9169811456
9381.5969973248
11093.519515135999
10296.393352447998
8304.2574066176
9151.2108827648
11076.378505881601
11906.8350413312
8412.2894712832
9970.9738008576
8135.474259456
9013.7213472768
9224.651264665601
9244.666334720001
10552.2474787328
10019.3757687296
8048.982966528
1828.27840165888
3460.22
2190.75328505344
6377.276049408
5703.9541417472
5980.378104371201
6178.133333350401
3793.3592091750397
4842.60057573888
5537.557771264
4595.830724638719
4000.58076749312
3973.2661117696
4735.74857142784
4594.05683887616
4662.5612213760005
4113.1035132467205
5914.2428094976
4491.63547958272
7800.9974373376
7865.889348659201
8894.427264563199
6941.3738124288
5113.80868646912
2401.71840978432
2391.464883584
4011.70255389696
6505.9950748672
8038.0111392256
8811.8581691904
7398.8940350976
7212.89923456
5380.8849501183995
4778.49028772864
5077.49849462272
6232.1502980608
5488.820972032
5209.7589860352
5442.839551232
4903.41394719232
5345.2555899904
4598.63124861952
6308.769452287999
5352.769449830401
2593.6658705612804
14240.114590464
8376.3927100416
5348.5056948736
6723.9403441664
5736.615868876799
5747.035227648001
6276.753327513599
7322.5525581312
5893.2774650368
3620.9412167936
3053.68172954624
5686.6292463104
6086.733150668801
9447.997440000001
8759.383837491201
10239.2294066688
10220.021039769601
10507.597630463999
11658.631437311999
12212.2500181504
11438.611948032001
10225.873823948801
11111.0325208576
10832.175307980799
8084.8457142784
7108.322835456001
7863.0787878912
7705.5465381376
10688.8868986368
8742.162962944
8717.8644673536
8603.1906796032
8701.8666666496
7411.7567161344
3688.4522053376004
2203.2704128256
3533.9396964608
2989.93455836672
3066.25099513856
