2402.47897476096
2562.44825107456
2172.7903873536
2226.4289402368
1729.47947625472
1981.02289424384
2192.21767515136
1964.5905454592
1619.1488
1705.08235091968
1860.12488835072
1856.09907237888
2250.39532583936
2383.30703448064
2391.50033027072
2028.76319489024
2300.94813918208
2241.79114950656
2121.19605194752
2284.59606779904
1923.82244917248
1798.88518094848
1937.34256869376
2307.68386377728
1610.38191577088
1932.8224382464
2081.13287356416
2115.41011320832
2835.95317206016
2435.83303927808
2020.15970686976
2023.39731596288
1834.61599017984
1447.4543640064
1193.55351068672
1356.4593249792
1607.042792192
2125.3186879488
2812.86988649472
2140.75757507584
2184.27865975808
2418.10494992384
2405.22043405312
2044.32732960768
1003.430390967296
5880.49633195008
5901.75975665664
4301.09879634944
2652.33879364608
2800.70929323008
2871.84367607808
3407.06316961792
3428.8004671488
2460.60088889344
2744.53957938176
3130.66278788096
2648.63684094976
2599.80325925888
2623.97123595264
2578.87243011072
2541.4943309312
2543.17468013568
2601.94724102144
2550.01047482368
2541.0774144512
2354.08084327424
1647.95983853568
958.5282789888
1794.9689421824
2180.03966343168
2505.79717086208
2772.82978217984
2598.73053164544
2330.05260498944
2735.78843523072
2544.30875533312
2348.74592897024
2567.75876923392
2541.91590893568
2506.47630769152
2485.33416829952
2449.15735909376
2444.85194203136
2495.73661120512
2246.51946667008
2054.99216161792
2248.6064761856
1877.3629225984
1829.15800735744
2365.75530359808
1948.34711646208
1915.96359788544
1797.46270140416
1942.47901049856
2435.83303927808
2986.91785101312
2923.21400470528
2733.4772065792
2955.34523590656
3137.40243478528
2936.63532358656
2946.80899367936
3089.33454852096
2851.9375238144
2579.1379658752
2798.00297345024
2700.08843450368
2346.4609772032
2323.39423492096
1610.2614541312
1738.8952343552
2129.16710013952
2047.84588133376
2001.1657964032
1940.07466667008
2019.7999894016
1887.50343899136
1710.23906796544
1807.7884081664
1969.08534910976
1191.77357750272
823.652275155968
1012.727689810944
1487.47414012928
1263.95328589824
1181.49736455168
1214.34546623488
1514.56630448128
1483.06048535552
855.702125479936
970.435842195456
1065.40701304832
821.084343539712
862.39762962944
951.45798870016
1029.3127660544
1264.3603069952
1687.39489314816
1834.41135722496
1508.59190856704
1395.93156035584
1519.44265054208
1577.04869291008
1744.512
2178.33038440448
1859.45206441984
1574.45830227968
1856.3387510272
2079.192169728
1607.04820268032
929.499595659264
453.827352235008
286.167165643776
1107.55109658624
1124.62375923712
994.136131147776
1367.77004721152
1315.152328448
1187.37839657984
1118.2534479872
1165.81903789056
1459.889485312
1501.21689959424
1996.62957405184
2278.74492632064
2674.23634980864
2910.0504615424
2742.21830711296
2780.22536170496
3028.80731062272
2607.62338968576
2235.78751323136
2206.32012251136
2685.75847339008
2647.78559404032
2435.05088659456
2569.80598675456
2700.49905343488
3066.00631192576
3218.09361555456
3450.11084163072
3314.75357635584
3239.62526896128
3662.28969508864
4045.90181154816
3983.10831807488
3884.19397318656
3899.70488889344
3221.15089654784
3192.48101165056
3196.99286878208
3200.52067796992
3093.77873170432
3055.616
3051.6135159808
2675.19280432128
2369.75755145216
2090.17478327296
2072.31272187904
2279.63538409472
1845.73352585216
2494.92924721152
1895.07426461696
1792.95573332992
5577.54050704384
5573.68356834304
1063.09566158848
1063.93192032256
832.24425688064
933.755949850624
1700.14157965312
1373.917542912
1468.50736887808
1244.69844538368
1531.71781818368
1338.44884210688
1975.7630125568
2112.8509547008
2431.91480587264
2428.65574002688
1819.26912
1289.8205520896
1783.16876342272
2050.12870935552
1504.21779104768
1974.93225074688
2779.34217449472
2698.93868592128
2681.08024242176
1901.03857738752
1794.19428571136
1824.9468996096
1732.95216094208
1891.28488421376
2203.1703323648
2539.55289959424
2024.25791617024
2109.41001463808
2197.80535735296
2221.6576
2293.20326213632
1977.2774726144
1847.33877807104
1957.21632796672
2285.2413251584
2135.7829019648
2578.1416705024
2763.20978823168
2418.61111263232
2460.44675785728
2489.44269879296
1867.01591752704
1977.31515493376
2085.12
2805.08930994176
2656.14821052416
2577.89378839552
2275.24534529024
2215.3216
2235.12829431808
3091.60708196352
2484.4761051136
2177.09294257152
2611.3722616832
2566.2181180928
12012.394873804802
12812.2412553728
10863.951936768
11132.144701184
8647.3973812736
9905.1144712192
10961.088375756799
9822.952727296
8095.744
8525.4117545984
9300.6244417536
9280.4953618944
11251.976629196799
11916.5351724032
11957.5016513536
10143.8159744512
11504.740695910401
11208.9557475328
10605.9802597376
11422.980338995201
9619.1122458624
8994.4259047424
9686.7128434688
11538.4193188864
8051.9095788544
9664.112191232
10405.6643678208
10577.0505660416
14179.765860300799
12179.1651963904
10100.7985343488
10116.9865798144
9173.0799508992
7237.2718200320005
5967.7675534336
6782.296624895999
8035.21396096
10626.593439744
14064.3494324736
10703.787875379201
10921.393298790399
12090.5247496192
12026.1021702656
10221.6366480384
5017.15195483648
29402.481659750403
29508.7987832832
21505.4939817472
13261.6939682304
14003.546466150401
14359.2183803904
17035.315848089598
17144.002335744
12303.004444467198
13722.697896908801
15653.3139394048
13243.184204748799
12999.016296294401
13119.856179763201
12894.3621505536
12707.471654656
12715.8734006784
13009.7362051072
12750.0523741184
12705.387072256
11770.4042163712
8239.7991926784
4792.641394944
8974.844710912
10900.1983171584
12528.985854310398
13864.148910899201
12993.6526582272
11650.2630249472
13678.9421761536
12721.543776665601
11743.7296448512
12838.7938461696
12709.5795446784
12532.381538457601
12426.6708414976
12245.7867954688
12224.2597101568
12478.6830560256
11232.5973333504
10274.9608080896
11243.032380928
9386.814612992
9145.7900367872
11828.7765179904
9741.7355823104
9579.8179894272
8987.3135070208
9712.3950524928
12179.1651963904
14934.5892550656
14616.0700235264
13667.386032896
14776.7261795328
15687.0121739264
14683.1766179328
14734.0449683968
15446.672742604802
14259.687619072
12895.689829375999
13990.0148672512
13500.4421725184
11732.304886016
11616.971174604801
8051.307270656
8694.476171776001
10645.835500697598
10239.2294066688
10005.828982015999
9700.3733333504
10098.999947008
9437.517194956801
8551.1953398272
9038.942040832
9845.4267455488
5958.867887513599
4118.26137577984
5063.63844905472
7437.370700646399
6319.7664294912
5907.4868227584
6071.727331174399
7572.8315224064
7415.3024267776
4278.51062739968
4852.17921097728
5327.0350652416
4105.42171769856
4311.9881481472
4757.289943500799
5146.563830272
6321.801534976001
8436.974465740801
9172.0567861248
7542.9595428352
6979.6578017792
7597.2132527103995
7885.2434645504
8722.56
10891.6519220224
9297.2603220992
7872.2915113984
9281.693755136
10395.96084864
8035.2410134016
4647.49797829632
2269.13676117504
1430.8358282188801
5537.755482931199
5623.1187961856
4970.68065573888
6838.8502360576
6575.76164224
5936.8919828992
5591.267239936
5829.0951894528
7299.44742656
7506.0844979712
9983.147870259201
11393.7246316032
13371.1817490432
14550.252307712
13711.0915355648
13901.126808524801
15144.0365531136
13038.116948428798
11178.937566156801
11031.600612556798
13428.7923669504
13238.927970201601
12175.254432972799
12849.0299337728
13502.4952671744
15330.031559628802
16090.4680777728
17250.5542081536
16573.7678817792
16198.126344806402
18311.4484754432
20229.5090577408
19915.5415903744
19420.9698659328
19498.5244444672
16105.754482739201
15962.4050582528
15984.9643439104
16002.6033898496
15468.8936585216
15278.08
15258.067579904
13375.9640216064
11848.7877572608
10450.8739163648
10361.5636093952
11398.1769204736
9228.6676292608
12474.646236057599
9475.371323084799
8964.7786666496
27887.7025352192
27868.4178417152
5315.4783079424
5319.6596016128005
4161.2212844032
4668.77974925312
8500.7078982656
6869.587714560001
7342.536844390399
6223.492226918401
7658.5890909184
6692.2442105344
9878.815062784
10564.254773503999
12159.5740293632
12143.278700134399
9096.3456
6449.102760448
8915.8438171136
10250.643546777601
7521.088955238401
9874.6612537344
13896.710872473599
13494.6934296064
13405.4012121088
9505.1928869376
8970.9714285568
9124.734498048
8664.7608047104
9456.424421068801
11015.851661824
12697.7644979712
10121.2895808512
10547.050073190401
10989.0267867648
11108.288
11466.0163106816
9886.387363072
9236.6938903552
9786.0816398336
11426.206625792
10678.914509824
12890.708352512
13816.048941158399
12093.055563161599
12302.2337892864
12447.2134939648
9335.0795876352
9886.5757746688
10425.599999999999
14025.446549708799
13280.741052620799
12889.4689419776
11376.226726451201
11076.608
11175.6414715904
15458.035409817601
12422.380525568002
10885.4647128576
13056.861308416
12831.090590464
