635.478516691968
715.647898007552
1273.96516338688
1875.28075167744
1288.01578585088
1662.45770123264
1308.672
1169.79892877312
1271.4469743616
895.939764706304
789.344896586752
1112.0168778752
1136.36983829504
862.921512484864
596.734534909952
692.101231607808
534.033258427392
495.978784270336
738.687871356928
624.394524609536
856.607258947584
935.064079207424
895.03796900352
900.763610875904
923.189183604736
956.251837056
954.195309618176
1016.931845805056
858.09510927872
918.292410022912
979.426060695552
599.886987928576
360.378894191616
903.388875557888
867.223907861504
631.633731477504
647.725253123072
462.668112480256
708.067247290368
572.924506443776
343.015281801216
761.71940513792
741.114732510208
706.778545630208
820.46212579328
1005.10611063808
451.341324804096
804.012218181632
990.9405129728
1225.31031578624
926.457467800576
1199.45628520448
1142.9334890496
1264.3230258688
545.086689598464
1364.97931626496
1228.84168956928
1487.56954701824
1437.1288615424
1185.1025867776
1015.866892882944
885.489894490112
1367.60030188544
1720.63813592064
1744.91738903552
1340.67321326592
1299.7657192448
1355.64973613056
1491.54892526592
1454.9292786176
1612.85325149184
1410.86049370112
1541.67493366784
1240.63004222464
1337.856
1161.53225787392
1662.14162963456
1374.1693584896
1636.34045546496
1373.1705144832
1709.29442799616
1567.9656907264
1866.60895159296
1570.50092307456
1788.2742023168
1691.84385862656
1771.8850281472
2021.29408
1325.12335644672
2132.5550402048
1424.08541682688
1859.39471117312
1593.13301598208
1714.42277239808
2041.16642025472
2051.48001240064
1654.28222636032
1969.97632674816
1879.96064807936
1862.20015483904
2090.11637444608
2046.39513450496
1704.70847031296
1188.89703225344
1632.1542635008
1621.40685128704
1554.97273229312
1329.08398524416
1450.68222794752
1504.6146708992
1047.44982705152
1262.94777542656
828.97569068544
444.70351031296
680.66575788032
1620.56215940096
1588.89014404096
1581.63523232768
1441.81700102144
1730.95149024256
1796.7282086912
1650.11885193216
1820.28364343296
2358.92363636736
2021.79250579456
1849.56917277696
2011.51233022976
2149.91403389952
2097.34589348864
2019.04338368512
1368.78410322944
1148.51420972032
1138.1282981376
816.212751704064
1434.7864877568
1384.9757423104
869.06379518976
732.341422116864
610.529366679552
1322.22162270208
1508.7478403072
1233.14923651072
1446.10241155072
1559.00535337984
1568.74745837568
1355.39568836608
1633.64846401536
1604.70662544384
1749.98674285568
1756.23671661568
2039.54109273088
1904.06193548288
1831.98859214848
1861.12830961664
2237.006715648
1568.33544827904
2123.85407624192
2120.41108274176
1661.38174850048
1565.55482718208
1357.13293128704
1397.48701011968
704.62395475968
898.8002336512
1069.04082963456
1399.65006964736
1052.43178345472
2638.45869549568
785.881089119232
1696.26806733824
2222.66668540928
2029.118079232
1776.4821701632
1493.61057958912
576.585914031104
331.508682104832
722.272134016
676.092452938752
1219.68864233472
1452.21963353088
832.395737991168
591.556022856704
1036.96614569984
1377.36259670016
1149.48332988416
1426.220838656
1205.328079872
1505.516096512
1526.36235293696
1233.08553212928
1500.0752101888
929.056432964608
1663.54003934208
1754.71017822208
1811.12021680128
1193.13083124736
1354.65778582528
1854.01675547648
1273.93692401664
1183.88797188096
1300.25901305856
1319.46199292928
609.499392379904
821.732689798144
1394.3851267584
1634.47682700288
1325.50535021568
1284.90895909888
1125.14262325248
950.2073001216
1306.59028806656
1585.95069863936
1496.18433702912
1731.43564663808
1666.66050077696
1567.97089787904
1489.61312303104
705.102586046464
487.975049426944
952.055550665728
1003.734686896128
936.3080025856
1007.790885393408
1011.978426747904
3177.3925834598404
3578.2394900377603
6369.8258169344
9376.403758387201
6440.0789292544005
8312.2885061632
6543.360000000001
5848.9946438656
6357.234871808
4479.69882353152
3946.72448293376
5560.084389375999
5681.849191475199
4314.60756242432
2983.67267454976
3460.50615803904
2670.16629213696
2479.89392135168
3693.43935678464
3121.97262304768
4283.03629473792
4675.32039603712
4475.1898450175995
4503.81805437952
4615.94591802368
4781.25918528
4770.97654809088
5084.65922902528
4290.4755463936
4591.46205011456
4897.13030347776
2999.4349396428797
1801.8944709580799
4516.94437778944
4336.11953930752
3158.1686573875204
3238.62626561536
2313.3405624012803
3540.33623645184
2864.6225322188798
1715.0764090060802
3808.5970256896003
3705.57366255104
3533.89272815104
4102.3106289664
5025.5305531904005
2256.70662402048
4020.0610909081597
4954.702564864
6126.551578931199
4632.28733900288
5997.2814260224
5714.667445248
6321.615129344
2725.43344799232
6824.8965813248005
6144.2084478464
7437.8477350912
7185.644307712
5925.512933888
5079.33446441472
4427.44947245056
6838.0015094272
8603.1906796032
8724.5869451776
6703.3660663296
6498.828596224001
6778.2486806528
7457.7446263296
7274.646393088
8064.2662574592
7054.302468505601
7708.3746683392
6203.1502111232
6689.28
5807.661289369599
8310.7081481728
6870.846792448
8181.702277324801
6865.852572415999
8546.4721399808
7839.828453632
9333.0447579648
7852.5046153728
8941.371011584
8459.219293132799
8859.425140736
10106.4704
6625.6167822336
10662.775201024
7120.4270841344
9296.9735558656
7965.6650799104
8572.1138619904
10205.8321012736
10257.4000620032
8271.4111318016
9849.8816337408
9399.803240396799
9311.0007741952
10450.5818722304
10231.9756725248
8523.5423515648
5944.485161267201
8160.771317504
8107.0342564351995
7774.863661465601
6645.4199262208
7253.4111397376
7523.073354496
5237.2491352576
6314.7388771328
4144.8784534272
2223.5175515648
3403.3287894016003
8102.8107970047995
7944.4507202048
7908.176161638399
7209.0850051072
8654.757451212801
8983.641043456
8250.5942596608
9101.418217164799
11794.618181836799
10108.9625289728
9247.845863884799
10057.5616511488
10749.5701694976
10486.7294674432
10095.2169184256
6843.9205161472
5742.5710486016
5690.641490688
4081.06375852032
7173.932438784
6924.878711552
4345.3189759488
3661.70711058432
3052.64683339776
6611.1081135104
7543.739201536
6165.746182553599
7230.5120577536
7795.0267668992
7843.7372918784
6776.978441830401
8168.242320076801
8023.5331272192
8749.933714278399
8781.1835830784
10197.7054636544
9520.3096774144
9159.942960742399
9305.6415480832
11185.03357824
7841.6772413952
10619.2703812096
10602.0554137088
8306.908742502399
7827.7741359104
6785.6646564352
6987.4350505984
3523.1197737984003
4494.001168256
5345.204148172799
6998.250348236799
5262.1589172736
13192.293477478399
3929.40544559616
8481.340336691199
11113.3334270464
10145.59039616
8882.410850815999
7468.0528979456
2882.92957015552
1657.5434105241602
3611.36067008
3380.46226469376
6098.443211673601
7261.0981676544
4161.978689955839
2957.7801142835197
5184.8307284992
6886.8129835008
5747.4166494208
7131.10419328
6026.64039936
7527.580482560001
7631.8117646847995
6165.4276606464
7500.376050944
4645.28216482304
8317.7001967104
8773.5508911104
9055.601084006401
5965.6541562368
6773.2889291264
9270.0837773824
6369.6846200832
5919.439859404801
6501.295065292799
6597.309964646401
3047.4969618995196
4108.66344899072
6971.925633792
8172.3841350144
6627.5267510784
6424.544795494399
5625.7131162624
4751.036500608
6532.9514403328
7929.7534931968
7480.921685145599
8657.1782331904
8333.302503884799
7839.8544893952
7448.0656151552
3525.5129302323203
2439.8752471347198
4760.27775332864
5018.67343448064
4681.540012928
5038.95442696704
5059.89213373952
