1413.6265889792
1161.88630272
1090.70628571136
1192.39046372352
1729.47947625472
1707.47009386496
1445.4493316096
1321.67196566528
1432.09911913472
1562.15138461696
1370.01240672256
1081.39334939648
854.5501184
1116.48768
920.565753972736
659.743251948544
575.67249053696
491.821527696384
565.162961937408
634.311378823168
679.279545910272
465.228926108672
367.174219800576
616.018089255936
496.737140785152
1376.93027057664
1442.6976892416
1482.535352064
1341.42184689664
1384.13860257792
1087.26754971648
429.587120331776
559.166803291136
649.362554128384
965.892997211136
1118.1624165376
1039.14942241792
891.262675593216
504.696808988672
846.234517357568
901.423623663616
1162.48649243648
1000.504888889344
1260.75656158208
986.71815683584
1032.192
1003.3373083392
1202.26126083072
1114.91138615296
854.834965003264
839.26746945536
968.194210071552
1005.879366166528
854.313509343232
1038.30085491712
892.061495952384
1173.12093279232
919.832111384576
1096.4011267584
952.199051116544
1006.460717948928
792.15823806976
849.882264656896
1083.94940673024
1084.90805194752
1015.12696650752
820.96719561216
747.404443236352
734.341214191616
854.863269036032
836.743416187904
845.45149584896
863.81365497856
897.999900396544
745.071262465024
734.004752249856
833.828183145472
771.440285026304
1133.9328
837.28116488192
1070.83116357632
645.828755838976
814.45882438144
985.908024144896
932.810851211264
1024.26292762624
999.380656084992
1139.8274887168
740.56819473408
661.383723250688
769.653778953216
972.126496644096
1021.564792711168
1493.008530944
1115.16007745536
1258.99582112768
1224.0058640384
1127.61088386048
692.907669113856
868.964447566848
694.298282330112
451.381577555968
1045.21383012352
1407.81245053952
1270.06289747968
1106.47186701312
827.745034279936
1218.889204736
1478.52360403968
1430.44352515072
1583.46325810176
1246.71712129024
1711.07799757824
746.386796203008
857.294214039552
633.021582399488
1069.7853354496
1378.901166336
875.42069919744
610.597108256768
495.946580257792
566.60318811136
790.369463757824
1156.10613861376
962.2272256768
857.966513660928
854.921199773696
659.791563068416
546.992987654144
557.849215358976
464.679601014784
508.030603636736
718.541073067008
958.883357324288
867.045845200896
1233.03130330112
1278.61871393792
1314.54066721792
1372.43935517696
1259.0972665344
1229.6864712192
1203.51076617216
1117.17229714432
917.63421965312
990.831739413504
789.67716325376
1035.20342535168
1060.304173056
1057.53982585856
1054.03428571136
1008.126723191808
1046.88467416064
503.583441347584
437.324307692544
490.673604335616
472.817020558336
356.238928311296
408.440089158656
429.611885714432
462.017832651776
454.47174224896
541.9641531392
518.982961941504
472.505314074624
509.364727801856
601.620614626304
635.444965517312
698.4172125696
535.888705084416
1341.47250793472
7068.1329448960005
5809.4315136000005
5453.531428556799
5961.9523186176
8647.3973812736
8537.3504693248
7227.2466580479995
6608.3598283264
7160.4955956736
7810.7569230848
6850.0620336127995
5406.9667469824
4272.750592
5582.4384
4602.8287698636805
3298.7162597427196
2878.3624526848002
2459.10763848192
2825.81480968704
3171.55689411584
3396.3977295513596
2326.14463054336
1835.8710990028799
3080.0904462796802
2483.68570392576
6884.6513528832
7213.488446208001
7412.6767603200005
6707.1092344832
6920.6930128896
5436.3377485824
2147.93560165888
2795.8340164556803
3246.81277064192
4829.46498605568
5590.8120826879995
5195.747112089601
4456.31337796608
2523.48404494336
4231.17258678784
4507.11811831808
5812.4324621824
5002.52444444672
6303.7828079104
4933.5907841791995
5160.96
5016.686541696
6011.3063041536
5574.5569307648
4274.17482501632
4196.3373472768
4840.97105035776
5029.39683083264
4271.56754671616
5191.5042745856
4460.30747976192
5865.6046639616
4599.1605569228805
5482.0056337920005
4760.995255582719
5032.303589744641
3960.7911903488002
4249.41132328448
5419.747033651201
5424.5402597376005
5075.6348325376
4104.8359780608
3737.02221618176
3671.70607095808
4274.31634518016
4183.71708093952
4227.2574792448
4319.068274892799
4489.99950198272
3725.35631232512
3670.02376124928
4169.14091572736
3857.20142513152
5669.664000000001
4186.4058244095995
5354.1558178816
3229.14377919488
4072.2941219072
4929.5401207244795
4664.05425605632
5121.3146381312
4996.90328042496
5699.137443584
3702.8409736703998
3306.91861625344
3848.26889476608
4860.63248322048
5107.82396355584
7465.04265472
5575.8003872767995
6294.9791056384
6120.029320191999
5638.0544193024
3464.53834556928
4344.82223783424
3471.4914116505597
2256.90788777984
5226.0691506176
7039.062252697599
6350.3144873984
5532.359335065599
4138.72517139968
6094.4460236800005
7392.618020198401
7152.2176257536
7917.316290508799
6233.585606451199
8555.3899878912
3731.93398101504
4286.47107019776
3165.10791199744
5348.9266772480005
6894.50583168
4377.1034959871995
3052.98554128384
2479.73290128896
2833.0159405568
3951.8473187891195
5780.5306930688
4811.136128384
4289.83256830464
4274.60599886848
3298.9578153420803
2734.9649382707203
2789.24607679488
2323.39800507392
2540.1530181836797
3592.7053653350404
4794.41678662144
4335.22922600448
6165.1565165056
6393.0935696895995
6572.703336089599
6862.1967758847995
6295.486332672
6148.432356096
6017.553830860799
5585.8614857216
4588.1710982656
4954.15869706752
3948.3858162688
5176.017126758399
5301.52086528
5287.6991292928005
5270.1714285568005
5040.63361595904
5234.423370803201
2517.91720673792
2186.62153846272
2453.36802167808
2364.08510279168
1781.1946415564798
2042.20044579328
2148.05942857216
2310.08916325888
2272.3587112448004
2709.820765696
2594.91480970752
2362.5265703731197
2546.82363900928
3008.10307313152
3177.22482758656
3492.086062848
2679.44352542208
6707.3625396736
