4735.98726124544
4536.05107070976
4600.13362342912
4902.04968421376
4917.0237664256
5374.65018181632
5518.34104433664
5474.65898667008
4852.49487461376
4858.9616687104
4998.33558709248
5257.65302091776
5236.21396078592
4790.21116831744
4725.20004834304
4865.92245211136
5431.88114285568
5441.7672258048
5212.72646808576
5086.45916981248
5102.04950470656
5132.6886956544
5074.37844350976
5122.89957388288
5303.87076128768
5370.53614759936
5344.90214022144
4647.32584456192
4637.05992200192
4784.93018397696
5209.46696062976
5220.02500840448
4019.3871827968
3402.9095384576
3653.68384809984
3822.41391304704
4068.99497674752
4332.38040237056
4265.2122017792
3915.47888082944
3952.1792
4072.90448192512
4081.3797167104
3872.32372487168
3853.2814742528
4026.13527272448
4106.25083597824
4113.55088371712
4177.4336
4048.85147826176
3450.11084163072
3523.01034555392
4072.93928324096
4072.71871264768
4212.34713923584
4216.81110204416
4104.26162039808
4098.9598832128
4133.33522123776
4198.42688840704
4230.75104191488
4509.39032836096
4741.86646728704
4789.88454053888
4706.36169014272
5158.94312462336
4513.25684421632
4543.10717355008
4902.04968421376
5242.27436575744
5197.4639120896
4292.04303448064
4262.27775778816
4653.2722111488
5126.28318446592
5113.80868646912
4671.29766542336
4657.79497674752
4682.04510967808
4768.41834146816
4792.4745660416
3909.83732647936
3923.13451162624
4741.89956128768
5038.92216822784
5038.86622910464
4540.45538461696
4491.76462222336
4558.91062996992
5408.55242104832
5390.42702222336
4796.2532450304
4440.2667722752
3557.06092307456
4199.27466667008
4214.027414016
2760.81322667008
3161.1248033792
5019.894921984
5005.33567630336
3597.56603580416
3543.63106835456
4913.90797315072
5207.88591304704
5211.63740689408
4106.16020779008
4102.56155339776
5037.50713286656
5082.42488889344
5024.24333569024
4739.7980468224
4732.20370732032
5127.03443478528
5283.71048221696
5321.34765714432
4307.76551412736
4299.64840894464
4650.94716831744
5079.95022222336
5080.5408244224
4504.05981471744
4444.18512883712
4699.22597489664
5431.01023255552
5314.90606094336
5101.33880144896
4340.9360919552
4411.9974956544
4322.57873170432
4842.77797101568
4650.11585753088
4594.05683887104
4886.36416
5222.7445233664
5242.27436575744
4504.4687238144
4393.03228235776
4495.61413138432
4989.82963521536
4981.19969811456
4611.55961905152
4569.37844363264
4782.929767168
5239.83387725824
5196.150219264
4810.62787878912
4723.3749068288
4735.29218245632
5384.57459340288
5364.82260696064
5250.1735225856
4698.58069651456
4646.65305747456
4644.12391277568
4567.22204444672
4562.4303949824
4512.36286604288
4529.9691313152
4702.5551186432
5168.33805128704
5209.46696062976
4653.056
4503.65069879296
4537.21271794688
4706.10365217792
4768.29938982912
4761.00092517376
4801.12975737856
4839.65155555328
5123.30456948736
5141.04611382272
4927.85819241472
4867.32108107776
4862.91816610816
5208.28155311104
5229.51887822848
5139.61197350912
5071.90503225344
5082.80894297088
5085.2469078528
5049.49997350912
5059.36072180736
4244.68973494272
4230.7645134336
4466.78421476352
4695.99418181632
4688.687223296
4144.33582287872
4133.33522123776
3964.21712396288
5233.59573332992
5245.29777777664
4158.85009836032
4121.52855814144
4100.02061349888
4754.3201344512
4867.95724660736
4930.1880538112
4790.00283428864
3651.123338752
3761.18660835328
4427.75981027328
4399.27954285568
4407.68284444672
4400.05973332992
4584.27228402688
4927.76106667008
4960.62375232512
4790.21116831744
4783.00066055168
4738.82746268672
4608.8688484864
4606.00092832768
4803.8851764736
4879.31829864448
4872.91554491392
4018.78604255232
4002.562534656
4384.59934117888
4967.37140785152
4984.2989588992
4046.00134078464
4076.97221818368
3954.16748693504
3848.49993317376
4396.02859800576
5472.97776210944
5437.13466181632
5073.87228674048
4693.349983744
4720.29637583872
5108.51924087808
5156.1428732416
4666.80685714432
4118.18759672832
4132.9978562048
5365.89003174912
5395.98142321664
5190.56158865408
4971.54148251648
5043.41500355584
4761.23563190272
4780.61318919168
4825.91607220224
5033.70724324352
5032.83495709696
4531.27929966592
4309.59324770304
4294.86700606464
4335.83614331904
4349.97355789312
4703.91023376384
4779.2128
4815.12247422976
4198.42688840704
4095.85753043968
4366.02820809728
4612.54283636736
4486.727291136
4577.4202739712
5006.7619115008
5074.22662147072
5137.53241121792
5174.38577777664
5367.58769721344
5344.28492655616
3522.7145660416
23679.936306227202
22680.2553535488
23000.6681171456
24510.248421068798
24585.118832128
26873.2509090816
27591.7052216832
27373.2949333504
24262.4743730688
24294.808343552
24991.677935462398
26288.265104588798
26181.0698039296
23951.0558415872
23626.0002417152
24329.6122605568
27159.4057142784
27208.836129024
26063.632340428798
25432.295849062397
25510.2475235328
25663.443478272
25371.892217548797
25614.4978694144
26519.353806438397
26852.6807379968
26724.510701107203
23236.629222809603
23185.299610009602
23924.6509198848
26047.334803148802
26100.125042022402
20096.935913984
17014.547692288
18268.4192404992
19112.0695652352
20344.9748837376
21661.9020118528
21326.061008896
19577.394404147202
19760.896
20364.5224096256
20406.898583552
19361.6186243584
19266.407371264
20130.6763636224
20531.2541798912
20567.754418585602
20887.168
20244.257391308798
17250.5542081536
17615.0517277696
20364.6964162048
20363.5935632384
21061.7356961792
21084.0555102208
20521.3081019904
20494.799416064
20666.676106188803
20992.1344420352
21153.755209574403
22546.9516418048
23709.3323364352
23949.4227026944
23531.8084507136
25794.715623116797
22566.2842210816
22715.5358677504
24510.248421068798
26211.3718287872
25987.319560448
21460.2151724032
21311.3887889408
23266.361055744
25631.4159223296
25569.043432345603
23356.4883271168
23288.974883737603
23410.2255483904
23842.0917073408
23962.372830208
19549.1866323968
19615.6725581312
23709.497806438398
25194.6108411392
25194.331145523203
22702.2769230848
22458.8231111168
22794.5531498496
27042.7621052416
26952.1351111168
23981.266225151998
22201.333861376002
17785.3046153728
20996.3733333504
21070.13707008
13804.0661333504
15805.624016896
25099.47460992
25026.6783815168
17987.8301790208
17718.1553417728
24569.5398657536
26039.4295652352
26058.1870344704
20530.801038950398
20512.8077669888
25187.535664332798
25412.124444467197
25121.2166784512
23698.990234111996
23661.0185366016
25635.1721739264
26418.552411084802
26606.7382857216
21538.8275706368
21498.2420447232
23254.7358415872
25399.7511111168
25402.704122112
22520.299073587197
22220.925644185598
23496.1298744832
27155.0511627776
26574.530304716798
25506.6940072448
21704.680459776
22059.987478272
21612.8936585216
24213.8898550784
23250.5792876544
22970.284194355198
24431.8208
26113.722616832
26211.3718287872
22522.343619072
21965.1614117888
22478.070656921598
24949.1481760768
24905.9984905728
23057.7980952576
22846.892218163197
23914.64883584
26199.1693862912
25980.75109632
24053.1393939456
23616.874534144
23676.4609122816
26922.872967014402
26824.1130348032
26250.867612928
23492.9034825728
23233.2652873728
23220.619563878397
22836.1102222336
22812.151974911998
22561.8143302144
22649.845656576
23512.775593216
25841.6902564352
26047.334803148802
23265.28
22518.2534939648
22686.0635897344
23530.5182608896
23841.4969491456
23805.0046258688
24005.648786892798
24198.257777766397
25616.522847436798
25705.2305691136
24639.290962073603
24336.6054053888
24314.5908305408
26041.4077655552
26147.594391142404
25698.0598675456
25359.5251612672
25414.044714854397
25426.234539264
25247.499867545597
25296.8036090368
21223.4486747136
21153.822567167997
22333.9210738176
23479.9709090816
23443.436116480003
20721.6791143936
20666.676106188803
19821.0856198144
26167.9786666496
26226.4888888832
20794.2504918016
20607.6427907072
20500.1030674944
23771.600672255998
24339.786233036797
24650.940269056002
23950.0141714432
18255.61669376
18805.9330417664
22138.7990513664
21996.3977142784
22038.4142222336
22000.2986666496
22921.3614201344
24638.8053333504
24803.1187616256
23951.0558415872
23915.0033027584
23694.1373134336
23044.344242432
23030.004641638403
24019.425882368
24396.5914932224
24364.5777245696
20093.9302127616
20012.81267328
21922.996705894402
24836.8570392576
24921.494794496
20230.0067039232
20384.8610909184
19770.8374346752
19242.4996658688
21980.1429900288
27364.8888105472
27185.673309081598
25369.3614337024
23466.74991872
23601.4818791936
25542.5962043904
25780.714366207998
23334.034285721602
20590.9379836416
20664.989281023998
26829.4501587456
26979.9071160832
25952.8079432704
24857.7074125824
25217.0750177792
23806.1781595136
23903.065945958402
24129.580361011198
25168.5362162176
25164.1747854848
22656.3964983296
21547.9662385152
21474.3350303232
21679.1807165952
21749.867789465603
23519.5511688192
23896.064000000002
24075.6123711488
20992.1344420352
20479.2876521984
21830.1410404864
23062.7141818368
22433.636455679996
22887.101369856
25033.809557504
25371.1331073536
25687.662056089597
25871.928888883198
26837.9384860672
26721.4246327808
17613.572830208
