1006.30311644672
1180.77520771072
904.771336203264
907.063345748992
1013.825738271744
1008.110434562048
961.761690346496
1158.92597755904
1102.26234386432
1046.55876681728
1097.07784127488
1056.0710438912
852.352859060224
706.750334572544
669.423746031616
384.310814117888
474.40798240256
546.342326955008
934.139188922368
486.082744689664
738.00186930688
673.852432786432
825.533349971968
719.199841112064
934.306133332992
866.582255075328
933.712491025408
1078.40636348416
861.557525658624
704.62395475968
837.143919574016
810.030937324544
533.225291887616
749.723766470656
346.754576367616
410.093156063232
708.900022513664
544.424168747008
676.914441329664
525.046297375744
300.624023003136
275.021443714048
364.599849755648
315.15996263936
415.461392836608
484.340127536128
340.099827436544
414.613646546944
305.791854578688
363.674062451712
501.701278583808
437.430724942848
567.647648351232
633.495562745856
466.991687318528
548.200563380224
295.773252350976
531.629363431424
615.836021198848
653.839835052032
696.368282907648
550.497001647104
5031.5155822336
5903.8760385536
4523.85668101632
4535.31672874496
5069.12869135872
5040.55217281024
4808.8084517324805
5794.6298877951995
5511.3117193216
5232.7938340864
5485.389206374401
5280.355219456
4261.76429530112
3533.75167286272
3347.1187301580803
1921.55407058944
2372.0399120128
2731.7116347750402
4670.69594461184
2430.41372344832
3690.0093465344003
3369.26216393216
4127.66674985984
3595.9992055603198
4671.530666664959
4332.91127537664
4668.56245512704
5392.0318174208005
4307.787628293119
3523.1197737984003
4185.71959787008
4050.15468662272
2666.12645943808
3748.6188323532797
1733.77288183808
2050.46578031616
3544.50011256832
2722.12084373504
3384.57220664832
2625.23148687872
1503.12011501568
1375.10721857024
1822.99924877824
1575.7998131968
2077.3069641830402
2421.7006376806403
1700.49913718272
2073.06823273472
1528.95927289344
1818.37031225856
2508.50639291904
2187.15362471424
2838.23824175616
3167.4778137292797
2334.9584365926403
2741.0028169011202
1478.86626175488
2658.1468171571205
3079.18010599424
3269.19917526016
3481.84141453824
2752.4850082355197
