1586.7607207424
1810.7623225856
1555.06638754816
1355.29587065856
1135.97345025024
1427.8315954688
1314.816
1496.71721993216
1446.45927438336
1560.61231921152
1573.08023553024
999.66513285632
1067.4759973376
726.807202803712
1138.31238427648
1362.66712445952
1149.6044746752
1330.92531755008
592.021290374144
514.47010686976
774.288197906432
249.449212889088
317.065738039296
460.396471896064
379.109969102848
355.239271662592
471.04666016256
1361.05294082048
870.661355649024
568.790642680832
960.932903412736
1451.36209345536
1198.08656410624
696.315970487296
576.897449700352
879.705015634944
1446.00647933952
2128.40781394944
1689.04407990272
1999.17307936768
1969.93355763712
1104.7420653568
1519.7542616064
2915.81348207616
2174.09918043136
1404.55858870272
1298.88101756928
1704.89337831424
2580.65396139008
2410.96657605632
2269.26933332992
2142.97763057664
2368.4655327744
2211.0859781632
2029.11843902464
2160.77117908992
2333.018280192
2219.59487747072
2048.53894736896
1897.80523046912
2242.9696
2595.6112714752
2295.83580090368
2229.25444025344
2265.4351186432
1856.99375054848
1586.8164523008
1756.28104792064
1412.38499746816
1935.72487356416
2065.36775545856
2018.42023783424
2087.7936813568
2219.25290070016
2253.23115789312
1733.20361521152
1063.09566158848
780.45858353664
823.275090187264
1485.31929345024
770.167228623872
548.67486291456
1039.72131895296
1053.00061891584
1633.83233939456
1509.79015955456
886.774384976896
676.395118795776
521.063885355008
602.491731770368
1067.80285840384
1871.40630491136
1619.01423826944
1763.45816948736
1531.35942259712
1785.7012253696
1381.94210455552
1525.72656326656
1358.55121688576
1290.49638152192
1359.08050241536
922.091088274432
635.014993929216
1859.47802329088
3826.26543797248
2104.32170382336
1367.52051779584
1370.8154519552
1167.25547686912
1047.02567305216
935.445291088896
840.824927410176
1024.66437653504
1456.18600435712
1227.32894893056
1096.29690294272
930.698445366272
1236.1728
1290.80702367744
1319.2286382592
968.927287221248
1542.92263259136
1513.63208625152
1073.71696551936
1586.99841852416
769.227462166528
1070.62066619392
1142.74709909504
1541.09328695296
1561.45644859392
1076.96211167232
1479.6344514048
1742.36439937024
1740.91484111872
1343.23480757248
1218.20789697536
1901.90701528064
1482.308389888
872.808484048896
1079.03372207104
1402.24799276032
1303.5052614144
991.510811881472
722.106459701248
1113.98947008512
993.744726134784
1234.51844155392
1182.78551446528
1206.88740886528
1497.67964444672
2515.53909118976
2035.37655172096
1625.70569437184
2160.52721159168
1791.06746841088
2277.6452206592
2455.03132203008
2661.52489020416
2292.98142148608
1945.14049698816
1845.47365132288
1981.44489952256
1513.37250202624
1427.02658064384
1709.62107009024
2105.76095808512
2193.94086520832
1805.60366954496
2077.1336878592
2276.16693976064
2090.40883305472
1922.92987486208
2409.24254180352
2248.44603379712
1827.58465809408
1724.08712409088
1918.61905562624
2050.81377391616
2470.94039186432
2709.04971636736
1826.28621796352
2020.7056336384
2168.05691076608
2338.78896369664
2767.363193344
2409.60634402816
2410.65615973376
2940.09164397568
2956.11949367296
2357.10207371264
2501.0103504384
2367.78332288
2235.15291629568
2174.54880982016
1212.8917604352
2145.75510493184
2388.66519148544
2493.0429387776
2730.45764169728
2334.94716118016
1880.59330417664
1895.47078172672
2184.03948936192
2112.87060452352
2463.48600933376
2951.3981561856
2684.99801709568
2748.3387169792
3011.27382573056
3205.0024918016
3350.93868073984
3342.6960879104
3365.48197506048
3223.65978947584
3190.32350296064
2708.07619301376
2580.36808742912
3039.53996992512
3054.84380327936
2613.990359296
2413.62403980288
2359.06918566912
2677.41459104768
2588.96502643712
2500.03328992256
2584.384
2654.62810256384
2800.02253184
2825.56959680512
2891.22895492096
3078.0050765824
2771.75103366144
2400.56487868416
2969.78618181632
2819.72919402496
1994.79076340736
1841.23677559808
2754.73621414912
2951.08541935616
3563.561062656
3569.7723324928
3226.94972141568
3179.91349213184
2983.88114285568
2764.33644526592
2575.9273513472
2416.13994973184
2552.96556521472
2704.78265649152
2564.74315222016
2562.77511938048
2624.64556521472
2680.46541288448
2715.50511628288
2469.34502960128
2339.52127152128
2390.26227848192
1132.544
1104.21014330368
1511.99855203328
2126.93269173248
2427.40030270464
2359.296
2268.60756698112
2445.1261560832
7933.803603712
9053.811612928
7775.331937740801
6776.4793532928
5679.867251251199
7139.157977344001
6574.08
7483.586099660801
7232.2963719168
7803.0615960576
7865.401177651201
4998.3256642816
5337.379986688
3634.0360140185603
5691.5619213824
6813.3356222976
5748.022373375999
6654.6265877504
2960.10645187072
2572.3505343488
3871.4409895321596
1247.24606444544
1585.3286901964798
2301.98235948032
1895.5498455142401
1776.19635831296
2355.2333008128
6805.2647041024
4353.30677824512
2843.95321340416
4804.66451706368
7256.8104672768
5990.4328205312
3481.57985243648
2884.48724850176
4398.52507817472
7230.032396697599
10642.0390697472
8445.220399513599
9995.8653968384
9849.6677881856
5523.710326783999
7598.771308032
14579.067410380801
10870.4959021568
7022.7929435136
6494.4050878463995
8524.466891571199
12903.2698069504
12054.8328802816
11346.346666649599
10714.888152883199
11842.327663872
11055.429890815998
10145.592195123201
10803.8558954496
11665.09140096
11097.974387353599
10242.694736844802
9489.0261523456
11214.848
12978.056357376
11479.1790045184
11146.2722012672
11327.175593216
9284.9687527424
7934.082261504
8781.4052396032
7061.9249873408
9678.6243678208
10326.8387772928
10092.1011891712
10438.968406783999
11096.264503500799
11266.1557894656
8666.0180760576
5315.4783079424
3902.2929176832004
4116.37545093632
7426.5964672512
3850.83614311936
2743.3743145728
5198.6065947648
5265.0030945792005
8169.1616969728
7548.9507977728
4433.87192488448
3381.97559397888
2605.31942677504
3012.45865885184
5339.0142920192
9357.0315245568
8095.0711913472005
8817.2908474368
7656.7971129856005
8928.506126848
6909.7105227776
7628.632816332801
6792.7560844288
6452.4819076096
6795.402512076799
4610.45544137216
3175.07496964608
9297.3901164544
19131.3271898624
10521.6085191168
6837.6025889792
6854.077259776
5836.2773843456
5235.1283652608
4677.22645544448
4204.12463705088
5123.3218826752
7280.9300217856
6136.6447446528
5481.4845147136
4653.49222683136
6180.8640000000005
6454.0351183872
6596.143191296
4844.63643610624
7714.613162956801
7568.1604312576
5368.5848275968
7934.9920926208
3846.1373108326397
5353.1033309695995
5713.735495475201
7705.4664347647995
7807.2822429696
5384.8105583616
7398.172257024
8711.8219968512
8704.5742055936
6716.1740378624
6091.0394848768
9509.535076403201
7411.541949439999
4364.04242024448
5395.1686103552
7011.2399638015995
6517.526307071999
4957.55405940736
3610.5322985062403
5569.9473504256
4968.72363067392
6172.5922077696
5913.9275723264
6034.4370443264
7488.3982222336
12577.695455948799
10176.8827586048
8128.5284718592
10802.6360579584
8955.337342054401
11388.226103296
12275.1566101504
13307.6244510208
11464.9071074304
9725.7024849408
9227.3682566144
9907.2244976128
7566.8625101312
7135.1329032192
8548.1053504512
10528.8047904256
10969.7043260416
9028.0183477248
10385.668439296001
11380.8346988032
10452.0441652736
9614.6493743104
12046.2127090176
11242.2301689856
9137.9232904704
8620.4356204544
9593.0952781312
10254.068869580798
12354.701959321601
13545.2485818368
9131.431089817599
10103.528168192
10840.2845538304
11693.9448184832
13836.815966720002
12048.0317201408
12053.2807986688
14700.458219878401
14780.597468364798
11785.5103685632
12505.051752192001
11838.916614400001
11175.7645814784
10872.7440491008
6064.458802176
10728.775524659199
11943.325957427202
12465.214693888
13652.2882084864
11674.7358059008
9402.9665208832
9477.353908633599
10920.1974468096
10564.353022617599
12317.4300466688
14756.990780928
13424.990085478401
13741.693584896
15056.369128652801
16025.012459008001
16754.6934036992
16713.480439552
16827.4098753024
16118.2989473792
15951.6175148032
13540.3809650688
12901.8404371456
15197.699849625602
15274.2190163968
13069.95179648
12068.1201990144
11795.3459283456
13387.0729552384
12944.825132185599
12500.1664496128
12921.92
13273.1405128192
14000.1126592
14127.8479840256
14456.1447746048
15390.025382912
13858.7551683072
12002.824393420799
14848.9309090816
14098.6459701248
9973.9538170368
9206.1838779904
13773.681070745599
14755.4270967808
17817.80531328
17848.861662464
16134.7486070784
15899.5674606592
14919.4057142784
13821.682226329598
12879.636756736
12080.699748659199
12764.827826073599
13523.913282457599
12823.7157611008
12813.8755969024
13123.2278260736
13402.3270644224
13577.5255814144
12346.7251480064
11697.6063576064
11951.3113924096
5662.72
5521.050716518401
7559.9927601664
10634.6634586624
12137.0015135232
11796.48
11343.037834905599
12225.630780415999
