152.70285991936
563.802957940736
576.826828960768
751.120516128768
935.600355555328
1178.00551929856
1458.624
961.591156909056
664.753173020672
984.475763828736
601.507776397312
423.518392989696
290.742419162112
414.576973435904
255.353667918848
250.642541937664
332.515679930368
305.053858951168
410.726142497792
522.446387597312
538.212232804352
479.885528455168
410.971348017152
311.48428249088
1137.85462699008
1327.93366423552
1659.1849713664
1207.17885329408
1293.47669929984
1370.02673916928
1617.60954523648
1539.48692936704
1309.29249737728
1316.84685394944
1276.23149889536
1253.69725490176
1293.65459519488
1331.22234181632
1077.49363718144
1394.25723984896
1644.59992717312
1609.76700952576
1816.80585119744
1544.0278143488
1338.85203766272
1470.12408298496
1244.71757498368
1723.5828306944
1716.01893709824
1771.67341735936
1483.4134163456
1750.05195318272
1832.55785695232
1749.76063209472
1691.36174840832
1745.50153326592
1724.76708571136
1733.20217283584
1381.85467455488
1521.55518477312
1603.93966856192
1182.96457321472
1457.9876781568
1435.0261376512
969.961335268352
1229.92194782208
1213.7001513472
1016.110846580736
607.648057992192
1363.62804857856
1791.55006060544
1764.13107401728
1482.308389888
1548.06421853184
1491.54567231488
1584.33950102528
1610.99881025536
1611.95319114752
1612.70442667008
1509.69229343744
1322.92266667008
1160.1271700992
891.975064111104
1317.1943225856
1447.42193825792
1298.9256121344
1553.31368421376
1641.10480108544
1833.65778105344
1959.71386889216
1781.4140709888
1354.97519176704
1250.95381868544
1257.32969184256
1355.06006050816
1241.28012007424
1507.72566989824
1058.18261287936
1491.68637302784
1444.40879399936
1483.80624472064
1508.33434482688
1965.56318925824
1590.01826548736
1475.952
1477.45016822784
1135.1614237696
1369.51239543808
1239.4059000832
968.570070844416
735.443495588864
1136.28317423616
1043.55568141312
1366.84943967232
1313.91300175872
1310.0936357376
1488.70569911296
1555.44921853952
1438.88945380352
1009.174902198272
1062.3328740352
1213.40397989888
1241.01105856512
1406.82795181056
1255.6813403136
782.86473573376
812.175139784704
1615.8589554176
1582.37257143296
1270.53870722048
1306.61454041088
1283.05444571136
1688.83553916928
1608.9260959744
1339.22913717248
1769.76320299008
982.651957895168
797.796808290304
551.151727683584
679.837555364864
822.880526819328
1466.25329288192
1848.07551556608
2140.7580884992
1751.44593056768
1993.72960753664
1880.00830655488
1809.05934584832
1812.56333415424
1833.89344218112
1706.03122850816
1768.56689138688
1550.86502301696
1419.77502476288
1093.94539986944
644.845058041856
848.546268307456
410.308274473984
342.743362569216
366.149289736192
693.867125327872
737.747002375168
551.331870206976
575.451369105408
1658.85645976576
2170.75358024704
2268.61308265472
1584.7885021696
1638.96979703808
1999.17307936768
2121.97540939776
1653.87021526016
1698.9705660416
1456.45608756224
1802.10502408192
1798.4766700544
1694.5008908288
1519.93716864
1632.2084883968
2080.97394413568
2524.74998675456
2106.08756182016
2100.20416095232
1999.02131452928
1813.49004904448
1958.51890046976
1952.566512128
2180.80584077312
2234.769760768
2115.41465050112
2068.91778623488
2019.5798930432
2013.41155555328
1958.29533702144
1518.87127272448
1896.41596424192
1001.268798216192
1269.55188914176
1624.51646512128
1736.1656082432
1560.95450824704
1553.7076726784
1444.07769284608
1511.20554667008
906.709504292864
1646.63552816128
1572.68970212352
1371.81632876544
1519.8261612544
1379.2250582016
447.973813051392
582.284349157376
387.247710759936
763.5142995968
2819.0147897036795
2884.13414480384
3755.60258064384
4678.00177777664
5890.0275964928005
7293.12
4807.95578454528
3323.76586510336
4922.37881914368
3007.53888198656
2117.59196494848
1453.7120958105602
2072.88486717952
1276.76833959424
1253.21270968832
1662.5783996518398
1525.26929475584
2053.63071248896
2612.23193798656
2691.06116402176
2399.4276422758403
2054.85674008576
1557.4214124544
5689.2731349504
6639.6683211776
8295.924856832
6035.8942664704
6467.3834964992
6850.1336958464
8088.0477261824
7697.4346468352
6546.462486886399
6584.2342697471995
6381.1574944768
6268.4862745088
6468.2729759744
6656.111709081601
5387.4681859072
6971.2861992448
8222.9996358656
8048.8350476288
9084.0292559872
7720.139071743999
6694.2601883136
7350.620414924801
6223.587874918399
8617.914153472
8580.0946854912
8858.3670867968
7417.067081728
8750.259765913599
9162.7892847616
8748.8031604736
8456.8087420416
8727.5076663296
8623.8354285568
8666.0108641792
6909.2733727744
7607.7759238656
8019.698342809599
5914.8228660736
7289.938390784
7175.130688256
4849.80667634176
6149.6097391104
6068.500756736001
5080.55423290368
3038.2402899609597
6818.1402428928
8957.7503030272
8820.6553700864
7411.541949439999
7740.3210926592
7457.7283615744
7921.6975051264
8054.9940512768
8059.765955737601
8063.5221333504
7548.4614671872
6614.613333350399
5800.635850496
4459.8753205555195
6585.9716129280005
7237.109691289599
6494.628060671999
7766.5684210688005
8205.5240054272
9168.2889052672
9798.5693444608
8907.070354944
6774.8759588352
6254.7690934272
6286.6484592128
6775.3003025408
6206.400600371199
7538.6283494912
5290.9130643968
7458.4318651392
7222.043969996799
7419.0312236032005
7541.6717241343995
9827.8159462912
7950.0913274367995
7379.76
7387.250841139201
5675.807118848001
6847.561977190399
6197.029500416001
4842.850354222081
3677.2174779443203
5681.4158711807995
5217.7784070656
6834.2471983616
6569.565008793599
6550.468178687999
7443.5284955648
7777.2460926976
7194.4472690176
5045.87451099136
5311.6643701759995
6067.019899494399
6205.0552928256
7034.1397590528
6278.406701568
3914.3236786688
4060.87569892352
8079.294777088
7911.8628571648005
6352.693536102401
6533.0727020544
6415.2722285568
8444.1776958464
8044.630479871999
6696.145685862401
8848.8160149504
4913.25978947584
3988.98404145152
2755.75863841792
3399.18777682432
4114.40263409664
7331.2664644096
9240.3775778304
10703.790442496
8757.2296528384
9968.6480376832
9400.0415327744
9045.2967292416
9062.8166707712
9169.467210905601
8530.1561425408
8842.834456934399
7754.325115084801
7098.8751238144005
5469.7269993472
3224.2252902092796
4242.73134153728
2051.54137236992
1713.71681284608
1830.74644868096
3469.3356266393603
3688.73501187584
2756.65935103488
2877.2568455270402
8294.2822988288
10853.767901235202
11343.0654132736
7923.942510848
8194.8489851904
9995.8653968384
10609.8770469888
8269.3510763008
8494.852830208
7282.2804378112005
9010.5251204096
8992.383350272
8472.504454144
7599.6858432
8161.042441984
10404.8697206784
12623.749933772799
10530.4378091008
10501.0208047616
9995.1065726464
9067.4502452224
9792.5945023488
9762.832560640001
10904.0292038656
11173.848803840001
10577.0732525056
10344.588931174401
10097.899465216
10067.0577777664
9791.4766851072
7594.3563636224
9482.0798212096
5006.343991080959
6347.7594457088
8122.5823256063995
8680.828041216
7804.772541235199
7768.538363392
7220.3884642304
7556.0277333504
4533.54752146432
8233.1776408064
7863.4485106176
6859.0816438271995
7599.130806272
6896.125291008
2239.8690652569603
2911.42174578688
1936.2385537996802
