1250.72193277952
755.690460243968
891.672291971072
1484.94330558464
1104.31517377536
1249.5884174336
487.05357913088
684.71276931584
1295.31904
1028.58539220992
706.559066119168
680.335177043968
581.168470076416
685.932884687872
470.388335639552
331.334662145024
423.538490671104
702.894933332992
1020.8256
1056.15019000832
1075.00250462208
1024.31097614336
985.997112195072
1009.318737982464
846.217156973568
707.198880466944
609.112060555264
960.314655246336
928.964571428864
804.250110723072
586.786965853184
367.89042108416
280.002253184
291.33779954688
315.569632653312
266.814931715072
451.964569583616
1058.05243930624
1162.92598057984
1098.38288371712
1009.335470071808
1111.27900065792
1048.56407569408
493.339524098048
770.238821234688
1298.99139871744
1504.03373643776
1310.24213332992
1304.17439219712
1247.887222784
1300.04176641024
1381.71452977152
1417.74345271296
1385.44096969728
1307.5655166976
1416.44383204352
1073.18840889344
1503.50068004864
1577.9286486528
1351.18386479104
1382.65249314816
1268.3843492864
1421.23168627712
1368.53844015104
1398.12418410496
1760.67664730112
1669.40169517056
1784.79210389504
1240.01552662528
1517.18976576512
1157.81937821696
1228.31494736896
1213.59435665408
1437.28788406272
1128.22044444672
1376.09594315776
1386.95261809664
1339.70022742016
1321.88887432192
1407.77787218944
1444.83021615104
1444.37485280256
1407.25575808
1270.51760069632
1356.38911195136
1349.54709121024
1335.80582744064
1495.40869050368
1546.43545228288
1214.32787001344
1403.48630279168
1278.43643424768
1317.0835359744
1531.46689235968
1660.68122760192
1463.7219115008
1314.67296507904
1450.25415324672
1408.56753035264
1370.13144303616
1432.43209776128
1253.11931244544
1234.69188533248
1256.448
1389.13129411584
827.140185742336
1224.82272463872
1429.29269840896
1267.3059463168
1632.44645694464
1796.19723194368
1458.79963910144
1494.25713199104
1558.017193472
726.109816764416
806.851318518784
1022.636741641216
1148.52240586752
1202.12562510848
1046.46359748608
946.729640321024
1052.14549891072
1292.42233371648
1531.36681967616
1382.33507780608
1449.30343385088
1262.02653299712
1390.08140273664
1554.6116491264
1565.1132552704
931.55449396224
668.506224041984
516.165228169216
685.125047814144
559.262977169408
481.761360835584
304.325789730816
710.789539526656
1015.855201024
857.15449350656
802.010368530432
1079.53528522752
1038.41961892864
1183.87763784704
976.305378277376
1137.99799282688
1075.62002829312
1042.93529521152
1120.41834146816
1217.07600903168
1136.55991061504
1055.21197765632
1212.776448
1169.2264909824
1085.28048580608
1038.8403254784
961.798459495424
1018.086138478592
978.087257344
1115.16007745536
1103.59016513536
1163.264
975.350314416128
851.238946482176
820.780163033088
801.052574031872
535.88601531392
832.013963636736
900.611849623552
774.26990163968
621.167654223872
796.163617522688
803.977142856704
1170.9906944
981.948110496768
1138.31294457856
789.502958290944
685.591813953536
664.402958251008
771.609189021696
1056.05885872128
1051.3984
929.575852242944
883.607301745664
832.458846779392
830.231015570432
868.587741006848
440.264605252608
538.716124567552
543.22794110976
830.729481481216
1165.62172839936
1122.52148672512
1239.34075524096
6253.6096638976005
3778.45230121984
4458.36145985536
7424.7165279232
5521.5758688768
6247.9420871679995
2435.2678956544
3423.5638465792
6476.595200000001
5142.926961049599
3532.7953305958404
3401.67588521984
2905.8423503820804
3429.6644234393602
2351.9416781977598
1656.6733107251202
2117.6924533555202
3514.47466666496
5104.128
5280.7509500416
5375.0125231104
5121.5548807168
4929.9855609753595
5046.59368991232
4231.08578486784
3535.9944023347202
3045.56030277632
4801.57327623168
4644.82285714432
4021.25055361536
2933.93482926592
1839.4521054207999
1400.01126592
1456.6889977344
1577.84816326656
1334.07465857536
2259.8228479180802
5290.262196531201
5814.6299028992
5491.9144185856
5046.67735035904
5556.3950032896
5242.8203784704
2466.69762049024
3851.1941061734396
6494.9569935872005
7520.1686821888
6551.2106666496
6520.8719609856
6239.43611392
6500.208832051199
6908.572648857599
7088.7172635648
6927.2048484864
6537.8275834880005
7082.2191602176
5365.9420444672005
7517.5034002432
7889.6432432639995
6755.9193239552
6913.2624657408
6341.921746432
7106.1584313856
6842.6922007552
6990.6209205248
8803.3832365056
8347.008475852801
8923.9605194752
6200.0776331264005
7585.9488288256
5789.0968910848005
6141.5747368448
6067.9717832704
7186.4394203136
5641.1022222336
6880.479715788801
6934.7630904832
6698.5011371008
6609.444371609599
7038.8893609472
7224.1510807552
7221.8742640128
7036.278790400001
6352.5880034816
6781.9455597568
6747.7354560512
6679.029137203201
7477.0434525184
7732.1772614144
6071.639350067199
7017.4315139584
6392.1821712384
6585.417679872
7657.3344617984
8303.406138009599
7318.609557504
6573.364825395201
7251.270766233601
7042.8376517632005
6850.6572151807995
7162.160488806399
6265.596562227201
6173.459426662401
6282.240000000001
6945.656470579201
4135.70092871168
6124.1136231936
7146.4634920448
6336.529731584
8162.2322847232
8980.986159718399
7293.998195507201
7471.285659955201
7790.08596736
3630.54908382208
4034.25659259392
5113.18370820608
5742.612029337601
6010.6281255424
5232.3179874304005
4733.64820160512
5260.727494553601
6462.1116685824
7656.8340983808
6911.675389030401
7246.517169254401
6310.1326649856
6950.4070136832
7773.058245632
7825.566276352
4657.7724698112
3342.5311202099197
2580.82614084608
3425.6252390707195
2796.3148858470404
2408.80680417792
1521.62894865408
3553.94769763328
5079.27600512
4285.7724675328
4010.05184265216
5397.6764261376
5192.098094643199
5919.3881892352
4881.52689138688
5689.9899641344
5378.1001414656
5214.676476057601
5602.0917073408
6085.3800451584
5682.7995530752005
5276.059888281599
6063.882240000001
5846.132454912
5426.4024290304
5194.201627392
4808.99229747712
5090.43069239296
4890.43628672
5575.8003872767995
5517.9508256767995
5816.32
4876.75157208064
4256.19473241088
4103.90081516544
4005.2628701593603
2679.4300765696
4160.06981818368
4503.05924811776
3871.3495081984
3105.83827111936
3980.81808761344
4019.8857142835195
5854.953471999999
4909.74055248384
5691.5647228928
3947.5147914547197
3427.95906976768
3322.01479125504
3858.04594510848
5280.294293606401
5256.992
4647.87926121472
4418.03650872832
4162.294233896961
4151.15507785216
4342.93870503424
2201.32302626304
2693.58062283776
2716.1397055487996
4153.64740740608
5828.1086419968005
5612.6074336256
6196.7037762048
