1044.11533502464
880.527560783872
1533.37787447296
1018.530371810304
1286.7855892992
1593.83055096832
1349.66654457856
1303.49023492096
1380.99723585536
1313.45066667008
1180.10969688064
1521.28216948736
1780.31274667008
1966.71271544832
2303.44803534848
2995.29660377088
2848.17737827328
2743.0046178816
1891.87755984896
2359.58280963072
2668.120970496
2326.14463053824
1981.66086274048
1510.39896251392
1781.36504441856
953.745279161344
1523.10039957504
2033.86369161216
1917.8623410176
1229.99349504
1745.65251715072
1282.111405568
2231.65974925312
2250.57292210176
1828.77100739584
1787.35491740672
846.7841935872
1924.2372877824
1852.28931958784
1081.0978884096
1822.33046685696
1067.75449147392
1837.66204081152
1096.43323445248
1294.95524954112
842.568142687232
1105.52907122688
723.076905467904
772.704480924672
718.061370602496
742.067636009984
774.332538550272
808.976459242496
1134.75269175296
1082.19650081792
1233.57459104768
1074.7806765568
1058.54383412224
1506.66735483904
1470.25370728448
1666.35713207296
1544.62756645888
1375.01276964864
1213.87484931072
1350.10779797504
966.017238474752
1563.33875021824
951.889122077696
1352.01692903424
1633.04789332992
2217.90957092864
1764.13107401728
1762.22928755712
1183.27056226304
1389.49254736896
1568.3036761088
1427.93076363264
1479.48427701248
1348.91634200576
898.357964388352
1524.61675870208
896.244384207872
1207.1183112704
998.63373913088
735.558897680384
791.611766537216
924.989931440128
766.609638432768
808.440225596416
805.980360783872
826.470923338752
1144.12992101376
666.865344237568
1378.06664900608
860.011451732992
1395.78545147904
696.003334454272
761.309588594688
686.856073750528
714.457980197888
881.91117241344
558.553181165568
896.720499693568
601.916462311424
590.3808
633.615903807488
471.21699470336
559.50564660224
476.787742019584
322.930016806912
332.285959202816
425.599894708224
742.424713536512
1022.002103975936
850.929379782656
1063.4232859136
906.866544474112
730.553132192768
1010.917340941312
795.637594739712
1196.08534877184
1221.58882967552
1564.22703064064
522.446174496768
911.054647672832
1839.936
892.289285292032
1155.76244191232
1534.42188744704
1554.19386046464
1061.47109943296
912.741983739904
746.896695652352
1037.43873267712
2183.57295299584
1304.74266482688
1335.18859594752
1276.4748932608
1462.45698064384
1413.0432685056
1946.58797989888
1333.9480594432
1345.32449370112
1596.7370561024
1293.6651910656
1037.58640523264
1547.2296236032
1672.31508302848
872.396951928832
1380.70338540544
940.782538728448
868.028235293696
964.051230524416
1522.74134422528
1316.41307926528
1223.03806386176
986.02347174912
1579.1089577472
1043.70188839936
898.84140022272
1845.47365132288
1816.32449122304
1504.2374567424
1646.05856744448
1796.52089626624
1556.02690265088
1730.20305562624
2143.98913031168
1761.4908235264
1550.12804923392
1832.89470144512
1951.79602770944
1908.24773510144
2136.8443328512
2097.13991740416
1547.16115283968
1139.62027606016
1346.39534157824
1173.64245127168
1452.21963353088
1634.45765487616
1075.77134452736
1116.66956576768
1048.30333727744
1635.26006879232
1105.67889765376
1702.47279905792
2049.47994160128
1906.39542856704
2060.88194199552
2518.84286630912
1787.7464615424
1792.8611731456
1790.1588686848
1782.14229332992
1992.12709859328
1956.7279128576
1814.24411881472
1321.11977305088
1756.53782529024
1934.43442126848
1538.7681758208
1250.55662132224
1583.59862674432
1441.32984895488
1898.87749019648
2284.68922181632
1721.03273039872
1695.60044859392
635.014704019456
1237.82237816832
1182.680186624
1232.47330776064
1803.66731779072
1868.85501559808
1879.3923695104
1877.56405566464
1780.87584141312
1979.76597078016
1964.3965782528
1465.67502114816
1262.8321534464
1779.63073015808
1613.08576744448
1653.86817641472
1395.78545147904
1556.84956391424
1582.234954496
1701.45476923392
1617.0365490176
1921.65071038464
1204.59059552256
1302.7976654848
2164.72366265344
1450.45570825216
1857.1179794432
1325.69047842816
2009.38220362752
2305.099792128
2414.02523598848
2300.64872727552
1518.75030920192
1334.9636830208
1563.48392046592
1580.03960127488
1387.57870063616
1181.55395259392
765.058084690944
5220.5766751232
4402.63780391936
7666.8893723648
5092.65185905152
6433.927946496
7969.1527548416
6748.3327228928
6517.451174604799
6904.986179276801
6567.2533333504
5900.5484844032
7606.4108474368
8901.5637333504
9833.5635772416
11517.2401767424
14976.4830188544
14240.8868913664
13715.023089408001
9459.3877992448
11797.9140481536
13340.60485248
11630.7231526912
9908.3043137024
7551.9948125696
8906.8252220928
4768.72639580672
7615.5019978752
10169.3184580608
9589.311705088001
6149.9674752
8728.2625857536
6410.55702784
11158.2987462656
11252.864610508801
9143.8550369792
8936.7745870336
4233.920967936
9621.186438912
9261.4465979392
5405.4894420480005
9111.6523342848
5338.7724573696005
9188.3102040576
5482.1661722624
6474.7762477056
4212.8407134361605
5527.6453561344
3615.38452733952
3863.5224046233598
3590.30685301248
3710.33818004992
3871.6626927513603
4044.8822962124805
5673.763458764799
5410.982504089599
6167.8729552384
5373.903382784
5292.7191706112
7533.3367741952
7351.2685364224
8331.7856603648
7723.1378322944
6875.0638482432
6069.3742465536
6750.5389898752
4830.08619237376
7816.693751091199
4759.44561038848
6760.0846451712005
8165.2394666496
11089.547854643199
8820.6553700864
8811.1464377856
5916.3528113152
6947.4627368448
7841.518380543999
7139.6538181632
7397.4213850624
6744.5817100288
4491.78982194176
7623.0837935104
4481.2219210393605
6035.591556352
4993.1686956544
3677.79448840192
3958.0588326860798
4624.94965720064
3833.0481921638398
4042.20112798208
4029.90180391936
4132.354616693759
5720.6496050688
3334.32672118784
6890.333245030401
4300.05725866496
6978.927257395199
3480.01667227136
3806.5479429734396
3434.2803687526402
3572.28990098944
4409.5558620672
2792.7659058278405
4483.60249846784
3009.5823115571197
2951.904
3168.07951903744
2356.0849735168
2797.5282330111995
2383.93871009792
1614.6500840345602
1661.42979601408
2127.99947354112
3712.12356768256
5110.01051987968
4254.64689891328
5317.116429568
4534.33272237056
3652.7656609638398
5054.58670470656
3978.1879736985597
5980.4267438592
6107.9441483776
7821.1351532031995
2612.23087248384
4555.27323836416
9199.68
4461.44642646016
5778.8122095616
7672.1094372352
7770.9693023232
5307.3554971648
4563.70991869952
3734.48347826176
5187.1936633856
10917.8647649792
6523.7133241344
6675.942979737601
6382.374466304
7312.284903219201
7065.2163425280005
9732.939899494399
6669.740297216
6726.6224685056
7983.685280512
6468.325955328
5187.932026163199
7736.148118016
8361.5754151424
4361.98475964416
6903.5169270272
4703.91269364224
4340.14117646848
4820.25615262208
7613.7067211264
6582.065396326399
6115.1903193088
4930.1173587456
7895.544788736001
5218.509441996801
4494.2070011136
9227.3682566144
9081.6224561152
7521.187283711999
8230.292837222401
8982.6044813312
7780.134513254399
8651.0152781312
10719.9456515584
8807.454117632
7750.6402461696
9164.4735072256
9758.9801385472
9541.2386755072
10684.221664256
10485.6995870208
7735.8057641984
5698.1013803008
6731.9767078912
5868.212256358401
7261.0981676544
8172.2882743807995
5378.8567226368
5583.3478288384
5241.5166863872
8176.3003439616
5528.3944882688
8512.3639952896
10247.3997080064
9531.9771428352
10304.409709977599
12594.2143315456
8938.732307712
8964.305865728
8950.794343424
8910.7114666496
9960.6354929664
9783.639564288
9071.2205940736
6605.5988652544
8782.689126451201
9672.172106342401
7693.840879104
6252.7831066112
7917.9931337216
7206.649244774399
9494.3874509824
11423.446109081598
8605.1636519936
8478.0022429696
3175.07352009728
6189.1118908416
5913.40093312
6162.3665388032
9018.3365889536
9344.2750779904
9396.961847552
9387.8202783232
8904.3792070656
9898.8298539008
9821.982891264
7328.375105740801
6314.160767232001
8898.1536507904
8065.4288372224
8269.3408820736
6978.927257395199
7784.2478195712
7911.17477248
8507.273846169599
8085.182745088
9608.2535519232
6022.9529776128
6513.988327424
10823.6183132672
7252.278541260801
9285.589897216
6628.4523921408
10046.9110181376
11525.49896064
12070.1261799424
11503.2436363776
7593.751546009599
6674.818415104
7817.4196023296
7900.1980063743995
6937.8935031808
5907.7697629696
3825.2904234547204
