788.296914760704
809.000688741376
634.55752914432
388.48457670144
457.527657556992
392.647470031872
346.790054053888
738.030615814144
594.379551219712
603.851922057216
524.448694491136
459.501425867776
479.021116831744
709.959698592768
646.971859398656
647.754139693056
775.162706490368
807.242649094144
814.448145014784
777.989384321024
673.139501069312
782.941541640192
732.922210422784
770.477945641984
723.367443340288
664.130435579904
570.205904641024
644.23549225984
709.424316762112
918.892088889344
946.204076161024
1058.9320339968
1013.321666427904
1013.36813575168
1157.7352428032
699.517377311744
616.306639730688
651.871434013696
652.861705399296
724.339830469632
1033.79532722176
1079.19628464128
1057.6144277504
894.252115723264
660.699121678336
633.535843265536
602.92352109056
587.336885764096
428.770458704896
448.119010284544
1206.9865040384
1296.44617479168
898.166103928832
891.56175217664
865.893112624128
574.238744351744
476.299833757696
285.49320293376
387.612341010432
479.007067118592
407.951866054656
278.93332160512
531.411478260736
704.218503688192
880.338323651584
998.48594997248
961.041902097408
1238.18389364736
1096.22824410112
1129.47872477184
1251.64606927872
1146.92576536576
896.477866667008
770.063929995264
320.937040596992
423.8040715008
452.36631055872
364.041631301632
345.262961589248
595.967038948352
832.928105147392
1100.78162479104
948.992165267456
658.7228735488
758.059521191936
858.558836363264
937.230639876096
1048.3570857984
1016.192791100416
1046.30862401536
985.352707482624
940.182272536576
612.02371764736
776.744447013888
776.984502642688
814.666198032384
1009.596240377856
852.777330120704
937.653570113536
1059.22313252864
1115.32611314688
1171.4756608
1103.12855871488
932.947437036544
983.434948677632
943.222857143296
877.42207064576
1017.898726008832
1036.34173760512
939.164755467264
1090.76796626944
1217.78098451456
1137.68404425728
1092.35875659776
721.357139073024
748.492743048192
508.566218693632
408.798993942528
676.71667310592
566.48044962304
969.748562248704
1028.49359707136
963.024494844928
570.187544725504
634.517668612096
726.272
672.026108609536
744.645915966464
688.262986611712
766.2719133184
769.612778063872
642.942652632064
556.422499833856
708.340963196928
774.724350532608
623.038505005056
606.199937007616
593.183485607936
622.405306090496
870.496647190528
1933.19857230848
1000.175700374528
1390.26243678208
1663.87363403776
1528.28611311616
1108.54717201408
1448.02389699584
1428.5606064128
501.78191903232
3941.48457380352
4045.0034437068803
3172.7876457216003
1942.4228835072
2287.63828778496
1963.23735015936
1733.9502702694401
3690.1530790707197
2971.89775609856
3019.2596102860803
2622.24347245568
2297.50712933888
2395.10558415872
3549.7984929638396
3234.8592969932797
3238.77069846528
3875.81353245184
4036.21324547072
4072.24072507392
3889.9469216051198
3365.6975053465603
3914.70770820096
3664.61105211392
3852.3897282099197
3616.83721670144
3320.6521778995198
2851.02952320512
3221.1774612992003
3547.12158381056
4594.46044444672
4731.02038080512
5294.660169984
5066.60833213952
5066.8406787584
5788.676214016
3497.58688655872
3081.5331986534397
3259.3571700684797
3264.3085269964804
3621.69915234816
5168.9766361088
5395.9814232064
5288.072138752
4471.260578616319
3303.4956083916804
3167.6792163276796
3014.6176054528
2936.68442882048
2143.85229352448
2240.59505142272
6034.932520192
6482.2308739584005
4490.83051964416
4457.8087608832
4329.46556312064
2871.19372175872
2381.49916878848
1427.4660146688002
1938.0617050521598
2395.03533559296
2039.75933027328
1394.6666080256
2657.0573913036797
3521.09251844096
4401.69161825792
4992.4297498624
4805.20951048704
6190.9194682368
5481.1412205056
5647.3936238592
6258.2303463936005
5734.628826828801
4482.38933333504
3850.31964997632
1604.6852029849601
2119.020357504
2261.8315527936
1820.2081565081598
1726.3148079462399
2979.8351947417596
4164.64052573696
5503.9081239552
4744.96082633728
3293.6143677439995
3790.2976059596804
4292.79418181632
4686.15319938048
5241.785428992
5080.96395550208
5231.5431200768
4926.7635374131205
4700.91136268288
3060.1185882368
3883.72223506944
3884.9225132134397
4073.3309901619205
5047.98120188928
4263.88665060352
4688.26785056768
5296.1156626432
5576.6305657344
5857.378304
5515.6427935744
4664.73718518272
4917.17474338816
4716.11428571648
4387.1103532288
5089.49363004416
5181.7086880256
4695.82377733632
5453.8398313472
6088.9049225728
5688.4202212864
5461.7937829888
3606.78569536512
3742.46371524096
2542.83109346816
2043.9949697126399
3383.5833655296
2832.4022481152
4848.74281124352
5142.4679853567995
4815.1224742246395
2850.9377236275204
3172.58834306048
3631.36
3360.13054304768
3723.2295798323203
3441.31493305856
3831.359566592
3848.0638903193603
3214.71326316032
2782.11249916928
3541.70481598464
3873.62175266304
3115.19252502528
3030.99968503808
2965.9174280396796
3112.02653045248
4352.48323595264
9665.9928615424
5000.87850187264
6951.3121839104
8319.3681701888
7641.4305655808
5542.735860070399
7240.1194849792
7142.803032064001
2508.9095951616
