1094.93510796288
1021.77259613184
647.867964643328
949.321060022272
885.775484550144
422.765779664896
298.16961192448
501.955286063104
448.99995019776
455.440340425728
476.764317538304
344.173944672256
245.93729424384
454.140795995136
389.84078165504
296.79966347264
247.345376484352
405.638194168832
1272.71763117056
1592.80553027584
1704.24480837632
1943.240164608
1815.53360479232
1703.73002971136
1721.67532565504
1620.72972828672
1755.71936969728
2214.65157530624
2625.7168958976
1917.3858168832
1928.86969096192
2007.05323424768
1322.0265534976
1739.07907616768
1796.52089626624
1751.74136986624
1621.94006025216
1636.13919106048
1778.93132673024
1840.89506455552
1525.56977563648
1314.35097977856
1120.31651633152
945.56742118912
1067.46311110656
973.351384614912
1080.89332590592
1085.16986503168
1039.48581026816
1191.0290519552
1007.231830912
838.498412461056
1048.53942856704
1057.69112836096
1101.9053774848
1197.81880580096
1008.214580375552
1020.086292461568
1047.23515695104
1030.44097099776
988.161432167424
1196.07740301312
996.816722985984
1256.92005673984
1282.73197697024
1259.11890801664
1175.57344502784
1298.03062102016
1357.49068178432
1167.47358058496
1333.24655673344
1268.6559818752
1264.67995071488
1673.80361181184
1697.7722443776
1615.72891762688
1695.78822132736
1794.2681657344
1800.78658064384
1665.64559744
1742.12038409216
1708.90642696192
1693.29770640384
1679.98727314432
1725.3269504
1605.0826351104
1761.96776119296
1862.94385253376
2561.44978694144
2472.48110676992
2409.62797350912
1859.39471117312
2029.26219004928
2234.50270066688
1425.74842793984
1095.36805298176
1609.28232124416
1225.58363278336
1507.5722768896
1570.12343064576
1491.6737221632
2022.73738728448
1783.61093301248
1826.39963405312
2104.97889693696
1613.13436734464
1857.42347252736
1989.95447514112
2088.07185164288
2369.76810667008
1699.28011510784
1742.0458092032
2090.19424520192
1791.92862198784
1970.86950264832
2033.26532267008
2086.4960496128
2272.96289032192
1671.35154716672
1531.76259608576
1788.95016450048
1893.8618980352
1884.42115436544
1898.64585365504
1620.50767567872
1984.65006741504
1649.17659388928
1565.98676543488
1729.03149267968
1735.85288311808
1742.59988501504
1609.56650896384
1811.25524876288
1733.71353877504
1362.24925379584
1323.9166298112
1382.99164444672
1296.62976
1174.51208290304
1518.71668647936
1941.70931328
2108.35414765568
1403.04857443328
1399.64704338944
1617.4159420928
1401.7723620352
1233.5172100608
1425.087932416
1531.2384
1422.59807916032
1561.95181574144
1622.70570446848
1645.55827408896
1713.52158160896
1412.54290034688
1692.34336744448
1376.87117871104
1261.51039099904
1208.05842670592
1056.69821232128
1265.01396557824
1237.41628685312
551.535238657024
1106.81029554176
1157.65116577792
1284.61033790464
1243.10326110208
1105.16571773952
865.36815894016
616.13324419072
490.573058184192
448.819798194176
583.526545160192
796.80912792576
878.776800989184
965.394833787904
1038.23599732736
1045.86955210752
931.553137282048
658.11720141312
696.960234003456
1073.1977288704
1142.9334890496
1044.44076050432
916.105778390016
848.993298407424
815.768216216576
946.17945071616
977.127364017152
847.848470172672
841.614561048576
802.254784917504
899.60941843968
798.314090090496
659.726910168064
719.496518863872
1181.76067367936
1197.6382745088
986.177054117888
1137.89232432128
653.272397790208
752.332593686528
647.6331608832
992.348858036224
1275.37963285504
759.923507601408
707.93187154944
565.378077628416
604.00914856448
929.869926278144
1295.92424489984
875.10168009216
1233.59988299776
1291.73010895872
1364.97385316352
1547.10436501504
1265.9714745344
1238.79106026496
1178.46938814464
1317.46789743616
1161.54452993024
1321.59532847104
1149.91524102144
5474.6755398144
5108.8629806592
3239.33982321664
4746.6053001113605
4428.87742275072
2113.82889832448
1490.8480596224001
2509.77643031552
2244.9997509888
2277.20170212864
2383.82158769152
1720.8697233612802
1229.6864712192
2270.70397997568
1949.2039082752
1483.9983173632002
1236.72688242176
2028.19097084416
6363.5881558528
7964.0276513792005
8521.2240418816
9716.20082304
9077.6680239616
8518.6501485568
8608.3766282752
8103.6486414336005
8778.596848486399
11073.2578765312
13128.584479488
9586.929084416
9644.3484548096
10035.2661712384
6610.132767487999
8695.3953808384
8982.6044813312
8758.7068493312
8109.7003012608
8180.6959553024
8894.6566336512
9204.4753227776
7627.8488781824
6571.7548988928
5601.5825816576
4727.837105945599
5337.3155555328
4866.75692307456
5404.466629529599
5425.8493251584005
5197.4290513408005
5955.145259776
5036.1591545599995
4192.49206230528
5242.6971428352
5288.4556418048
5509.526887424
5989.0940290048
5041.07290187776
5100.43146230784
5236.1757847552
5152.2048549887995
4940.80716083712
5980.387015065599
4984.08361492992
6284.6002836992
6413.6598848512
6295.594540083201
5877.8672251392
6490.1531051008
6787.4534089216
5837.3679029248
6666.2327836672
6343.279909376
6323.3997535744
8369.0180590592
8488.861221887999
8078.644588134401
8478.9411066368
8971.340828672
9003.9329032192
8328.2279872
8710.6019204608
8544.5321348096
8466.4885320192
8399.9363657216
8626.634752
8025.413175551999
8809.8388059648
9314.719262668801
12807.2489347072
12362.4055338496
12048.139867545598
9296.9735558656
10146.3109502464
11172.513503334401
7128.7421396991995
5476.8402649088
8046.4116062207995
6127.9181639168
7537.8613844480005
7850.6171532288
7458.368610816
10113.6869364224
8918.0546650624
9131.9981702656
10524.8944846848
8065.6718367232
9287.1173626368
9949.7723757056
10440.359258214401
11848.840533350402
8496.400575539199
8710.229046016
10450.971226009598
8959.6431099392
9854.347513241599
10166.3266133504
10432.480248064001
11364.8144516096
8356.7577358336
7658.8129804288
8944.7508225024
9469.309490176
9422.1057718272
9493.2292682752
8102.5383783936
9923.2503370752
8245.8829694464
7829.9338271744
8645.1574633984
8679.2644155904
8712.999425075199
8047.832544819201
9056.2762438144
8668.5676938752
6811.246268979201
6619.5831490559995
6914.9582222336
6483.1488
5872.5604145152
7593.5834323968
9708.5465664
10541.770738278401
7015.2428721664
6998.2352169472
8087.079710464
7008.861810176
6167.586050303999
7125.43966208
7656.192
7112.990395801599
7809.7590787072
8113.5285223424
8227.7913704448
8567.6079080448
7062.7145017344
8461.7168372224
6884.355893555201
6307.5519549952005
6040.2921335296005
5283.4910616064
6325.0698278912005
6187.0814342656
2757.67619328512
5534.0514777088
5788.2558288896
6423.0516895231995
6215.5163055104
5525.8285886976
4326.8407947008
3080.6662209536
2452.86529092096
2244.0989909708796
2917.6327258009596
3984.0456396288
4393.88400494592
4826.97416893952
5191.1799866368
5229.347760537599
4657.76568641024
3290.5860070656
3484.80117001728
5365.988644352
5714.667445248
5222.2038025216
4580.52889195008
4244.966492037121
4078.84108108288
4730.8972535808
4885.63682008576
4239.24235086336
4208.07280524288
4011.27392458752
4498.0470921984
3991.57045045248
3298.63455084032
3597.48259431936
5908.803368396801
5988.191372543999
4930.885270589441
5689.4616216064005
3266.3619889510396
3761.66296843264
3238.1658044160004
4961.74429018112
6376.8981642752
3799.61753800704
3539.6593577472
2826.89038814208
3020.0457428224
4649.34963139072
6479.6212244992
4375.5084004608
6167.9994149888
6458.6505447936
6824.8692658176005
7735.5218250752005
6329.857372672
6193.9553013248
5892.3469407232005
6587.3394871808
5807.7226496512
6607.976642355199
5749.5762051072
