455.323463334912
2359.4825078784
1046.97114775552
1761.3572830208
1841.25302242304
2323.22961053696
1846.17890909184
1519.10199216128
371.439276382208
744.900730822656
463.420812260352
488.00037940736
425.320080374784
612.535932340224
457.6325100032
250.680229194752
323.628254501888
389.180725011456
446.743008515072
536.626746902528
466.155026891776
448.010881743872
355.065941937152
387.394618882048
496.09175221248
511.901756457984
463.235125538816
487.188736376832
341.121897858048
241.085461464064
944.369825216512
1048.9679854592
981.610830426112
868.3215086848
1084.69968592896
1119.45211214848
519.016087912448
1084.64609262592
606.043513803776
526.581520467968
1197.82190507008
1096.26897764352
1228.07592374272
1313.1665110016
1423.6031227392
1393.92987695104
976.39406553088
1006.566991419392
807.312508698624
916.875076122624
479.143377957888
336.4766673408
547.166485269504
506.574948251648
613.72404808704
613.754113009664
931.850941233152
1042.08764601344
843.936178770944
1397.74025344
1373.8428527104
1415.89694915584
2276.61731667456
11797.412539392
5234.8557387776
8806.786415104
9206.2651121152
11616.1480526848
9230.8945454592
7595.509960806399
1857.19638191104
3724.50365411328
2317.1040613017603
2440.0018970368
2126.60040187392
3062.67966170112
2288.1625500160003
1253.40114597376
1618.1412725094401
1945.90362505728
2233.71504257536
2683.13373451264
2330.77513445888
2240.0544087193603
1775.32970968576
1936.97309441024
2480.4587610624
2559.50878228992
2316.17562769408
2435.94368188416
1705.60948929024
1205.4273073203199
4721.84912608256
5244.839927296
4908.05415213056
4341.607543424
5423.4984296448
5597.260560742399
2595.08043956224
5423.230463129599
3030.21756901888
2632.9076023398397
5989.1095253504
5481.3448882176
6140.3796187136
6565.832555008
7118.0156136959995
6969.649384755199
4881.9703276544
5032.83495709696
4036.56254349312
4584.37538061312
2395.71688978944
1682.3833367040002
2735.83242634752
2532.8747412582397
3068.6202404352002
3068.7705650483203
4659.25470616576
5210.4382300672005
4219.68089385472
6988.7012672
6869.2142635519995
7079.4847457792
