606.656862956544
433.359764535296
693.210552333312
427.460732279808
621.1454642688
687.705148673024
729.787121823744
1074.86760209408
992.969852315648
1040.06664740864
1118.7610339328
998.077102461952
924.037757785088
920.376654406656
997.475265306624
527.411029900288
851.582709966848
970.905231654912
1127.29207361536
1153.2934160384
1007.14962376192
1007.913255069696
817.234803234816
573.370683076608
774.105431262208
1078.8845782016
1299.07486995456
939.197788481536
1124.04085888
1053.24720574464
916.346681440256
811.473515348992
640.347765310464
858.986873786368
1065.75147323392
1104.98689709056
1154.89626402816
903.916404938752
843.03607741952
1015.02676158464
919.111441860608
885.878071278592
866.34217678848
800.29435101184
542.902200840192
533.584192771072
713.31011764736
542.376965886976
1137.68404425728
852.389784897536
1090.80757653504
1198.38820302848
1005.879366166528
1098.68690852864
948.078131054592
898.364104347648
855.25640613888
865.265799692288
819.415578947584
953.618831013888
1025.45054281728
1036.10820301824
724.82816
890.581547739136
1323.37299009536
975.455337930752
985.340770158592
847.019981509632
867.754136645632
958.225115220992
933.799044422656
682.646698354688
624.961071537152
991.109196751872
935.077629280256
808.70774112768
863.035076923392
831.058854771712
732.677427561472
399.601741441024
501.384034741248
1085.60079942656
903.318789825536
627.932022212608
920.861950470144
848.56819186688
868.028235293696
657.687878524928
807.127112073216
448.255162486784
869.423713261568
1280.69715296256
1275.8661280256
1208.05842670592
1364.2313637888
1050.99651151872
1078.44266667008
1313.894579968
1051.71646953472
1191.91062904832
1315.85436857344
559.222641630208
1143.12613270528
885.62939741184
605.518769230848
400.982036779008
504.704496864256
373.148676508672
421.705090176
1034.08062836736
1135.57661538304
1208.84954517504
1160.8379852288
1023.567191424
1179.71286144
1046.63623335936
899.59221390336
893.052593156096
663.843612178432
890.369027424256
812.280074692608
582.316861735936
533.546322089984
402.991268334592
370.044568562688
410.418486203392
307.04182113792
265.643828272128
344.797136186368
488.168999269376
537.457975933952
1172.50406265856
1023.679642458112
1074.68012307456
1470.8127860224
1236.52082614272
1409.08582641664
1361.10306297856
1434.68881012736
1278.46771912704
1644.88750743552
1530.5469817344
1780.31274667008
1476.53508036608
1861.95382856704
1444.83021615104
1399.19661453312
996.719550959616
1624.29708729344
1658.9682215424
1611.43939802112
1720.24539162624
1438.6434733056
1636.40370581504
1835.04457143296
2007.46937378816
2025.8300419584
2029.26219004928
1616.21797281792
1928.85343540224
2496.61246792704
1708.89401925632
1101.85116580864
1619.69149657088
1356.18335473664
1584.06342342656
1954.93613408256
1467.27913426944
1723.47303597056
1497.89380376576
1271.05260703744
1419.19005877248
1179.9566257152
1433.63209402368
1645.6722962944
1504.45819108352
1982.32798978048
1649.2558321664
1462.55880963072
775.625894846464
865.956270301184
798.214680901632
975.925894736896
3033.2843147827202
2166.79882267648
3466.05276166656
2137.30366139904
3105.727321344
3438.5257433651204
3648.93560911872
5374.3380104704
4964.84926157824
5200.3332370432
5593.8051696640005
4990.38551230976
4620.18878892544
4601.88327203328
4987.37632653312
2637.0551495014397
4257.91354983424
4854.52615827456
5636.4603680768005
5766.467080192
5035.7481188096
5039.56627534848
4086.17401617408
2866.8534153830396
3870.52715631104
5394.422891008
6495.3743497728
4695.98894240768
5620.2042944
5266.2360287232
4581.73340720128
4057.36757674496
3201.7388265523196
4294.93436893184
5328.757366169601
5524.9344854528
5774.4813201408
4519.58202469376
4215.1803870976
5075.1338079232
4595.5572093030405
4429.39035639296
4331.7108839424
4001.4717550592004
2714.51100420096
2667.9209638553602
3566.5505882368
2711.88482943488
5688.4202212864
4261.9489244876795
5454.0378826752
5991.9410151424
5029.39683083264
5493.4345426432
4740.3906552729595
4491.82052173824
4276.2820306944
4326.32899846144
4097.07789473792
4768.09415506944
5127.2527140863995
5180.541015091199
3624.1408
4452.90773869568
6616.8649504768
4877.27668965376
4926.70385079296
4235.0999075481595
4338.77068322816
4791.125576104961
4668.99522211328
3413.23349177344
3124.8053576857596
4955.54598375936
4675.38814640128
4043.5387056384
4315.17538461696
4155.294273858561
3663.38713780736
1998.00870720512
2506.92017370624
5428.0039971328
4516.59394912768
3139.66011106304
4604.30975235072
4242.8409593344
4340.14117646848
3288.4393926246403
4035.6355603660804
2241.27581243392
4347.1185663078395
6403.4857648128
6379.330640128
6040.2921335296005
6821.156818944
5254.982557593599
5392.2133333504
6569.4728998400005
5258.5823476736
5959.5531452416
6579.271842867201
2796.1132081510405
5715.6306635264
4428.1469870592
3027.59384615424
2004.91018389504
2523.52248432128
1865.74338254336
2108.52545088
5170.4031418368
5677.8830769152
6044.247725875201
5804.189926144
5117.83595712
5898.5643072
5233.1811667967995
4497.961069516799
4465.26296578048
3319.21806089216
4451.8451371212805
4061.4003734630396
2911.58430867968
2667.7316104499196
2014.95634167296
1850.2228428134401
2052.09243101696
1535.2091056896002
1328.2191413606402
1723.9856809318399
2440.84499634688
2687.28987966976
5862.5203132928
5118.39821229056
5373.4006153728005
7354.063930111999
6182.604130713599
7045.4291320832
6805.5153148928
7173.4440506368
6392.3385956352
8224.4375371776
7652.7349086720005
8901.5637333504
7382.6754018304
9309.769142835201
7224.1510807552
6995.9830726656
4983.59775479808
8121.4854364672
8294.841107712
8057.1969901056
8601.2269581312
7193.217366528001
8182.0185290752
9175.222857164801
10037.3468689408
10129.150209792
10146.3109502464
8081.0898640896
9644.2671770112
12483.0623396352
8544.4700962816
5509.2558290432
8098.4574828544
6780.9167736832005
7920.3171171327995
9774.680670412801
7336.3956713472
8617.3651798528
7489.4690188288
6355.2630351872
7095.950293862399
5899.783128576
7168.160470118401
8228.361481472
7522.2909554176
9911.6399489024
8246.279160832
7312.7940481536
3878.12947423232
4329.78135150592
3991.0734045081604
4879.62947368448
