1859.16855297024
1778.49131088896
1854.01675547648
1344.42741940224
833.703287129088
1046.97114775552
1381.28635265024
1202.928
1206.66602585088
1388.27476248576
1403.51814493184
1429.55525824512
1261.63895433216
1410.52865306624
1304.45472560128
1303.90735113216
988.256478232576
1200.67461921792
1132.50297689088
1061.34777952256
1026.20037326848
1037.81837362176
1052.75733332992
1176.60913654784
1487.96374298624
1424.08541682688
1374.25851992064
1261.51039099904
1241.39038925824
1298.32646699008
1359.92251592704
1359.262529536
1367.9890503168
744.274641430528
1477.68442320896
1237.15771328512
940.049880456192
440.139638112256
787.172240963584
719.359756306432
1655.36301571072
1256.69543494656
2061.12595135488
2558.98316084224
2125.35256203264
2147.2721454592
2226.91939168256
2221.44663108608
1507.07863811072
1534.47718228992
368.612277495808
1587.01645283328
1491.2560761856
933.052081632256
1392.36579079168
1893.45928064
1790.85828429824
1887.58824873984
2113.42479637504
1934.1543225856
1954.4548381696
2192.51924528128
2511.78075247616
2478.68151049216
2312.46837369856
2151.1942813696
2190.58076097536
1712.51080374272
1935.9133856768
2115.01493250048
2130.49196396544
2033.07301633024
2120.13471944704
2200.784776704
2059.84590897152
1889.61467317248
2070.1467413504
2476.47831839744
2172.80536526848
2049.85742595072
2152.55213559808
2118.28233982976
1930.6985293312
2041.6512
2241.84894802944
2086.6074256384
2039.77261338624
2021.29408
2033.78414188544
2557.07610575872
2385.92671475712
2155.45904761856
2095.63992523776
2173.24348824576
2208.93352329216
2080.51038993408
2120.078416384
2231.65974925312
2128.73739548672
1986.06209174528
2309.76735632384
2522.04373332992
2284.46891731968
2027.32935401472
2084.65496275968
2381.72757815296
2086.73501234176
1823.70511392768
1908.39422163968
2350.1832462848
2293.20326213632
2075.08397860864
1957.20816598016
2132.02352791552
1905.34187211776
1815.41546667008
1808.85746236416
1685.69018181632
1736.89474509824
1843.63115789312
1597.09174106112
1373.27426729984
1220.77718260736
1365.69263158272
1285.11794239488
568.869101449216
1063.8350422528
1317.86938181632
1452.66990163968
1472.0338326016
1675.51064955904
1733.85735907328
2074.39987924992
1651.72511526912
1932.94764992512
1612.85325149184
2059.23388235776
1555.3008484864
1585.18064335872
1338.9869010944
1574.67889430528
1501.28921385984
2150.71338523648
1917.35004491776
1942.90834285568
1480.193193472
1376.40427149312
1599.0026919424
1468.5203436544
1588.1139086848
1567.97089787904
1595.29513513984
1593.66156110848
1538.45590918144
1739.89411217408
1131.73817729024
1333.7647145472
1203.93810469888
1321.19405714432
1430.80875954176
1421.2724038656
1706.5466373632
1644.89772496896
1960.67918005248
2178.42282264576
1992.4197167104
1944.07537777664
2097.91486532608
2473.96990017536
1927.77404081152
2001.1033924096
2161.45186700288
2244.123115264
1956.86947593216
1916.25453369344
1608.62612486144
1606.79380538368
1466.38497823744
1789.52978848768
1677.90241441792
1399.03577247744
975.210110144512
1175.34361300992
1965.75050208256
1934.74083721216
1248.48183686144
1600.8887867392
1673.7928584192
1775.9196958208
1722.33490843648
1664.39440282624
1557.36676288512
1805.6217508864
1781.16309548032
1763.33340368896
1483.64710489088
862.350563610624
1121.8693224448
764.827094890496
1009.186900374528
523.77543300096
795.048425833472
766.520393279488
1554.12911263744
1646.592
1744.91445045248
1623.48717313024
1549.59523403776
1500.96585729024
1527.384
1332.63983210496
979.347533805568
988.68737875456
1300.87510088704
1031.89410909184
1493.16861650944
1603.42057724928
1471.8160776704
1629.25002841088
1035.39038790656
855.623336860672
916.172346615808
483.783111110656
1020.039529411584
1131.5940154368
1210.61720768512
1288.7613609984
901.273075346432
1659.56666822656
751.34322950144
742.294627968
940.681634408448
1665.9210193408
1481.83145567232
1537.51256155136
1014.1919358464
721.406470337536
604.839227539456
559.105564553216
398.7271071232
448.480891139072
480.843499380736
637.70234520064
708.414812931072
712.907820095488
753.0612306176
738.633343578112
561.672774810624
551.480977431552
639.645216722944
576.758531751936
647.944701252608
608.734421680128
690.927337278464
631.145094736896
522.392180406272
1503.13010945024
1691.26570667008
1561.46015858688
1579.91338061824
1586.25447476224
1650.9891764736
1557.26903115776
1986.37558293504
2047.51445593088
9295.8427648512
8892.4565544448
9270.0837773824
6722.1370970112
4168.516435645441
5234.8557387776
6906.431763251199
6014.64
6033.3301292544
6941.3738124288
7017.5907246592
7147.7762912256
6308.1947716608
7052.6432653311995
6522.2736280064
6519.536755660801
4941.28239116288
6003.3730960896
5662.5148844544
5306.7388976127995
5131.0018663424
5189.0918681088
5263.786666649599
5883.045682739201
7439.8187149312
7120.4270841344
6871.292599603201
6307.5519549952005
6206.9519462912
6491.6323349504
6799.6125796352
6796.312647680001
6839.945251584
3721.37320715264
7388.4221160448
6185.7885664256
4700.24940228096
2200.69819056128
3935.86120481792
3596.7987815321603
8276.8150785536
6283.4771747327995
10305.629756774399
12794.9158042112
10626.7628101632
10736.360727296
11134.596958412802
11107.2331554304
7535.3931905536
7672.3859114496
1843.06138747904
7935.0822641664
7456.280380928
4665.26040816128
6961.8289539584
9467.2964032
8954.2914214912
9437.9412436992
10567.1239818752
9670.771612928
9772.274190848
10962.5962264064
12558.9037623808
12393.407552460802
11562.3418684928
10755.971406848
10952.903804876802
8562.554018713601
9679.566928384
10575.0746625024
10652.4598198272
10165.3650816512
10600.6735972352
11003.92388352
10299.2295448576
9448.0733658624
10350.733706752
12382.3915919872
10864.026826342399
10249.2871297536
10762.7606779904
10591.4116991488
9653.492646656
10208.256
11209.244740147202
10433.037128192
10198.8630669312
10106.4704
10168.9207094272
12785.380528793601
11929.633573785599
10777.2952380928
10478.1996261888
10866.2174412288
11044.6676164608
10402.5519496704
10600.39208192
11158.2987462656
10643.6869774336
9930.3104587264
11548.8367816192
12610.2186666496
11422.3445865984
10136.6467700736
10423.2748137984
11908.637890764801
10433.6750617088
9118.525569638401
9541.971108198399
11750.916231424
11466.0163106816
10375.4198930432
9786.0408299008
10660.1176395776
9526.7093605888
9077.0773333504
9044.2873118208
8428.450909081601
8684.4737254912
9218.1557894656
7985.4587053056
6866.3713364992
6103.8859130368
6828.4631579136
6425.5897119743995
2844.34550724608
5319.175211264
6589.3469090816
7263.349508198399
7360.1691630079995
8377.5532477952
8669.286795366399
10371.999396249601
8258.6255763456
9664.7382496256
8064.2662574592
10296.1694117888
7776.504242432
7925.9032167936
6694.934505472001
7873.3944715264
7506.4460692992
10753.5669261824
9586.750224588799
9714.5417142784
7400.96596736
6882.0213574656
7995.0134597119995
7342.601718272
7940.569543424
7839.8544893952
7976.475675699201
7968.3078055424
7692.2795459071995
8699.470560870399
5658.6908864512
6668.823572736
6019.6905234944
6605.9702857216
7154.0437977088
7106.362019327999
8532.733186816
8224.4886248448
9803.3959002624
10892.1141132288
9962.098583552
9720.3768888832
10489.5743266304
12369.8495008768
9638.8702040576
10005.516962048001
10807.259335014402
11220.615576319999
9784.3473796608
9581.2726684672
8043.1306243072
8033.969026918399
7331.9248911872
8947.6489424384
8389.5120720896
6995.178862387201
4876.05055072256
5876.7180650496
9828.7525104128
9673.7041860608
6242.409184307199
8004.443933696
8368.964292096
8879.598479104
8611.6745421824
8321.9720141312
7786.8338144255995
9028.108754432
8905.8154774016
8816.667018444801
7418.2355244544
4311.75281805312
5609.346612224
3824.13547445248
5045.93450187264
2618.8771650048
3975.24212916736
3832.60196639744
7770.6455631871995
8232.960000000001
8724.5722522624
8117.4358656512
7747.9761701888
7504.8292864512
7636.92
6663.1991605248
4896.73766902784
4943.4368937727995
6504.3755044352
5159.4705454591995
7465.8430825472
8017.102886246401
7359.080388352
8146.2501420544
5176.9519395328
4278.11668430336
4580.86173307904
2418.9155555532802
5100.19764705792
5657.970077184
6053.0860384256
6443.806804992
4506.36537673216
8297.8333411328
3756.7161475072
3711.47313984
4703.40817204224
8329.605096704001
7409.1572783616
7687.5628077568
5070.959679232
3607.03235168768
3024.1961376972804
2795.52782276608
1993.6355356160002
2242.40445569536
2404.21749690368
3188.5117260032002
3542.07406465536
3564.53910047744
3765.306153088
3693.16671789056
2808.36387405312
2757.4048871577597
3198.22608361472
2883.79265875968
3239.72350626304
3043.67210840064
3454.6366863923204
3155.7254736844798
2611.96090203136
7515.6505472512
8456.328533350399
7807.3007929344
7899.5669030911995
7931.2723738112
8254.945882368
7786.3451557888
9931.8779146752
10237.5722796544
