4740.52364750848
5059.93302535168
5043.26576146432
4887.75799416832
4446.41753135104
4451.47497411584
4870.5357913088
4830.58145882112
4419.96051253248
4093.07882170368
3698.05258233856
4777.86719391744
4726.49401769984
5110.6830422528
5111.24580391936
4635.05751824384
3940.22466321408
3980.99785250816
5176.0171267584
5209.32050241536
4829.5364747776
4142.1698245632
4111.10660338688
4572.89501840384
4779.65097674752
4725.37433765888
4540.65354231808
4599.66096410624
4839.2573023232
5054.92624451584
5089.24849230848
4225.7345306112
4223.76280225792
4611.10869055488
4906.07972804608
4918.35076923392
4999.05097143296
4997.7630580224
4807.2793043456
4607.85014634496
4598.89943272448
5137.55428571136
5182.47136690176
4961.82497627136
4402.04601858048
4414.95207476224
4896.4126687744
4930.52788849664
4932.76292250624
4745.15077706752
4721.20430959616
4789.28808541184
4859.43790345216
4853.78805479424
4543.00920136704
4553.69132782592
4658.53489389568
4758.96189830144
4815.12247422976
4503.94621596672
4388.41878260736
4522.89149700096
5125.04759596032
5063.59222856704
5140.79507692544
3892.87222018048
5527.00376614912
5524.78359798784
5019.46404790272
3816.61334844416
3624.28518007808
3120.39897493504
3374.78978629632
5289.21941332992
5280.07168
5014.51143042048
4908.512
4914.9738404864
4682.04510967808
4682.75813173248
4756.57588015104
4843.7156687872
4907.4846254592
5404.3708235264
5391.64672
5425.17930667008
4868.11711340544
4851.105792
4840.1421298688
5059.07672614912
5036.03908651008
4702.8197402624
4576.19330612224
3541.9244936192
3961.96921867264
4034.1603902464
4741.854778624
4716.75719873536
4342.36309202944
4094.198921984
4494.08408945664
5035.01536690176
5066.9362491392
4651.7039223296
4579.92378181632
4684.06423703552
5216.83753085952
5258.1278832128
4602.95084276736
4348.19836085248
4456.6025660416
4974.88082051072
4982.61092958208
4164.41978816512
3870.07102338048
4259.63405586432
4823.61989963776
4859.43790345216
4870.4677388288
4911.81437638656
4315.90065796096
2987.22546803712
3342.60419047424
3992.02461538304
3964.21712396288
4633.01917377536
4676.9218575872
4741.86646728704
4486.727291136
4515.56324324352
4905.46904046592
4894.48562398208
4930.1880538112
4859.42316521472
4917.0237664256
4991.759535616
5000.99657143296
4430.92903597056
4371.25571349504
4269.5997412352
4187.79468107776
4160.85785430016
5202.21257143296
5239.83387725824
5029.0714340864
4903.49714285568
4922.09294498816
4653.64921378816
4637.18884542464
4608.24505982976
4703.91269363712
4722.0736
4700.68390697984
4673.24067712
4684.33030199296
5036.03908651008
4994.71889654784
5067.42309604352
4523.65356521472
4516.86686834688
4594.46044444672
4618.46078810112
4600.65240614912
5204.44988235776
5185.16809580544
4935.60814034944
4744.86193898496
4769.85203908608
4889.03575510016
4907.0611948032
5018.64025397248
5365.89003174912
5355.86260222976
5172.22038162432
5133.07171119104
5172.2613722624
5122.64955776
5127.03443478528
4808.55666187264
4220.89899150336
4235.96942222336
4705.55927272448
4728.98319463424
4571.9552
4393.07490428928
4372.989291008
4555.98852830208
4584.14288979968
4624.42455445504
3883.96981377024
4741.8484832256
4591.6284498432
4697.9602962944
4544.24943589376
4608.98868965376
4637.41062295552
4468.3488159232
4451.14144130048
4435.18780952576
4461.14076821504
4016.72370276352
4058.77982608384
4105.99424
4197.79318518784
4437.03502521344
4827.05305919488
4814.47920306176
3995.71439401984
3987.456
4812.43451076608
5039.70539682816
5052.91269102592
4802.69847687168
4741.89956128768
4474.3956182528
4130.8471878144
4142.1698245632
5011.47292562432
5140.56474482688
5154.23177428992
5311.73465693184
5305.74534798336
5338.89219047424
4214.44180252672
4210.2388302848
5250.811936512
5264.26250847232
5209.79802090496
4782.46745946112
4770.92601653248
4952.9870422528
4963.5967092224
4997.7630580224
4856.00172973056
4859.72619935744
4940.224
5045.53838806016
5055.18259649536
5030.02875600896
5006.55233803264
5061.4272
5105.7987368448
5145.67819636736
3445.30606185472
2738.92894117888
4525.0711928832
4500.96973913088
4842.7388041216
5368.58375757824
5367.3455483904
5039.60351219712
4894.60929729536
4947.64320704512
5132.60307692544
5116.48290132992
5101.33880144896
4469.36615385088
4530.176
4430.6432
4485.25744966656
4741.03991061504
4276.84815238144
4311.49778823168
4518.87059837952
4521.02185234432
5031.58740425728
5115.17457533952
23702.618237542403
25299.665126758402
25216.328807321603
24438.7899708416
22232.087656755204
22257.374870579202
24352.678956544
24152.9072941056
22099.8025626624
20465.3941085184
18490.2629116928
23889.3359695872
23632.470088499198
25553.415211264
25556.229019596798
23175.2875912192
19701.1233160704
19904.9892625408
25880.085633792
26046.602512076803
24147.682373888
20710.849122816
20555.5330169344
22864.475092019202
23898.2548837376
23626.8716882944
22703.2677115904
22998.304820531197
24196.286511616
25274.6312225792
25446.242461542402
21128.672653056
21118.8140112896
23055.5434527744
24530.3986402304
24591.7538461696
24995.2548571648
24988.815290112
24036.396521728002
23039.250731724802
22994.4971636224
25687.7714285568
25912.3568345088
24809.1248813568
22010.230092902402
22074.7603738112
24482.063343872
24652.6394424832
24663.8146125312
23725.7538853376
23606.0215479808
23946.440427059202
24297.1895172608
24268.940273971202
22715.0460068352
22768.4566391296
23292.674469478403
23794.8094915072
24075.6123711488
22519.7310798336
21942.093913036802
22614.4574850048
25625.2379798016
25317.9611428352
25703.9753846272
19464.3611009024
27635.018830745597
27623.9179899392
25097.320239513603
19083.0667422208
18121.4259003904
15601.9948746752
16873.948931481602
26446.0970666496
26400.3584
25072.5571521024
24542.559999999998
24574.869202432
23410.2255483904
23413.7906586624
23782.8794007552
24218.578343936002
24537.423127296002
27021.854117632
26958.2336
27125.896533350402
24340.5855670272
24255.528960000003
24200.710649344
25295.3836307456
25180.195432550398
23514.098701312
22880.9665306112
17709.622468096
19809.8460933632
20170.801951232
23709.27389312
23583.7859936768
21711.815460147198
20470.994609920002
22470.4204472832
25175.0768345088
25334.681245696003
23258.519611648
22899.6189090816
23420.3211851776
26084.1876542976
26290.639416064
23014.7542138368
21740.991804262398
22283.012830207997
24874.4041025536
24913.054647910398
20822.0989408256
19350.3551169024
21298.1702793216
24118.0994981888
24297.1895172608
24352.338694144
24559.0718819328
21579.5032898048
14936.127340185601
16713.0209523712
19960.1230769152
19821.0856198144
23165.0958688768
23384.609287936
23709.3323364352
22433.636455679996
22577.8162162176
24527.3452023296
24472.4281199104
24650.940269056002
24297.1158260736
24585.118832128
24958.79767808
25004.9828571648
22154.6451798528
21856.2785674752
21347.998706176
20938.973405388802
20804.289271500802
26011.0628571648
26199.1693862912
25145.357170432
24517.485714278402
24610.464724940797
23268.246068940796
23185.9442271232
23041.2252991488
23519.563468185603
23610.368
23503.4195348992
23366.2033856
23421.6515099648
25180.195432550398
24973.5944827392
25337.1154802176
22618.267826073603
22584.3343417344
22972.3022222336
23092.303940505597
23003.2620307456
26022.249411788798
25925.840479027203
24678.0407017472
23724.3096949248
23849.2601954304
24445.178775500797
24535.305974016002
25093.201269862402
26829.4501587456
26779.313011148803
25861.1019081216
25665.3585559552
25861.306861312
25613.2477888
25635.1721739264
24042.7833093632
21104.4949575168
21179.8471111168
23527.7963636224
23644.9159731712
22859.776
21965.3745214464
21864.94645504
22779.942641510403
22920.714448998402
23122.1227722752
19419.8490688512
23709.242416128
22958.142249215998
23489.801481472
22721.247179468803
23044.9434482688
23187.0531147776
22341.744079616
22255.707206502404
22175.9390476288
22305.7038410752
20083.6185138176
20293.8991304192
20529.9712
20988.9659259392
22185.175126067203
24135.2652959744
24072.3960153088
19978.571970099198
19937.28
24062.1725538304
25198.5269841408
25264.563455129603
24013.4923843584
23709.497806438398
22371.978091263998
20654.235939072
20710.849122816
25057.3646281216
25702.8237241344
25771.158871449603
26558.6732846592
26528.7267399168
26694.4609523712
21072.209012633597
21051.194151424002
26254.05968256
26321.3125423616
26048.9901045248
23912.3372973056
23854.630082662403
24764.935211264
24817.983546112002
24988.815290112
24280.0086486528
24298.6309967872
24701.120000000003
25227.6919403008
25275.9129824768
25150.1437800448
25032.761690163203
25307.136
25528.993684224002
25728.3909818368
17226.5303092736
13694.6447058944
22625.355964415998
22504.8486956544
24213.694020608
26842.918787891198
26836.727741952
25198.0175609856
24473.0464864768
24738.2160352256
25663.0153846272
25582.414506649602
25506.6940072448
22346.830769254404
22650.88
22153.216
22426.287248332803
23705.1995530752
21384.2407619072
21557.4889411584
22594.3529918976
22605.109261721598
25157.937021286398
25575.8728766976
