897.474793168896
1016.536508167168
844.854781892608
814.14357311488
1102.3114154496
1082.041921792
1080.46351848448
998.30621308416
986.028521739264
946.183433756672
978.432788905984
1114.23202930688
959.856523470848
1083.26371702784
955.965730496512
1124.77801796608
831.350985915392
1110.60114285568
1079.48137291776
907.896154610688
782.902257127424
795.861802198016
930.429344398336
684.500210526208
724.728751460352
670.316417426432
820.585173051392
656.658775581696
461.56190674944
401.168900625408
707.569577464832
827.266118203392
853.845233819648
774.031508885504
799.669231746048
644.924703722496
677.728692862976
620.735476087808
645.387287478272
525.253366827008
567.333713371136
486.571415673856
547.624421052416
412.84087461376
701.826351389696
803.874007379968
893.025847378944
935.127400132608
939.858164456448
1093.75652917248
1037.6584758272
1023.166915254272
1101.09314509824
914.025205479424
1026.5816415232
862.154269676544
813.925517241344
778.18974233088
942.690042553344
917.999120879616
4487.37396584448
5082.68254083584
4224.27390946304
4070.7178655744
5511.557077248
5410.20960896
5402.3175924224
4991.531065420801
4930.14260869632
4730.9171687833605
4892.16394452992
5571.160146534399
4799.28261735424
5416.318585139199
4779.82865248256
5623.8900898304
4156.75492957696
5553.005714278401
5397.4068645888
4539.480773053439
3914.51128563712
3979.30901099008
4652.146721991679
3422.50105263104
3623.64375730176
3351.5820871321603
4102.92586525696
3283.2938779084798
2307.8095337472
2005.84450312704
3537.84788732416
4136.33059101696
4269.22616909824
3870.15754442752
3998.34615873024
3224.62351861248
3388.64346431488
3103.67738043904
3226.93643739136
2626.26683413504
2836.66856685568
2432.85707836928
2738.12210526208
2064.2043730688
3509.13175694848
4019.37003689984
4465.12923689472
4675.63700066304
4699.29082228224
5468.7826458624
5188.292379136
5115.83457627136
5505.4657254912
4570.12602739712
5132.908207616
4310.77134838272
4069.62758620672
3890.9487116544
4713.45021276672
4589.99560439808
