1321.17103256576
1355.68016905216
1262.26399081472
1828.2453565952
2318.8717934592
1858.4252102144
1674.4741883392
1601.8182990848
1708.03640904704
1556.01326522368
1748.85330925568
1839.79366325248
1569.3256336896
1721.74849821696
1741.69400444928
1851.3203498496
2077.768743168
1672.31508302848
1842.09130826752
2174.05109677056
1928.38127013888
1851.79356862464
2547.84968067072
2548.31414701056
1896.4243783168
1980.15686531072
1989.65450549248
1993.18641777664
2022.72723208192
2091.46753825792
2358.65349019648
2366.41133714432
1972.57524011008
1743.3625221632
1716.39855698944
1924.27950752768
1971.45672113152
1962.92838605824
1937.16511050752
2140.75757507584
2214.88151313408
2428.5278160896
1809.95859296256
1504.35597944832
1385.82930214912
1479.33154070528
1694.5008908288
1419.31946238976
1308.0026927616
1511.13320892416
1450.95051570176
1397.49735410688
1426.35323076608
997.400501055488
777.512672897024
2869.77422222336
3063.01131501568
2023.6306450432
1906.39542856704
2021.79250579456
2042.00989595648
2006.1696679936
2021.43311553536
2037.07733332992
2056.31803076608
2049.86991304704
2166.79882267648
2405.75915973632
2095.62624
1355.39689335808
2347.24176674816
2070.6529242112
1915.70493313024
2244.36467326976
2117.675807488
1801.72561860608
1845.19687518208
2113.82779947008
2455.89506598912
2015.51703093248
2032.009216
2453.10761290752
2079.44263790592
1747.90590249984
2156.658688
2062.80582002688
1915.6485192704
1857.23805206528
1849.58284863488
2002.67958099968
2137.17370925056
2201.31987842048
1705.19750569984
1674.75303018496
1657.26769989632
1687.76097958912
1767.23464011776
1936.80315025408
2191.3473188864
1665.23667692544
1650.99568074752
1803.78127835136
2045.17398882304
1550.56797411328
1671.87483186176
1653.19914248192
1584.11936270336
1807.68762860544
1608.5037010944
1495.12183386112
1375.92195728384
1352.05820209152
1022.443283236864
582.474401742848
1445.17686129664
1882.65307654144
1307.86195529728
1209.6454866944
1245.43595078656
1289.82722480128
1113.12454680576
1042.30528920576
1115.30785302528
884.596363636736
857.319521000448
597.2404260352
821.449570418688
1191.03218779136
1030.38213953536
723.27203463168
870.852892765184
1164.1453169152
1250.7758088704
1083.01097674752
594.294006175744
434.714352941056
1086.54047720448
552.871755834368
366.797462782976
448.350270025728
383.251059115008
503.638906612736
646.081238709248
428.784042541056
368.356386245632
628.71572277248
728.064490186752
845.058404508672
1560.49773248512
1779.42135973888
1715.01980189696
1653.9662346752
909.80978844672
638.716270779392
459.402049734656
885.28910948864
530.963519062016
671.357700598784
590.111489543168
485.845577583616
905.684194386944
771.176878957568
822.448862486528
1093.13541931008
652.050506023936
1076.2420198912
846.272232164352
423.710814815232
1305.51908447232
1908.30157576192
1817.09388506112
1683.52127490048
1885.76837696512
1690.22906235904
1727.65597083648
1800.76190089216
1577.40123577344
1474.0224
1658.53443176448
1623.06900217856
1479.0969854464
1439.34754224128
1302.43714603008
1720.0316893184
1661.79987016704
1386.73653691392
1248.96926896128
1532.2169276928
1970.74632911872
1651.18854388736
1411.65918880768
1685.98857143296
2159.06260425728
2122.46380837888
2128.35464968192
910.564532189184
1782.020063488
1225.67662876672
1266.23941993472
1354.03468542976
1523.25029307392
1747.61814664192
1806.15582404608
1847.22447497216
1795.94274830336
1475.6990780928
1747.67603894272
1672.52763256832
1851.31885714432
2359.03652488192
1950.85370200064
1894.0556911616
2271.98362289152
2047.3382507008
1905.1755194368
2026.84158405632
2075.63674725376
2608.12139355136
2615.37504561152
1657.45961290752
2018.60651317248
1871.40630491136
1584.68884805632
1878.89899773952
1728.3188338688
1582.78063158272
2046.73138714624
1812.37822060544
1787.38682827776
2164.80768
1692.71759326208
1856.41150132224
2131.50593304576
1787.78173133824
1967.936
2129.12010774528
1602.13778199552
1965.52120054784
1999.64257923072
1717.22326569984
2197.20870697984
2275.898557184
2435.56196901888
2265.72669830144
1986.63645867008
2338.87882208256
2398.91257040896
2097.07885714432
2030.52451575808
1969.08534910976
1993.95651628032
2228.92977230848
2655.11822222336
2172.40409302016
1955.84208766976
1874.09926790144
2052.50782608384
2742.59303783424
2665.04854135808
2705.68161943552
1836.89641558016
2004.77257143296
2262.20562963456
1911.63168985088
1733.93116087296
6605.8551628288005
6778.4008452607995
6311.3199540736005
9141.226782976
11594.358967296
9292.126051072
8372.370941696001
8009.091495424
8540.1820452352
7780.0663261184
8744.266546278399
9198.9683162624
7846.628168448
8608.742491084799
8708.4700222464
9256.601749248
10388.843715840001
8361.5754151424
9210.4565413376
10870.2554838528
9641.9063506944
9258.9678431232
12739.248403353598
12741.570735052801
9482.121891584
9900.7843265536
9948.272527462399
9965.932088883199
10113.6361604096
10457.337691289598
11793.267450982401
11832.0566857216
9862.8762005504
8716.812610816
8581.9927849472
9621.3975376384
9857.2836056576
9814.6419302912
9685.8255525376
10703.787875379201
11074.407565670399
12142.639080448
9049.792964812801
7521.7798972416
6929.1465107456
7396.6577035264
8472.504454144
7096.5973119488
6540.013463808
7555.666044620801
7254.7525785088
6987.4867705344
7131.7661538304
4987.00250527744
3887.56336448512
14348.871111116801
15315.056575078399
10118.153225216
9531.9771428352
10108.9625289728
10210.0494797824
10030.848339967999
10107.1655776768
10185.3866666496
10281.5901538304
10249.3495652352
10833.9941133824
12028.7957986816
10478.1312
6776.9844667904
11736.2088337408
10353.264621056001
9578.5246656512
11221.823366348799
10588.37903744
9008.6280930304
9225.9843759104
10569.138997350401
12279.4753299456
10077.5851546624
10160.04608
12265.538064537599
10397.2131895296
8739.5295124992
10783.29344
10314.029100134401
9578.242596352
9286.1902603264
9247.9142431744
10013.3979049984
10685.868546252801
11006.5993921024
8525.9875284992
8373.765150924799
8286.3384994816
8438.8048979456
8836.173200588799
9684.0157512704
10956.736594432
8326.1833846272
8254.978403737601
9018.9063917568
10225.8699441152
7752.839870566399
8359.3741593088
8265.9957124096
7920.5968135168
9038.4381430272
8042.518505472
7475.6091693056
6879.6097864192
6760.291010457599
5112.21641618432
2912.37200871424
7225.8843064832
9413.265382707199
6539.3097764864
6048.2274334720005
6227.1797539328
6449.1361240064
5565.622734028801
5211.5264460288
5576.539265126401
4422.98181818368
4286.59760500224
2986.202130176
4107.24785209344
5955.1609389568
5151.9106976768
3616.3601731584
4354.26446382592
5820.726584576
6253.879044351999
5415.054883737601
2971.47003087872
2173.57176470528
5432.702386022401
2764.3587791718396
1833.9873139148801
2241.75135012864
1916.25529557504
2518.19453306368
3230.4061935462405
2143.92021270528
1841.78193122816
3143.5786138624003
3640.3224509337597
4225.29202254336
7802.4886624256
8897.1067986944
8575.0990094848
8269.831173376
4549.0489422335995
3193.5813538969596
2297.01024867328
4426.4455474432
2654.81759531008
3356.7885029939202
2950.5574477158398
2429.22788791808
4528.42097193472
3855.88439478784
4112.24431243264
5465.677096550399
3260.25253011968
5381.2100994560005
4231.36116082176
2118.5540740761603
6527.5954223616
9541.5078788096
9085.4694253056
8417.6063745024
9428.8418848256
8451.1453117952
8638.2798541824
9003.8095044608
7887.0061788672
7370.112
8292.672158822399
8115.345010892799
7395.484927232
7196.7377112064005
6512.1857301504
8600.158446591999
8308.9993508352
6933.6826845696
6244.8463448064
7661.084638464
9853.7316455936
8255.9427194368
7058.2959440384
8429.9428571648
10795.3130212864
10612.3190418944
10641.7732484096
4552.82266094592
8910.10031744
6128.383143833599
6331.1970996736
6770.1734271488
7616.2514653696
8738.0907332096
9030.7791202304
9236.122374860799
8979.7137415168
7378.495390464
8738.3801947136
8362.6381628416
9256.5942857216
11795.1826244096
9754.2685100032
9470.278455808
11359.9181144576
10236.691253504
9525.877597184
10134.2079202816
10378.1837362688
13040.606967756801
13076.875228057599
8287.298064537601
10093.032565862399
9357.0315245568
7923.4442402816
9394.4949886976
8641.594169344
7913.9031579136
10233.6569357312
9061.8911030272
8936.9341413888
10824.0384
8463.5879663104
9282.0575066112
10657.529665228798
8938.9086566912
9839.68
10645.600538726401
8010.6889099776
9827.6060027392
9998.2128961536
8586.1163284992
10986.0435348992
11379.49278592
12177.8098450944
11328.6334915072
9933.182293350399
11694.394110412799
11994.5628520448
10485.394285721599
10152.6225787904
9845.4267455488
9969.7825814016
11144.6488615424
13275.5911111168
10862.020465100799
9779.2104383488
9370.4963395072
10262.5391304192
13712.9651891712
13325.2427067904
13528.4080971776
9184.4820779008
10023.8628571648
11311.0281481728
9558.1584492544
8669.6558043648
