1009.186900374528
991.03031115776
770.972630419456
1109.72817297408
1175.38209184768
896.446804753408
328.280515254272
322.03461609472
338.391018374144
268.983318012928
591.543576399872
918.297729573888
977.45933161984
1221.31970316288
975.440520239104
715.072509283328
427.965761767424
556.52016499712
748.16560641536
841.28881264128
1076.7517590016
1284.56778110976
1330.0904315904
887.174963402752
596.668283871232
604.166905957376
1142.66373747712
1274.22148923392
1110.03120415744
712.794747230208
394.318338797568
537.915227533312
1117.99861981184
806.35714537472
858.647856630784
414.643305350144
971.349726574592
796.914361150464
824.214553776128
833.563990888448
797.454214245376
510.151049675776
964.675460534272
736.24427887616
934.157059398656
1003.351746801664
1023.455699329024
954.460958865408
889.108512303104
1041.37113298944
1027.08464197632
957.145310944256
605.687438127104
548.932066470912
855.43384615424
908.466424242176
846.657188736
945.335269086208
817.036573268992
710.323559117824
764.649153317888
5045.93450187264
4955.1515557888
3854.86315209728
5548.6408648704
5876.910459238399
4482.23402376704
1641.40257627136
1610.1730804735998
1691.95509187072
1344.91659006464
2957.71788199936
4591.48864786944
4887.2966580992
6106.598515814399
4877.20260119552
3575.3625464166403
2139.82880883712
2782.6008249856
3740.8280320768
4206.4440632064
5383.758795008
6422.8389055488005
6650.452157952
4435.874817013761
2983.3414193561603
3020.83452978688
5713.3186873856
6371.1074461696
5550.1560207872
3563.97373615104
1971.59169398784
2689.5761376665596
5589.9930990592
4031.7857268735997
4293.23928315392
2073.21652675072
4856.74863287296
3984.57180575232
4121.07276888064
4167.81995444224
3987.27107122688
2550.75524837888
4823.37730267136
3681.2213943808
4670.78529699328
5016.75873400832
5117.27849664512
4772.304794327039
4445.54256151552
5206.855664947199
5135.4232098816
4785.72655472128
3028.43719063552
2744.66033235456
4277.1692307712
4542.33212121088
4233.28594368
4726.67634543104
4085.18286634496
3551.61779558912
3823.24576658944
