716.846275782656
796.928227151872
1104.95671959552
1027.26776470528
949.4464496128
1368.94129088512
1229.66326235136
1563.19577664512
1282.75329345536
1338.9869010944
1441.38049487872
1541.81481227264
1291.12125060096
1041.2008493568
1442.84245018624
1223.51229287424
1186.37029641216
1388.43443621888
1348.61363670016
1110.53485478912
1342.86616501248
1384.77231671296
1350.53056570368
1540.04522313728
1730.73677473792
1682.56103583744
1527.92033755136
1354.88502719488
1341.42184689664
1375.87156314112
1228.60223584256
1251.12381873152
1480.40795247616
1491.68637302784
1382.15973184512
1187.04499577856
1242.00024134656
1457.05927960576
1572.6220043776
1047.38381705216
1301.12895473664
1173.78844444672
934.32363164672
1124.22301689856
1163.55226186752
1572.91855271936
1217.38260078592
1208.42143808512
901.401720836096
702.819501886464
1073.90774084608
1268.41654288384
1557.1679469568
1510.98732622848
1311.43024236544
1468.01949555712
1293.57531428864
1555.56095290368
1203.78061855744
1051.90849122304
1158.25479344128
1274.80654852096
1219.66276923392
1332.52427067392
1352.84080971776
783.9687242496
667.264570579968
719.523518324736
464.919853577216
403.493414795264
435.51493186048
447.016453312512
471.411508611072
454.400293241856
953.08153068544
857.964580287488
1114.976993792
1118.91164246016
1321.88887432192
1012.324411650048
707.130155901952
1030.43815717888
1070.22860587008
948.37991225856
932.810851211264
982.229204586496
1206.14906768384
1113.6606501376
806.25407030784
631.655757203456
978.10167741952
807.396031215616
713.551223547904
697.404487641088
456.158832248832
924.025564246016
1183.20566856704
1077.24209798144
1285.7496530432
1354.06266145792
1237.15771328512
1292.46008495104
1052.7279482368
1176.24919148544
1046.65848199168
938.202777448448
1232.86313639936
969.533674293248
569.769703386112
866.46000243712
1365.31754913792
1409.77549136896
1549.90307119104
1300.36843579392
1304.7087075328
1338.84898331648
1520.6666124288
1427.798370816
1482.53777405952
1623.29475122176
1144.72988365824
1110.19490574336
1283.56000914432
1269.20347826176
999.313066667008
581.032421052416
1225.17904297984
1523.6627987968
1440.85957723136
1403.99865545728
1269.47815108608
1257.89651540992
780.292360539136
1081.61354322944
1180.77520771072
1400.35297113088
1538.7681758208
1599.73801558016
1586.765824
1479.01167507456
1389.67177757696
1523.12614788096
1223.11562747904
1457.26303613952
1288.3370807296
1336.84816841728
1153.09076573184
1162.410225664
1266.14027907072
1475.1427414528
1731.44020425728
1091.80892485632
1334.187511552
1585.91891063808
1149.79016503296
877.813809409024
913.284035308544
654.696268613632
1324.34726491136
1201.58082861056
1343.35493197824
1572.61512911872
1254.37251006464
1015.502416068608
1371.2162660352
1337.11817490432
1016.510001452032
1252.64719931392
1246.64051344384
1259.47904
1385.21067250688
1323.61422083072
1330.31120960512
1119.92224024576
980.593699310592
1093.51822222336
1187.57675286528
971.882901098496
950.767248932864
806.264796536832
507.470546422784
507.462274509824
678.496385170432
520.30327165952
425.272107347968
493.135427207168
475.954123522048
680.263481526272
906.925980582912
680.14217936896
807.930730702848
895.462809721856
904.420163992576
794.734206277632
645.703729468416
604.664156750848
637.655741569024
631.494506605568
844.159613292544
910.929352264704
778.22989058048
865.037244787712
793.684453608448
703.04201329152
912.980693948416
1013.397012426752
1358.46386161664
3584.23137891328
3984.6411357593597
5524.783597977601
5136.338823526399
4747.2322480640005
6844.7064544256
6148.316311756799
7815.9788832256
6413.7664672768005
6694.934505472001
7206.9024743936
7709.0740613632
6455.606253004799
5206.004246784
7214.2122509312
6117.561464371201
5931.851482060801
6942.1721810944
6743.0681835008
5552.674273945599
6714.3308250623995
6923.8615835648
6752.6528285183995
7700.2261156864
8653.6838736896
8412.8051791872
7639.6016877568
6774.425135974399
6707.1092344832
6879.3578157056
6143.0111792128
6255.6190936576
7402.0397623808
7458.4318651392
6910.7986592256
5935.2249788928
6210.0012067328
7285.2963980288
7863.110021888
5236.919085260801
6505.6447736832
5868.9422222336
4671.618158233599
5621.1150844928
5817.7613093376
7864.5927635968
6086.9130039296
6042.1071904256
4507.008604180481
3514.09750943232
5369.5387042304
6342.082714419201
7785.839734784
7554.9366311424
6557.1512118272
7340.097477785601
6467.876571443199
7777.8047645184
6018.9030927872
5259.5424561152
5791.2739672064
6374.0327426048
6098.3138461696
6662.6213533696
6764.2040485888
3919.843621248
3336.3228528998397
3597.61759162368
2324.59926788608
2017.46707397632
2177.5746593024
2235.08226656256
2357.05754305536
2272.00146620928
4765.4076534272
4289.82290143744
5574.88496896
5594.5582123008
6609.444371609599
5061.62205825024
3535.65077950976
5152.1907858944
5351.1430293504
4741.8995612928
4664.05425605632
4911.14602293248
6030.7453384192
5568.303250688
4031.2703515392004
3158.2787860172803
4890.5083870976
4036.9801560780797
3567.75611773952
3487.0224382054403
2280.79416124416
4620.1278212300795
5916.0283428351995
5386.2104899072
6428.748265216
6770.3133072896
6185.7885664256
6462.3004247552
5263.639741184001
5881.2459574272
5233.2924099584
4691.01388724224
6164.3156819968
4847.66837146624
2848.8485169305604
4332.3000121856
6826.5877456896
7048.877456844801
7749.5153559552
6501.8421789696
6523.543537664
6694.2449165824
7603.333062144
7138.99185408
7412.688870297599
8116.4737561087995
5723.649418291199
5550.974528716801
6417.8000457216
6346.0173913088
4996.56533333504
2905.16210526208
6125.8952148992
7618.313993984
7204.2978861568
7019.9932772863995
6347.3907554304005
6289.482577049601
3901.46180269568
5408.0677161471995
5903.8760385536
7001.7648556544
7693.840879104
7998.6900779008
7933.82912
7395.0583753728
6948.3588878848
7615.6307394048
6115.5781373952
7286.3151806976
6441.685403648
6684.2408420864
5765.453828659201
5812.05112832
6330.7013953536
7375.713707264
8657.201021286399
5459.0446242816
6670.937557759999
7929.5945531904
5748.9508251648
4389.06904704512
4566.420176542721
3273.48134306816
6621.7363245568
6007.9041430528005
6716.7746598912
7863.0756455936
6271.8625503232
5077.51208034304
6856.081330176001
6685.5908745216
5082.55000726016
6263.2359965696005
6233.2025672192
6297.3952
6926.0533625344
6618.0711041536
6651.5560480256
5599.6112012287995
4902.96849655296
5467.5911111168
5937.8837643264
4859.414505492479
4753.8362446643205
4031.32398268416
2537.35273211392
2537.31137254912
3392.4819258521597
2601.5163582975997
2126.36053673984
2465.67713603584
2379.77061761024
3401.31740763136
4534.629902914559
3400.7108968448
4039.65365351424
4477.31404860928
4522.10081996288
3973.67103138816
3228.51864734208
3023.3207837542395
3188.27870784512
3157.4725330278397
4220.79806646272
4554.64676132352
3891.1494529024
4325.18622393856
3968.4222680422404
3515.2100664576
4564.90346974208
5066.98506213376
6792.319308083201
