778.16142893056
763.722884354048
924.669416315904
946.640876341248
1016.036585219072
1306.54479557632
1316.36102467584
1409.38017391616
1747.5394537472
1191.88976974848
1543.31078884352
1543.70893366272
1442.1975445504
1263.21495561216
998.749180077056
1451.43515428864
1569.58381837312
1848.70996164608
1997.26747826176
1806.24680736768
1839.04383277056
1538.1347231232
1447.22726491136
1504.30249848832
827.06234205184
1147.8038611968
1139.6290165248
1121.16736
1254.48719818752
1172.74288872448
1351.58795505664
1403.80333559808
1165.402986752
746.629940928512
1540.78838433792
1302.45214815232
836.161452807168
815.790850139136
1162.92598057984
1204.28274741248
1212.55737679872
1276.62791540736
1392.00680193024
1713.97935363072
1433.32748387328
1033.69775054848
1252.75449233408
1064.7565869056
1160.39822222336
1304.7087075328
1345.93909267456
1838.51086339072
1382.96073797632
1450.67155782656
1015.333101449216
965.531514018816
948.170387434496
986.920042179584
792.982818335744
790.556690564096
908.727233440768
488.40794051072
1674.52050164736
1648.61142325248
1565.1132552704
1530.47095401472
1559.26755555328
1402.33665306624
1405.28163620864
1770.3870065664
1357.15700430848
1513.81517838336
1633.68471087104
1728.5030762496
1502.86670209024
1557.2703839232
1449.34149019648
1398.1513717248
1435.64192284672
1324.33633869824
1181.40070697984
1209.9655688192
1020.074279667712
914.172179104768
1076.17699002368
617.433153262592
582.253218248704
492.198233765888
1182.20759397376
1137.85462699008
597.706487063552
418.51155157504
999.926296544256
1373.51857425408
998.46530774016
947.854303724544
1015.0048627456
929.858228855808
973.597226959872
1124.57541818368
953.659877965824
973.389618915328
1095.24650411008
870.082634382336
864.136562607104
653.25276033024
360.934307067904
443.983679506432
620.228122034176
313.254211059712
496.218352941056
458.000240779264
328.931079497728
296.600566230016
248.453784225792
323.42502481408
540.695038971904
577.792944649216
721.642623217664
914.218197801984
1102.728453632
1382.44690076672
1047.68191044608
919.422992125952
692.164894660608
947.09842359296
513.47578518016
515.106306598912
342.7963791104
314.052330826752
238.417233881088
328.326855054336
323.362334117888
417.143814879232
562.29737562624
512.287263471616
420.504216216576
294.336504659968
727.540497019904
1285.7317402624
1680.56836442112
1230.73366503424
1290.08170048512
1369.27734339584
1578.24542482432
1510.113864448
1312.27499568128
1323.09634509824
1271.61666436096
1286.7891933184
1245.2592134656
1354.97090386944
1245.15035728896
1095.34443497472
1667.5455740416
1436.73770582016
1915.96359788544
1751.824
1491.67070967808
1364.2313637888
1508.78518586368
1188.86693970944
1722.59450691584
1711.74167835648
1774.4325245952
1371.00226120704
1856.41150132224
1807.8328098816
1701.03729230848
1727.28554056704
1749.2356071936
1726.51211440128
1511.78073452544
1539.1570641408
1601.19466667008
1227.0126545408
1136.28317423616
424.943394594816
421.032677794816
505.59122633216
774.478919247872
3890.8071446527997
3818.61442177024
4623.34708157952
4733.20438170624
5080.18292609536
6532.7239778816
6581.8051233792
7046.9008695808
8737.697268736
5959.4488487424
7716.5539442176
7718.5446683136
7210.987722751999
6316.074778060801
4993.74590038528
7257.1757714432
7847.9190918656
9243.5498082304
9986.3373913088
9031.2340368384
9195.2191638528
7690.6736156160005
7236.1363245568
7521.5124924415995
4135.3117102592005
5739.019305984
5698.145082624
5605.836799999999
6272.435990937601
5863.714443622401
6757.939775283201
7019.016677990399
5827.0149337600005
3733.14970464256
7703.9419216896
6512.2607407616
4180.80726403584
4078.9542506956795
5814.6299028992
6021.413737062399
6062.7868839936
6383.1395770368
6960.0340096512
8569.8967681536
7166.6374193664
5168.4887527424
6263.7724616704
5323.782934528
5801.9911111168
6523.543537664
6729.6954633728
9192.5543169536
6914.8036898816
7253.3577891328005
5076.66550724608
4827.65757009408
4740.85193717248
4934.60021089792
3964.91409167872
3952.7834528204803
4543.63616720384
2442.0397025536
8372.6025082368
8243.0571162624
7825.566276352
7652.3547700736
7796.337777766401
7011.683265331199
7026.4081810432
8851.935032832
6785.7850215424005
7569.0758919168
8168.4235543551995
8642.515381248
7514.333510451201
7786.351919616
7246.7074509824
6990.7568586239995
7178.2096142336
6621.6816934912
5907.0035348992
6049.827844095999
5100.37139833856
4570.86089552384
5380.8849501183995
3087.16576631296
2911.26609124352
2460.99116882944
5911.037969868799
5689.2731349504
2988.5324353177602
2092.5577578752
4999.63148272128
6867.5928712704
4992.3265387008005
4739.27151862272
5075.024313728
4649.29114427904
4867.98613479936
5622.8770909184
4768.29938982912
4866.94809457664
5476.2325205504
4350.4131719116795
4320.68281303552
3266.2638016512
1804.67153533952
2219.91839753216
3101.14061017088
1566.27105529856
2481.09176470528
2290.00120389632
1644.65539748864
1483.00283115008
1242.2689211289598
1617.1251240704
2703.47519485952
2888.96472324608
3608.21311608832
4571.09098900992
5513.642268160001
6912.234503833601
5238.409552230401
4597.1149606297595
3460.8244733030397
4735.4921179648
2567.3789259008
2575.53153299456
1713.981895552
1570.26165413376
1192.0861694054402
1641.63427527168
1616.81167058944
2085.71907439616
2811.4868781312
2561.43631735808
2102.5210810828803
1471.6825232998399
3637.7024850995203
6428.658701312001
8402.8418221056
6153.6683251712
6450.4085024256
6846.3867169792
7891.2271241216
7550.56932224
6561.3749784064
6615.4817254911995
6358.083321804799
6433.945966592
6226.2960673279995
6774.8545193472
6225.7517864448
5476.722174873599
8337.727870208
7183.6885291008
9579.8179894272
8759.12
7458.3535483904
6821.156818944
7543.9259293184
5944.3346985472
8612.9725345792
8558.7083917824
8872.162622976
6855.0113060352
9282.0575066112
9039.164049408
8505.1864615424
8636.4277028352
8746.178035968
8632.560572006401
7558.903672627201
7695.785320704
8005.973333350401
6135.063272704
5681.4158711807995
2124.71697297408
2105.1633889740797
2527.9561316607997
3872.39459623936
