277.380664814592
390.919744069632
285.715160083456
253.938350802944
402.649286311936
420.230311861248
433.187638050816
542.881565447168
649.51527793664
757.542565279744
743.871354776576
894.999339031552
875.085457127424
820.0192
863.634023191552
936.582418879488
724.595864697856
701.069232207872
751.528049079296
774.10577458688
631.569185874944
493.940753137664
771.977369828352
776.035281624064
903.90320835584
768.840621236224
759.155387840512
896.933888
725.361443137536
567.589395282944
487.547755342848
782.839289225216
1230.62718683136
1454.8924645376
1269.68192375808
1171.23090757632
1140.7777277952
1087.11549814784
1501.96082758656
1329.26547757056
1249.70093280256
1172.97387925504
990.8714167808
1299.94526465024
1623.12884018176
1579.93268227072
1190.30890797056
1244.5571715072
1395.3849185792
1373.25100829696
1072.3973220864
1403.3263315968
1068.41318575104
1186.03021924352
1094.656
1685.0050479104
1739.2609267712
1489.54245092352
1432.72049079296
1228.3489679872
1444.85771779072
1388.4611764736
1360.26732439552
1317.66340519936
1518.87127272448
1405.04328476672
1404.43801719808
1209.4960792064
1270.07650909184
1237.15749494784
1284.36990088192
1407.31561808896
1353.6244747264
1192.16064913408
1154.53462390784
982.551700697088
739.16416
1077.52620847104
1507.20039875584
1327.70901188608
1068.1293187584
532.723894921216
593.734391553024
671.534428506112
1109.392329216
1430.18786642944
1695.5380969472
1757.64702608384
1367.67318898688
1429.73907478528
1452.51027545088
1593.47467546624
1685.96595488768
1681.51970909184
1516.9534073344
1233.18230008832
398.066629925888
818.397390257152
409.609481481216
516.660544152576
425.097709278208
444.642398983168
1031.9553037312
1299.61709945856
1080.32512365568
674.505250132992
549.140792722432
715.711395926016
629.294225278976
1296.13570100224
1625.22891743232
1615.15381477376
1481.73979475968
1262.30288196608
1244.75968587776
819.424498656256
841.11872
484.606943603712
940.481826144256
1078.68857050112
1170.67277053952
1293.57531428864
1491.52059495424
1521.39048859648
1649.76877729792
1820.96758762496
1470.9306329088
1072.68438054912
1337.55266414592
1350.10779797504
1231.7070304768
1309.23923032064
1340.77065365504
1266.23941993472
1552.148055296
1393.13465684992
1138.43824390144
1532.08740298752
1176.25339066368
1266.20423981056
1356.81614010368
1209.41200385024
1372.99183547392
1335.26585464832
1299.03755482112
1295.92424489984
1310.0144013824
1526.64962895872
1195.11289755648
1424.47733685248
1177.68002315264
1392.942064896
1510.30690909184
1415.73008166912
1528.0668550144
1426.87774117888
1494.80751290368
1604.53289445376
1635.26965815296
1720.94073852928
1594.22241928192
1416.60883922944
1419.95444634624
1059.58859880448
1550.44417547264
1306.08014856192
1555.26030222336
1737.06355397632
1908.86654980096
1361.59896216576
1538.5612457472
1302.19981509632
1373.429018112
1442.10676649984
1604.80910157824
1583.46325810176
1542.90538370048
1238.02406299648
1294.07430009856
1288.90773702656
974.408301597696
525.288818110464
759.28717241344
1024.06510983168
1617.37751640064
1060.96916045824
1099.24457663488
1090.40292038656
1232.3664379904
1236.26358762496
1029.93502041088
968.98381013504
883.93678048768
803.744798185472
798.450848267264
1386.90332407296
1954.59872034816
1428.5758004172799
1269.6917540147201
2013.24643155968
2101.15155930624
2165.93819025408
2714.40782723584
3247.5763896832
3787.71282639872
3719.35677388288
4474.99669515776
4375.42728563712
4100.096
4318.170115957761
4682.91209439744
3622.97932348928
3505.34616103936
3757.64024539648
3870.5288729344
3157.84592937472
2469.70376568832
3859.88684914176
3880.17640812032
4519.516041779199
3844.2031061811203
3795.7769392025602
4484.66944
3626.8072156876797
2837.9469764147198
2437.73877671424
3914.19644612608
6153.1359341567995
7274.462322688
6348.409618790401
5856.154537881601
5703.888638976
5435.577490739201
7509.804137932801
6646.3273878528
6248.504664012799
5864.8693962751995
4954.357083904
6499.7263232512
8115.6442009088005
7899.6634113536
5951.544539852801
6222.785857536001
6976.924592896001
6866.2550414848
5361.986610432
7016.6316579839995
5342.0659287552
5930.1510962176
5473.28
8425.025239552
8696.304633856
7447.7122546176
7163.6024539648
6141.744839936
7224.2885889536
6942.305882368
6801.3366219776
6588.317025996801
7594.3563636224
7025.2164238336
7022.1900859904
6047.4803960320005
6350.382545459201
6185.7874747392
6421.849504409601
7036.5780904448
6768.122373632
5960.8032456703995
5772.673119539199
4912.75850348544
3695.8208000000004
5387.6310423552
7536.0019937792
6638.545059430399
5340.646593791999
2663.61947460608
2968.67195776512
3357.67214253056
5546.96164608
7150.9393321472
8477.690484736
8788.2351304192
6838.3659449343995
7148.695373926401
7262.5513772544
7967.3733773312
8429.8297744384
8407.598545459201
7584.767036672
6165.9115004416
1990.33314962944
4091.98695128576
2048.04740740608
2583.30272076288
2125.48854639104
2223.21199491584
5159.776518656
6498.0854972928
5401.6256182784
3372.52625066496
2745.70396361216
3578.55697963008
3146.4711263948802
6480.6785050112
8126.1445871616
8075.7690738688
7408.6989737984
6311.514409830399
6223.798429388799
4097.12249328128
4205.5936
2423.03471801856
4702.40913072128
5393.4428525056
5853.363852697599
6467.876571443199
7457.6029747712
7606.9524429824005
8248.8438864896
9104.8379381248
7354.653164543999
5363.4219027456
6687.7633207296
6750.5389898752
6158.535152384
6546.1961516032
6703.853268275199
6331.1970996736
7760.74027648
6965.6732842496
5692.1912195072
7660.437014937599
5881.2669533184
6331.0211990528005
6784.0807005184
6047.060019251199
6864.9591773696
6676.3292732416
6495.1877741056
6479.6212244992
6550.072006912
7633.248144793601
5975.5644877824
7122.3866842624
5888.400115763199
6964.71032448
7551.5345454592
7078.6504083456
7640.334275072
7134.388705894399
7474.037564518399
8022.6644722688
8176.3482907647995
8604.7036926464
7971.112096409601
7083.044196147201
7099.7722317312
5297.9429940224
7752.220877363199
6530.400742809599
7776.3015111168
8685.3177698816
9544.3327490048
6807.9948108288
7692.806228736
6510.9990754816
6867.1450905599995
7210.5338324992
8024.0455078912
7917.316290508799
7714.526918502399
6190.1203149824005
6470.3715004928
6444.5386851328
4872.04150798848
2626.44409055232
3796.4358620672
5120.3255491584005
8086.8875820032
5304.8458022912
5496.2228831744005
5452.0146019328
6161.832189952001
6181.317938124801
5149.6751020544
4844.9190506752
4419.6839024384
4018.72399092736
3992.25424133632
