2167.80844853248
2135.8813602816
2190.10345817088
2280.9537306112
2145.32565605376
2691.14774395904
3200.63780571136
3402.75765745664
3326.5530901504
3245.94570491904
3361.13672885248
3423.92117710848
3608.74205405184
3702.63771428864
3078.82129133568
2892.95161731072
3135.93138144256
3175.43122823168
2789.3526831104
2764.94703589376
2681.3077298176
2559.38948509696
2495.4247901184
1793.93956197376
938.47028310528
2336.14012198912
2758.98758094848
2820.54681760768
2821.53307118592
3137.201307392
3120.76558490624
2736.48888105984
2718.56733090816
2696.40070094848
3436.20266667008
3616.06251927552
3364.74584614912
3374.06584332288
3390.03894339584
3403.99740540928
2651.35711529984
2641.024
2677.93130112
2387.827680256
2422.25019420672
2586.13068613632
2527.95246905344
2596.44312660992
2761.93957024768
2675.00420826112
2684.76935211008
3235.072
3210.1070432768
3121.81962995712
3278.5756059136
3739.79627149312
3474.35096402944
2947.8084199424
2956.11949367296
2713.8346364928
2555.28182278144
2413.17214057472
2359.90563721216
2331.91747367936
2336.72503496704
2643.75745794048
2529.96651268096
2405.75915973632
2426.19535745024
2355.3575384576
2312.80790219776
2343.56324685824
2032.67041584128
2008.56433417216
2126.2033610752
2409.77298911232
2043.2180032512
1726.59641378816
1914.82055937024
2130.8463433216
2145.28
2197.870982656
2322.81974526976
2268.50133332992
1915.32743161856
2006.84807891968
2013.67744136192
1994.69810526208
1489.27450149888
1227.01487761408
860.683202838528
1207.05706667008
871.655867833344
507.531863414784
4594.0782678016
4610.46901742592
1832.39815928832
1085.05952974848
568.975228296192
492.00174545408
759.939665045504
1140.7777277952
1057.288502528
1029.63933523968
1182.60942723072
1142.45469196288
782.88807781376
1083.2534135296
996.418221919232
1116.06033281024
1043.59323711488
1011.840166884352
1084.33831724032
1291.57367343104
693.012718139392
836.505206802432
1115.91206633472
1101.82720249856
782.60966979584
679.827219611648
659.349801356288
757.742861924352
1015.474690777088
1000.14321199104
1008.240193379328
1057.68776047616
1208.516608
1265.28606483456
1239.34075524096
1195.53373882368
1061.47109943296
1221.9566149632
969.516698413056
1147.50239013888
1090.90243887104
1101.85024111616
935.85900751872
1187.84789970944
1101.92071110656
1141.22586743808
1016.0551029504
1211.7445245952
1163.60310239232
943.102003898368
1211.49590705152
1183.60275862528
880.165925925888
806.187737156608
848.233620312064
799.947584569344
862.96595546112
908.091076923392
946.003469579264
1141.47302909952
1465.41883779072
1608.19369723904
1417.2881409024
1338.70729551872
1161.691913472
1161.75898559488
1234.33265671168
1207.35272303616
1231.64088303616
1138.86594368512
1079.03186541568
1045.05818722304
1111.78258299904
1287.90200175616
1153.59270626304
1055.42936312832
982.670818958336
963.657559863296
1026.89026371584
1190.99948575744
976.55279120896
944.799744
679.283508096
687.924892562432
678.912520060928
740.177518132224
741.706708170752
725.102344827904
899.32162859008
907.94754131968
943.374695960576
829.814232931328
856.26734751744
703.706145362944
688.889203539968
827.017710345216
544.326212634624
680.777719693312
549.112242423808
765.553900648448
713.99931623936
413.268149013504
253.03228961792
236.997615003648
229.752088803328
278.59067659264
326.692603004928
223.285475782656
393.671547459584
544.90584615424
485.89616687104
420.48413351424
273.228761034752
363.493981851648
268.23766106112
591.09645351424
1359.7492077056
2433.482752
3365.48197506048
3656.68871642112
3935.50855474176
4183.94291002368
4197.39875555328
3546.12996491264
3549.4375619072
3924.1048591872
3987.43916711936
4526.464
4745.68194709504
4742.74789743616
4188.3674597376
4187.35635442688
4033.65568831488
3945.15048020992
3987.63483943936
4123.4432
4101.01551020032
3976.51781818368
4000.94146448384
3311.92744700928
3321.7029626368
3939.867115264
3921.70617168896
4379.10954406912
4356.36419047424
4334.94165853184
4401.24104347648
3037.5006183936
2231.9582082048
2652.33879364608
2491.60090970112
2321.07913546752
2020.7056336384
2001.75709090816
2221.4829341696
2437.91519414272
2599.04080502784
10839.042242662399
10679.406801408
10950.517290854401
11404.768653056
10726.6282802688
13455.7387197952
16003.1890285568
17013.7882872832
16632.765450752
16229.7285245952
16805.683644262397
17119.6058855424
18043.710270259202
18513.1885714432
15394.1064566784
14464.7580865536
15679.6569072128
15877.1561411584
13946.763415551999
13824.7351794688
13406.538649088
12796.9474254848
12477.123950591998
8969.6978098688
4692.3514155264
11680.7006099456
13794.9379047424
14102.7340880384
14107.665355929601
15686.006536960002
15603.827924531199
13682.4444052992
13592.836654540799
13482.003504742399
17181.013333350398
18080.3125963776
16823.7292307456
16870.329216614402
16950.1947169792
17019.9870270464
13256.785576499202
13205.119999999999
13389.6565056
11939.138401279999
12111.250971033602
12930.6534306816
12639.7623452672
12982.2156330496
13809.6978512384
13375.0210413056
13423.846760550401
16175.36
16050.535216384
15609.098149785601
16392.878029568
18698.9813574656
17371.754820147202
14739.042099712002
14780.597468364798
13569.173182464001
12776.4091139072
12065.860702873599
11799.5281860608
11659.587368396798
11683.625174835199
13218.787289702399
12649.8325634048
12028.7957986816
12130.9767872512
11776.787692288
11564.039510988801
11717.8162342912
10163.3520792064
10042.8216708608
10631.016805376
12048.8649455616
10216.090016256
8632.982068940799
9574.1027968512
10654.231716608001
10726.400000000001
10989.35491328
11614.0987263488
11342.506666649599
9576.6371580928
10034.240394598399
10068.3872068096
9973.4905263104
7446.3725074943995
6135.074388070399
4303.41601419264
6035.285333350401
4358.27933916672
2537.65931707392
22970.391339008
23052.3450871296
9161.9907964416
5425.297648742399
2844.8761414809596
2460.0087272704
3799.6983252275195
5703.888638976
5286.44251264
5148.1966761983995
5913.0471361536
5712.2734598144
3914.4403890688
5416.267067648
4982.09110959616
5580.3016640512
5217.9661855744
5059.20083442176
5421.6915862016
6457.868367155201
3465.0635906969596
4182.52603401216
5579.560331673601
5509.1360124928
3913.0483489792
3399.1360980582403
3296.74900678144
3788.71430962176
5077.37345388544
5000.7160599552
5041.20096689664
5288.438802380801
6042.5830399999995
6326.430324172799
6196.7037762048
5977.668694118401
5307.3554971648
6109.783074816
4847.58349206528
5737.511950694399
5454.5121943552
5509.2512055808
4679.2950375936
5939.2394985472
5509.6035555328
5706.1293371904
5080.275514752
6058.722622976
5818.015511961599
4715.5100194918405
6057.479535257599
5918.013793126401
4400.82962962944
4030.93868578304
4241.16810156032
3999.7379228467203
4314.8297773056
4540.45538461696
4730.01734789632
5707.365145497601
7327.094188953601
8040.968486195199
7086.440704512001
6693.5364775936
5808.45956736
5808.7949279744
6171.6632835584005
6036.763615180799
6158.2044151807995
5694.329718425601
5395.1593270784
5225.2909361152
5558.9129149952
6439.5100087808
5767.9635313152
5277.1468156415995
4913.35409479168
4818.28779931648
5134.4513185792
5954.9974287872
4882.7639560448
4723.9987200000005
3396.41754048
3439.62446281216
3394.56260030464
3700.88759066112
3708.53354085376
3625.5117241395196
4496.6081429504
4539.7377065984
4716.87347980288
4149.07116465664
4281.3367375872
3518.53072681472
3444.44601769984
4135.0885517260795
2721.63106317312
3403.88859846656
2745.5612121190397
3827.76950324224
3569.9965811968004
2066.34074506752
1265.1614480895998
1184.9880750182401
1148.7604440166401
1392.9533829632
1633.46301502464
1116.4273789132799
1968.35773729792
2724.5292307711998
2429.4808343552
2102.4206675712
1366.14380517376
1817.46990925824
1341.1883053056
2955.4822675712003
6798.746038527999
12167.41376
16827.4098753024
18283.4435821056
19677.5427737088
20919.714550118402
20986.9937777664
17730.6498245632
17747.187809536
19620.524295936
19937.195835596798
22632.32
23728.4097354752
23713.7394871808
20941.837298688002
20936.7817721344
20168.2784415744
19725.752401049598
19938.1741971968
20617.216
20505.0775510016
19882.5890909184
20004.7073224192
16559.6372350464
16608.514813184
19699.33557632
19608.5308584448
21895.5477203456
21781.8209523712
21674.7082926592
22006.205217382398
15187.503091968
11159.791041024
13261.6939682304
12458.0045485056
11605.3956773376
10103.528168192
10008.7854545408
11107.414670848
12189.575970713599
12995.2040251392
