800.43776289792
525.380586136576
1188.57506594816
1100.06626771968
1144.6597383168
1262.09263775744
1432.51052685312
1269.89512577024
894.456496054272
1267.2172032
1354.4440839168
1441.03104586752
1092.96144065536
1120.79844324352
985.533217391616
1046.13324547072
1287.82956816384
1156.43382347776
1341.23071533056
1068.71094549504
611.862327819264
742.464402515968
641.680660317184
568.776717283328
618.818191945728
470.399255332864
919.078984771584
995.487112097792
1115.00637106176
950.218899233792
556.904296296448
677.038665939968
826.083995580416
790.402215522304
491.582782855168
1011.977208633344
1191.26321020928
1139.56776342528
852.536483985408
864.136562607104
509.753060862976
411.75526431232
690.333991374848
1046.27474482176
945.386212765696
920.259490909184
826.057911655424
758.746114745344
811.644658166784
1297.88967247872
1165.8631437312
1625.3501835776
1292.87797431296
1484.09016963072
1445.27871443968
1422.5386850304
1385.0902026752
1419.86726675456
1487.47414012928
1304.3379252224
1209.82093150208
1255.73213632512
1749.58521378816
1720.63813592064
1598.81186603008
1276.15961503744
1461.57544670208
1759.0910976
1052.41744632832
1219.2439022592
1360.08401437696
1421.60308629504
1612.30140314624
1680.896
1771.83613422592
1537.18653968384
941.25773183488
947.534874039296
1102.91336170496
1325.45865762816
1630.30264441856
1373.917542912
1955.88155362304
1402.66112976896
1638.798395136
1594.07815083008
1671.5304778752
1602.0824940544
1437.5735544832
1328.1098029056
1422.69334897664
1547.50905982976
1482.535352064
1614.65035111424
1195.34579095552
1462.10453922816
1366.73922112512
1196.1696256
916.252665372672
704.288793819136
891.977374761984
846.7841935872
911.228734287872
900.611849623552
904.473278276608
921.11969701376
949.048489612288
973.464216216576
941.91658172416
882.59519801344
1142.90291612672
1206.03171406848
1463.35212409856
1536.52730115072
1305.8521858048
1583.53997092864
1539.80543707136
1351.13805560832
1417.306112
1487.26446480384
1234.49585660928
1454.62284337152
1400.39277805568
1478.05974683648
1683.05358596096
1447.8184918016
1160.25019969536
959.129890359296
1067.62486747136
1079.6500161536
1378.79146059776
1215.3425060864
1221.59104
1143.58867121152
926.591823934464
960.831317420032
826.73301254656
895.202232558592
933.941038258176
529.595955867648
338.537039982592
315.80273234432
306.012504201216
415.5264769536
584.688305046528
459.647397755904
658.980381282304
740.295267141632
713.240593886208
783.669581394944
638.506783837184
774.11042622976
636.628056692736
675.77687035392
391.382988812288
440.101389778944
844.095850815488
800.833828571136
648.754681216
381.210749881344
363.318124107776
470.236923542528
497.24377519104
620.881740350464
528.485243821056
624.899298089984
471.29100067328
566.696817337344
565.451027536896
749.318219137024
909.200103522304
822.508690997248
748.041038422016
791.637840995328
992.919597765632
852.194597714944
932.229919519744
817.954626589696
765.185318832128
893.27178896896
1074.6645468672
1007.327808382976
980.67988308992
942.357787234304
1298.63580097536
4002.1888144896
2626.9029306828797
5942.8753297408
5500.331338598399
5723.298691584
6310.463188787199
7162.552634265599
6349.4756288512
4472.282480271359
6336.086016
6772.220419584
7205.155229337601
5464.8072032768005
5603.992216217601
4927.66608695808
5230.6662273536
6439.1478408192
5782.169117388799
6706.1535766528
5343.554727475201
3059.31163909632
3712.32201257984
3208.40330158592
2843.8835864166404
3094.09095972864
2351.9962766643202
4595.39492385792
4977.43556048896
5575.0318553088
4751.09449616896
2784.5214814822402
3385.1933296998404
4130.41997790208
3952.01107761152
2457.91391427584
5059.88604316672
5956.3160510464
5697.8388171264
4262.68241992704
4320.68281303552
2548.76530431488
2058.7763215616
3451.6699568742397
5231.373724108799
4726.93106382848
4601.29745454592
4130.28955827712
3793.73057372672
4058.22329083392
6489.4483623936
5829.315718655999
8126.750917888001
6464.3898715648
7420.4508481536
7226.3935721984
7112.693425152001
6925.451013376
7099.3363337728
7437.370700646399
6521.689626112
6049.104657510399
6278.660681625601
8747.9260689408
8603.1906796032
7994.0593301504
6380.7980751872
7307.8772335103995
8795.455488
5262.0872316416
6096.219511296
6800.420071884801
7108.0154314752
8061.5070157312
8404.48
8859.1806711296
7685.9326984192
4706.2886591744
4737.674370196481
5514.5668085248
6627.2932881408
8151.5132220928
6869.587714560001
9779.4077681152
7013.3056488448
8193.991975679999
7970.3907541503995
8357.652389376
8010.412470272
7187.867772416001
6640.549014528
7113.4667448832
7737.5452991488
7412.6767603200005
8073.2517555712
5976.7289547776
7310.522696140801
6833.6961056256
5980.848128
4581.26332686336
3521.44396909568
4459.88687380992
4233.920967936
4556.14367143936
4503.05924811776
4522.36639138304
4605.5984850688
4745.24244806144
4867.3210810828805
4709.5829086208
4412.9759900672
5714.5145806335995
6030.1585703424
7316.7606204928
7682.6365057535995
6529.260929024
7917.6998546432005
7699.0271853568
6755.6902780416
7086.53056
7436.3223240192
6172.4792830464
7273.114216857601
7001.963890278401
7390.298734182399
8415.267929804799
7239.092459007999
5801.250998476799
4795.64945179648
5338.1243373567995
5398.250080768001
6893.957302988801
6076.712530432
6107.9552
5717.9433560576
4632.9591196723195
4804.156587100159
4133.6650627328
4476.01116279296
4669.70519129088
2647.9797793382395
1692.68519991296
1579.0136617216
1530.06252100608
2077.632384768
2923.44152523264
2298.2369887795203
3294.90190641152
3701.47633570816
3566.20296943104
3918.34790697472
3192.5339191859202
3870.5521311488
3183.14028346368
3378.8843517696
1956.9149440614399
2200.50694889472
4220.47925407744
4004.16914285568
3243.77340608
1906.0537494067198
1816.5906205388799
2351.18461771264
2486.2188759552
3104.40870175232
2642.42621910528
3124.4964904499197
2356.4550033664
2833.48408668672
2827.2551376844804
3746.5910956851203
4546.00051761152
4112.54345498624
3740.2051921100797
3958.18920497664
4964.59798882816
4260.97298857472
4661.14959759872
4089.77313294848
3825.92659416064
4466.3589448448
5373.3227343359995
5036.639041914879
4903.3994154496
4711.788936171521
6493.179004876801
