1556.81242151936
1199.11630440448
1653.28110676992
1840.28648956928
2903.58731034624
2698.82576889856
2105.68276691968
1880.60804885504
1661.53489424384
1521.63448991744
1885.01707056128
1733.21251310592
1377.7140773888
1326.72210603008
1837.88627026944
1546.9010475008
1060.61835425792
1372.8975300096
1719.28522104832
2042.29042423808
2184.6359624192
2264.78350119936
2327.78588867584
2592.63265391616
2634.93579487232
2421.65606656
1724.3672380928
1928.89008172032
2115.2535095296
2196.8957384192
2940.45468444672
2950.98800950272
2960.81590495232
2546.06181295104
2151.36166956032
2894.33810699264
2204.30594016256
1882.19097171968
1939.77936841728
2307.44251602944
1824.96009235456
2063.80385836032
1803.16275344384
1459.36028713984
1571.1169767936
1590.57195959296
1472.64024288256
1620.9181030912
1435.85258002432
1382.16822263808
1930.31517974528
1993.76289184768
1861.60765125632
1699.4078081536
1635.26006879232
1963.17096436736
1496.69871074304
1414.50252896256
1326.8945454592
1171.3559755776
1193.472
1162.92976135168
1262.13858706432
1239.34075524096
1136.57034013696
1259.11890801664
1467.5459346432
1493.7933913088
1126.6807741952
1394.68375983104
1526.93855044608
1507.7028694528
1605.99513950208
2034.31515897856
1644.88214330368
1390.91923877888
939.849717277696
860.978759806976
757.138228482048
1079.3935238144
1448.12515393536
1173.55456790528
1125.56986822656
1068.30586046464
884.601594749952
804.5248601088
924.989931440128
960.995600633856
1001.184537273344
957.04303608832
919.403219204096
699.40535007232
689.949144614912
879.864964059136
1008.456205128704
1054.34630119424
1018.33274754048
1165.402986752
1574.65002002432
1430.09590751232
1916.4146049024
1621.94006025216
1299.32970363904
710.517306970112
278.954383167488
629.202658706432
1334.06105761792
1402.8500876288
1365.42758208512
1624.98384456704
1579.93268227072
1736.20001789952
1686.60489153536
1591.4032761856
1637.33774065664
1830.67105882112
2092.98592845824
2485.42679364608
2398.14908967936
2385.48691039232
2687.78853983232
2336.78121290752
2268.91920807936
2731.3852631552
2698.56693108736
2696.70009160704
2673.70930973696
2727.84791397376
2685.2383030272
2361.49597172736
2481.42147367936
2819.89988069376
2804.67330612224
2794.16832
2974.09384547328
2979.33364409344
2902.13272539136
2932.85302856704
3186.27675501568
3481.36594285568
3825.8864987648
3442.6823890432
2989.33110448128
3628.58496
3939.65041813504
3315.94193211392
2821.75643785216
2992.36867405824
3006.11219632128
2375.17476652032
2625.08676128768
3212.29496598528
3031.94112
2293.48273230848
2138.10134720512
2143.46877172736
2214.78360856576
2470.89225344
2255.69717072896
2155.7773689856
2269.64769811456
2234.47113668608
2388.51762299904
2660.92174436352
2099.20744727552
2268.78761290752
2014.0061467648
1595.14659694592
1327.21746259968
1311.95733332992
1491.38837735424
1463.42455411712
1236.67557081088
1631.8153489408
1770.68600747008
1309.79631793152
1390.82689605632
1715.2260654592
2034.67085540352
2426.6731986944
1841.72583574528
1437.80977777664
1555.44921853952
1627.21712055296
1770.08204255232
1967.84518094848
1971.16238367744
1820.28364343296
2103.90486486016
2380.49762779136
1209.82093150208
1421.11548447744
1386.28336612352
998.454805634048
696.875245046784
2160.23862418432
1422.2297893888
1747.90450874368
1774.0751238144
1761.13008104448
1322.06629210112
1371.1422668288
1410.99458419712
1668.52347423744
1366.71398102016
1461.77738867712
1517.60757487616
1394.50084595712
2055.8555014144
1855.32765836288
1730.25307901952
1925.22369619968
2279.65924324352
2096.988393728
1791.24475747328
1372.30505227264
1376.69784256512
1677.42247303168
2093.76934831104
1721.67532565504
1781.4140709888
1840.4936213504
2177.024
2219.606016
1815.90255855616
2933.93482927104
2460.13059802112
1929.30584774656
2955.34523590656
2375.64628806656
2321.20184818688
3270.4071775744
2731.98614925312
2181.14796964864
2357.83907644416
2234.44760424448
2183.79245477888
2173.04229261312
1845.82391929856
1453.8454642176
2150.53052504064
2117.54818008064
2183.73688889344
2312.76600691712
2353.83466667008
2317.5516595712
2217.11688962048
1435.0682199552
1657.66796725248
1016.108164885504
891.58034088448
988.944950170624
1056.55221824512
908.690428015616
1255.6813403136
1269.6054339584
1643.79299237888
1580.62215576576
1582.37257143296
1626.04223844352
1516.79382305792
1560.62226238464
1327.81634782208
1252.99027803136
1745.16128497664
7784.0621075968
5995.581522022399
8266.4055338496
9201.4324478464
14517.9365517312
13494.1288444928
10528.4138345984
9403.0402442752
8307.6744712192
7608.1724495872
9425.0853528064
8666.062565529599
6888.570386944
6633.6105301504
9189.4313513472
7734.5052375039995
5303.0917712896
6864.4876500479995
8596.4261052416
10211.4521211904
10923.179812096001
11323.9175059968
11638.9294433792
12963.1632695808
13174.6789743616
12108.2803328
8621.836190464
9644.4504086016
10576.267547648
10984.478692096
14702.2734222336
14754.9400475136
14804.0795247616
12730.3090647552
10756.8083478016
14471.6905349632
11021.5297008128
9410.9548585984
9698.8968420864
11537.2125801472
9124.8004617728
10319.0192918016
9015.8137672192
7296.8014356992
7855.584883968
7952.8597979648
7363.2012144128
8104.5905154560005
7179.262900121601
6910.8411131903995
9651.5758987264
9968.8144592384
9308.0382562816
8497.039040767999
8176.3003439616
9815.8548218368
7483.4935537152
7072.5126448128
6634.472727295999
5856.779877888001
5967.36
5814.6488067584005
6310.6929353216
6196.7037762048
5682.851700684801
6295.594540083201
7337.729673216
7468.966956544
5633.403870976
6973.418799155201
7634.6927522303995
7538.514347264
8029.9756975104
10171.5757948928
8224.4107165184
6954.5961938944
4699.248586388479
4304.8937990348795
3785.69114241024
5396.967619072
7240.6257696768
5867.7728395264
5627.8493411328
5341.529302323201
4423.00797374976
4022.624300544
4624.94965720064
4804.97800316928
5005.92268636672
4785.2151804416
4597.01609602048
3497.0267503615996
3449.7457230745604
4399.32482029568
5042.2810256435205
5271.7315059712
5091.6637377024
5827.0149337600005
7873.2501001216
7150.4795375616
9582.073024512
8109.7003012608
6496.648518195199
3552.5865348505604
1394.77191583744
3146.01329353216
6670.305288089599
7014.250438144
6827.1379104256
8124.9192228352
7899.6634113536
8681.0000894976
8433.0244576768
7957.016380927999
8186.6887032832
9153.3552941056
10464.9296422912
12427.1339682304
11990.7454483968
11927.4345519616
13438.9426991616
11683.906064537601
11344.5960403968
13656.926315776
13492.8346554368
13483.5004580352
13368.5465486848
13639.239569868801
13426.191515135999
11807.4798586368
12407.1073683968
14099.4994034688
14023.3665306112
13970.841600000002
14870.4692273664
14896.6682204672
14510.6636269568
14664.2651428352
15931.3837750784
17406.8297142784
19129.432493824
17213.411945216
14946.6555224064
18142.9248
19698.2520906752
16579.7096605696
14108.7821892608
14961.843370291199
15030.560981606399
11875.873832601601
13125.4338064384
16061.474829926401
15159.7056
11467.4136615424
10690.5067360256
10717.3438586368
11073.9180428288
12354.4612672
11278.4858536448
10778.886844928
11348.238490572801
11172.3556834304
11942.5881149952
13304.6087218176
10496.037236377599
11343.938064537599
10070.030733824
7975.7329847296005
6636.087312998399
6559.786666649599
7456.9418867712
7317.1227705856
6183.377854054399
8159.076744704
8853.430037350401
6548.9815896576
6954.1344802816
8576.130327296
10173.354277017599
12133.365993472
9208.6291787264
7189.0488888832
7777.2460926976
8136.085602764801
8850.4102127616
9839.2259047424
9855.8119183872
9101.418217164799
10519.5243243008
11902.4881389568
6049.104657510399
7105.5774223872
6931.4168306176
4992.27402817024
3484.37622523392
10801.1931209216
7111.148946944
8739.5225437184
8870.375619072
8805.6504052224
6610.3314605056
6855.711334144
7054.9729209856005
8342.6173711872
6833.5699051008
7308.8869433856
7588.0378743808
6972.5042297856
10279.277507072
9276.638291814399
8651.2653950976
9626.1184809984
11398.2962162176
10484.94196864
8956.2237873664
6861.5252613632
6883.4892128256
8387.1123651584
10468.8467415552
8608.3766282752
8907.070354944
9202.468106752
10885.119999999999
11098.03008
9079.5127927808
14669.6741463552
12300.6529901056
9646.529238732799
14776.7261795328
11878.2314403328
11606.0092409344
16352.035887872
13659.9307462656
10905.7398482432
11789.195382220802
11172.2380212224
10918.962273894398
10865.2114630656
9229.1195964928
7269.227321088
10752.6526252032
10587.740900403202
10918.6844444672
11563.8300345856
11769.1733333504
11587.758297856
11085.5844481024
7175.341099776
8288.3398362624
5080.54082442752
4457.9017044224
4944.72475085312
5282.7610912256005
4543.45214007808
6278.406701568
6348.027169792
8218.9649618944
7903.1107788288
7911.8628571648005
8130.211192217601
7583.9691152896
7803.1113119231995
6639.081739110399
6264.951390156801
8725.8064248832
