2719.28938901504
3190.54391474176
3425.0216074752
3717.297099776
3838.3604330496
3295.952724736
3384.36021751808
2576.98383263744
1670.27981473792
1997.50504918016
2119.67719835648
2177.78002079744
2370.23886390272
2476.84980204544
2518.58488889344
2529.89195218944
2465.03520259072
2489.95991143424
2963.6872258048
2830.26074541056
2432.81583258624
2243.2653681664
2209.06456830976
2447.88797372416
2465.06737031168
2479.41277001728
2414.11413332992
2709.77005437952
2946.37966726144
2665.3247471104
2584.384
2403.02892069888
2492.02005332992
2523.36963992576
2226.02332133376
1956.39543811072
2352.49457478656
2520.38653356032
1979.8574545408
2361.5232
2350.73855762432
2241.71798408192
3111.72146868224
1908.39422163968
1490.4201928704
2118.38507623424
2440.5075723264
1922.63791304704
2053.42358217728
2250.72106344448
2520.5768462848
1944.78316763136
2302.6748235264
2418.61111263232
2001.65668571136
2198.12493617152
2439.0645656576
2655.11822222336
2699.80855491584
2764.6701556224
2297.67617560576
2331.24345678848
2463.0083106816
2394.94227026944
1971.39634217984
2129.60136511488
3947.85983296512
3012.14229041152
1998.21333968896
2141.91496343552
2519.1436271616
2557.58728767488
2519.01487116288
2340.36257226752
2510.33518859264
3044.1729508864
2719.86812121088
2622.39193453568
2692.82742856704
2344.88937930752
2134.46346218496
1990.74178010112
2197.97764169728
1870.21483969536
1728.09189743616
1804.38336142336
2071.0849122816
1823.72398195712
1778.9543866368
2135.32459220992
2842.608
2446.73729729536
2417.61155794944
2733.5049458176
2630.54073736192
2530.02793116672
2604.5407798784
2875.40775385088
3202.73838913536
2753.33250238464
2679.33013332992
2898.0005631488
2876.90486444032
2857.60737972224
3084.43846531072
3161.74336
2120.77209535488
2163.2538138112
2345.73456410624
2628.20862107648
1501.27077965824
1471.24437535744
1230.4882643456
1696.41973604352
1991.94832086016
2249.1873038336
2478.43453407232
2639.02058427392
2224.97034851328
2214.81147420672
2371.57812338688
3177.20252632064
2523.8539505664
1698.42501818368
1871.88398829568
1594.88809029632
1665.54108048384
1805.6217508864
1412.15719522304
1424.9538592768
1758.85211191296
1754.176
1579.64358621184
1650.0994015744
2007.845770496
1791.55006060544
1863.93216638976
887.462731987968
5687.33270250496
5718.48918411264
2204.10246372352
1547.51117241344
1610.33313768448
1562.3616620032
2071.57776953344
2509.89280632832
2136.13303370752
2051.00041337856
1911.5589908992
1767.75302295552
1494.53975390208
1851.79356862464
1431.84940732416
1838.1797484544
2270.9943867392
2358.85785413632
2208.0312195072
1834.22062985216
1917.8623410176
2118.95068594176
2346.10746099712
2615.50726736896
2573.5146850304
2587.95314076672
2596.4709805056
2571.56914076672
2490.63037722624
2573.54055535616
2499.78523826176
2242.39591691264
2489.56170079232
2616.49436532736
2864.26846918656
2609.15930124288
2464.23026690048
2197.20870697984
2334.07942255616
2439.76121378816
2590.656496128
2200.85279763456
2126.8465718272
1775.44848548864
1204.4760615424
1348.53102949376
1165.58817513472
2267.47592866816
2459.769697792
2558.34853758976
2162.34666667008
2017.54057623552
2071.95139003392
2011.51233022976
1865.36658823168
1836.53604145152
1851.25584487424
2341.09281103872
2544.30060056576
2421.65624669184
2074.877465344
2010.84255522816
2532.63301740544
2642.0359245312
2672.01360520192
1221.52873286656
5481.04326643712
5475.20859364352
3914.57654829056
3087.24753757184
3211.13713273856
3238.18057143296
2651.36901878784
2635.92152512512
2560.83163567104
3049.76942738432
3317.93644307456
3500.11568172032
3674.7654474752
3556.52917302272
3178.60080171008
2864.45981881344
2466.80558644224
3155.70474945536
3180.61662411776
2576.94196903936
2770.65545017344
3219.47593187328
3201.9741030912
3174.54783863808
3138.825649664
3109.23903770624
3091.53476923392
3076.33905934336
3155.91503448064
2245.9008
1463.09278606336
1893.25949700096
2164.21941101568
2484.0121379328
1820.57010945024
1700.79050718208
1904.83819355136
2211.05814245376
3144.58112
3038.13352727552
2938.81132939264
3074.49393548288
3174.03290565632
2790.56830099456
2679.2176030208
2222.20650417152
1693.6372459008
1871.840248064
1590.81445892096
1390.08
1566.27027592192
1461.29353464832
1671.06831858688
1663.54003934208
1625.92411009024
1117.56414715904
2397.30549152768
2569.78000572416
2971.43766486016
2436.7746976768
2038.22165203968
13596.4469450752
15952.7195737088
17125.108037376
18586.48549888
19191.802165248002
16479.763623680003
16921.8010875904
12884.919163187202
8351.399073689601
9987.5252459008
10598.3859917824
10888.9001039872
11851.1943195136
12384.249010227199
12592.9244444672
12649.4597609472
12325.1760129536
12449.7995571712
14818.436129024001
14151.3037270528
12164.0791629312
11216.326840832
11045.322841548801
12239.4398686208
12325.3368515584
12397.063850086399
12070.5706666496
13548.8502718976
14731.8983363072
13326.623735552
12921.92
12015.1446034944
12460.100266649599
12616.848199628801
11130.1166066688
9781.9771905536
11762.4728739328
12601.9326678016
9899.287272704001
11807.616
11753.6927881216
11208.589920409599
15558.6073434112
9541.971108198399
7452.100964351999
10591.9253811712
12202.537861632
9613.1895652352
10267.1179108864
11253.6053172224
12602.884231424
9723.9158381568
11513.374117632
12093.055563161599
10008.2834285568
10990.6246808576
12195.322828287999
13275.5911111168
13499.0427745792
13823.350778112
11488.3808780288
11656.217283942402
12315.041553408
11974.7113513472
9856.981710899201
10648.0068255744
19739.2991648256
15060.711452057601
9991.0666984448
10709.5748171776
12595.718135808
12787.9364383744
12595.074355814399
11701.812861337601
12551.6759429632
15220.864754432001
13599.3406060544
13111.9596726784
13464.1371428352
11724.4468965376
10672.3173109248
9953.7089005056
10989.8882084864
9351.074198476801
8640.4594871808
9021.916807116799
10355.424561408
9118.6199097856
8894.771933184
10676.6229610496
14213.04
12233.6864864768
12088.0577897472
13667.524729088
13152.7036868096
12650.1396558336
13022.703899392
14377.038769254399
16013.691945676801
13766.662511923201
13396.6506666496
14490.002815744001
14384.5243222016
14288.036898611199
15422.192326553599
15808.7168
10603.8604767744
10816.269069056
11728.672820531201
13141.0431053824
7506.3538982912
7356.2218767872
6152.441321728001
8482.098680217601
9959.7416043008
11245.936519167999
12392.172670361599
13195.1029213696
11124.8517425664
11074.0573710336
11857.8906169344
15886.0126316032
12619.269752831999
8492.1250909184
9359.4199414784
7974.4404514816
8327.7054024192
9028.108754432
7060.785976115199
7124.769296384
8794.2605595648
8770.88
7898.2179310592
8250.497007872
10039.228852479999
8957.7503030272
9319.6608319488
4437.31365993984
28436.6635125248
28592.4459205632
11020.5123186176
7737.5558620672
8051.6656884224
7811.808310016
10357.8888476672
12549.4640316416
10680.6651685376
10255.002066892801
9557.794954496
8838.7651147776
7472.6987695104
9258.9678431232
7159.2470366208
9190.898742272
11354.971933695999
11794.2892706816
11040.156097536
9171.1031492608
9589.311705088001
10594.7534297088
11730.5373049856
13077.536336844802
12867.573425152
12939.7657038336
12982.354902528
12857.8457038336
12453.1518861312
12867.7027767808
12498.9261913088
11211.9795845632
12447.808503961602
13082.4718266368
14321.3423459328
13045.7965062144
12321.1513345024
10986.0435348992
11670.3971127808
12198.806068940801
12953.28248064
11004.2639881728
10634.232859136
8877.2424274432
6022.380307712
6742.655147468799
5827.940875673599
11337.3796433408
12298.84848896
12791.7426879488
10811.733333350401
10087.7028811776
10359.756950169598
10057.5616511488
9326.8329411584
9182.680207257601
9256.2792243712
11705.464055193599
12721.503002828798
12108.2812334592
10374.38732672
10054.212776140801
12663.1650870272
13210.179622656
13360.068026009601
6107.6436643328
27405.2163321856
27376.042968217596
19572.8827414528
15436.2376878592
16055.6856636928
16190.9028571648
13256.8450939392
13179.607625625598
12804.158178355201
15248.847136921599
16589.6822153728
17500.5784086016
18373.827237375997
17782.645865113598
15893.004008550399
14322.2990940672
12334.0279322112
15778.523747276799
15903.083120588799
12884.709845196801
13853.277250867199
16097.3796593664
16009.870515456001
15872.7391931904
15694.128248320001
15546.195188531201
15457.6738461696
15381.6952967168
15779.5751724032
11229.503999999999
7315.4639303168005
9466.2974850048
10821.0970550784
12420.060689664002
9102.850547251199
8503.952535910401
9524.1909677568
11055.2907122688
15722.905599999998
15190.6676363776
14694.0566469632
15372.4696774144
15870.1645282816
13952.841504972801
13396.088015104
11111.0325208576
8468.186229504001
9359.20124032
7954.072294604801
6950.4
7831.3513796096
7306.4676732416
8355.3415929344
8317.7001967104
8129.6205504512
5587.8207357952
11986.5274576384
12848.900028620801
14857.188324300801
12183.873488383999
10191.1082601984
