1776.4202038784
2314.78894844928
1902.13137716224
1528.25979215872
1703.24211378176
2051.927184384
2025.7201302016
2293.85153072128
2601.25544918016
2498.45663091712
1739.03931761664
2170.25746459648
1997.8571970048
1948.23353556992
1622.44939418624
1336.84816841728
1932.56254129152
2476.25371009024
2928.26466932736
3003.70290807808
3094.20873004032
2638.02994413568
2430.4137234432
2258.73299393536
1767.95692043264
1571.72278185984
1607.6231742464
1475.22021052416
975.222326889472
1067.89501457408
1019.418033898496
935.516530120704
1034.03321714688
1055.63785831424
1156.10557008896
1076.2420198912
1087.5946169344
1222.32435392512
1025.9646766592
1038.7456
1006.924636942336
861.057238920192
886.055990160384
878.59445858304
1162.6008699904
1279.06102526976
1377.2518331904
1435.15365517312
1146.46548199424
1814.83233130496
2455.6344476672
2089.73595031552
2036.46964161536
2078.1614545408
2119.58868790272
1730.87953088512
1428.80113609728
1987.81417345024
1996.01230769152
2410.40337688576
1706.6073043456
1634.89800865792
1825.106877696
1991.30031460352
2006.91699699712
1483.64710489088
1677.19535387648
1918.7293821952
1437.82246311936
1897.55565070336
1952.40130443264
1400.27904
1259.50743558144
1629.123022592
2131.9266541056
1706.480211456
2185.35490782208
2405.82803603456
2169.55752466432
1831.4299953152
1819.49249284096
2074.93413369856
1574.74710851584
2220.52698489856
2329.00506263552
2362.19708563456
1819.6815414272
1579.136
1202.2288516096
1352.13810526208
1338.9285151744
1516.72092146688
1352.84146002944
1725.0823958528
1388.90738328576
1658.1511378432
1628.2646815232
1959.64879685632
2042.7278037504
2793.30023225344
2731.35596116992
1985.43868368896
1839.62886431744
2785.6133953536
3040.995670016
1896.09796701184
1918.56454029312
2294.15133758464
2523.68684137472
2744.90514285568
3094.32230567936
3345.17848275968
3004.37686624256
2977.23552784384
2551.33106849792
2483.63028013056
2442.45000363008
2317.824
2096.60667455488
1915.25423885312
1915.39971263488
2246.2082976768
2042.02728727552
2048.53894736896
2342.7119511552
2324.12968421376
2496.93514049536
3002.2468165632
2929.35087603712
2957.09451327488
5753.53317965824
3750.054747392
2662.06279903232
3187.26424334336
3343.08811911168
3673.54730873856
3648.93560911872
2488.48135757824
2721.7252555776
3300.0448
3489.82890090496
3610.85940230144
3529.25434360832
3522.89801942016
3265.2217453056
3215.20445570048
3175.21235908608
3182.92045283328
2727.25206678528
2729.94770632704
3166.44706615296
3148.04906667008
3174.80745549824
3151.72045666304
3033.5792177152
3007.0563966976
2986.53294844928
3675.95855737856
4040.54493203456
3277.48266667008
2569.32933592064
3611.52893023232
3814.3164081664
3181.14689437696
2910.66578823168
4581.9163517952
4589.29269508096
3803.4924051968
3430.49286873088
3778.43712
3989.58152681472
3921.70617168896
3841.93877332992
4043.47615469568
4471.26057862144
4470.66124920832
1373.59541238784
7447.69212632064
7426.54862222336
6506.45128384512
2665.99474125824
3550.89697097728
4590.34850813952
4586.75117152256
3997.30239039488
3992.7293526528
3392.98443090944
3403.37881211904
3565.39603053568
3263.06307482624
2501.0103504384
2622.64888889344
3624.1408
3580.3177373696
3573.81475936256
2782.44637377536
2610.8666046464
2198.863872
2422.6892947968
2566.2181180928
2753.82367394816
3709.34845033472
3666.06628571136
5324.71753020416
6572.70333609984
6537.90730802176
3213.75721739264
2395.0395695104
2229.54529032192
2187.4702321664
2475.64475633664
2842.85368224768
1890.13763585024
1962.6019546112
2000.61102782464
1928.38127013888
2415.38291560448
2169.54641860608
1762.1321229312
1969.1017197568
2112.35892017152
2168.36598802432
2020.12136936448
1493.008530944
1715.44837446656
2127.33859807232
1473.74371530752
1964.7989907968
2198.15274533888
2631.98502127616
3025.05015053312
2409.18119104512
2306.05445039104
2221.60202781696
2713.4198348288
2634.78613332992
2572.68700151808
2836.07685039104
2671.05541605376
2516.56790088704
1796.19723194368
1647.73122717696
1238.02406299648
1335.44330868736
1540.8245542912
1878.016
2442.45000363008
2450.84694260736
2267.6897792
1594.13376766976
2169.27815223296
1775.49552941056
1699.1149894144
1704.6236496384
1581.76511789056
1578.85010950144
1631.36691144704
1936.56378626048
1905.65298924544
1994.93540298752
1621.10056160256
1549.85006385152
1699.27656259584
1772.19978012672
1745.16128497664
1884.3395059712
8882.101019392
11573.9447422464
9510.6568858112
7641.298960793601
8516.2105689088
10259.63592192
10128.600651008
11469.2576536064
13006.277245900801
12492.2831545856
8695.1965880832
10851.2873229824
9989.285985024
9741.1676778496
8112.2469709312
6684.2408420864
9662.8127064576
12381.268550451201
14641.3233466368
15018.514540390399
15471.0436502016
13190.1497206784
12152.068617216
11293.6649696768
8839.7846021632
7858.613909299201
8038.115871231999
7376.101052620799
4876.11163444736
5339.4750728704
5097.09016949248
4677.58265060352
5170.1660857343995
5278.1892915712
5780.5278504448
5381.2100994560005
5437.9730846719995
6111.6217696256
5129.8233832959995
5193.728
5034.62318471168
4305.28619460096
4430.27995080192
4392.9722929152
5813.004349952
6395.3051263488
6886.259165952
7175.768275865599
5732.3274099712
9074.1616565248
12278.172238336001
10448.6797515776
10182.348208076799
10390.807272704002
10597.9434395136
8654.3976544256
7144.0056804864
9939.070867251201
9980.0615384576
12052.016884428798
8533.036521728
8174.490043289599
9125.53438848
9956.5015730176
10034.584984985599
7418.2355244544
8385.9767693824
9593.646910976
7189.1123155968
9487.7782535168
9762.0065221632
7001.395199999999
6297.537177907199
8145.61511296
10659.633270528
8532.40105728
10926.7745391104
12029.140180172799
10847.787623321601
9157.149976576
9097.4624642048
10374.6706684928
7873.735542579199
11102.634924492799
11645.0253131776
11810.9854281728
9098.407707136
7895.68
6011.144258048
6760.6905263104
6694.642575872
7583.6046073344005
6764.2073001472
8625.411979264
6944.5369164288
8290.755689216001
8141.323407616
9798.2439842816
10213.639018752
13966.501161267199
13656.779805849601
9927.1934184448
9198.1443215872
13928.066976768001
15204.97835008
9480.4898350592
9592.8227014656
11470.7566879232
12618.4342068736
13724.5257142784
15471.6115283968
16725.8924137984
15021.884331212801
14886.1776392192
12756.655342489601
12418.151400652801
12212.2500181504
11589.12
10483.0333727744
9576.271194265599
9576.9985631744
11231.041488384
10210.1364363776
10242.694736844802
11713.559755776001
11620.6484210688
12484.6757024768
15011.234082816
14646.7543801856
14785.4725663744
28767.6658982912
18750.27373696
13310.3139951616
15936.321216716799
16715.4405955584
18367.7365436928
18244.678045593602
12442.4067878912
13608.626277888
16500.224000000002
17449.1445045248
18054.2970115072
17646.2717180416
17614.4900971008
16326.108726528
16076.022278502402
15876.0617954304
15914.602264166399
13636.2603339264
13649.738531635201
15832.235330764799
15740.245333350398
15874.0372774912
15758.602283315198
15167.896088575999
15035.281983488001
14932.6647422464
18379.792786892798
20202.7246601728
16387.4133333504
12846.6466796032
18057.6446511616
19071.582040832
15905.7344718848
14553.3289411584
22909.581758976
22946.4634754048
19017.462025984
17152.4643436544
18892.1856
19947.9076340736
19608.5308584448
19209.6938666496
20217.380773478402
22356.3028931072
22353.306246041604
6867.9770619392
37238.4606316032
37132.743111116804
32532.2564192256
13329.9737062912
17754.4848548864
22951.7425406976
22933.7558576128
19986.5119519744
19963.646763264
16964.9221545472
17016.8940605952
17826.9801526784
16315.315374131202
12505.051752192001
13113.2444444672
18120.704
17901.588686848
17869.0737968128
13912.2318688768
13054.333023232
10994.31936
12113.446473984
12831.090590464
13769.1183697408
18546.7422516736
18330.331428556798
26623.587651020796
32863.516680499204
32689.536540108802
16068.7860869632
11975.197847551999
11147.7264516096
10937.351160832
12378.2237816832
14214.2684112384
9450.6881792512
9813.009773056
10003.0551391232
9641.9063506944
12076.914578022399
10847.7320930304
8810.660614656
9845.508598784001
10561.7946008576
10841.829940121599
10100.6068468224
7465.04265472
8577.2418723328
10636.6929903616
7368.7185765376
9823.994953984
10990.7637266944
13159.925106380799
15125.250752665599
12045.9059552256
11530.2722519552
11108.0101390848
13567.099174144001
13173.930666649601
12863.435007590399
14180.3842519552
13355.2770802688
12582.8395044352
8980.986159718399
8238.6561358848
6190.1203149824005
6677.2165434368
7704.122771456
9390.08
12212.2500181504
12254.2347130368
11338.448896
7970.6688383488
10846.390761164801
8877.4776470528
8495.574947072
8523.118248192
7908.8255894528
7894.2505475072
8156.834557235199
9682.8189313024
9528.2649462272
9974.6770149376
8105.5028080127995
7749.2503192576
8496.3828129792
8860.9989006336
8725.8064248832
9421.697529856
