884.716962459648
734.673302249472
834.166871016448
732.416335517696
803.377765056512
717.979834534912
964.877891472384
697.90270368256
709.962337359872
707.784407506944
1069.34715803648
956.300663622656
993.354911345664
729.363811055616
854.200554888192
729.88836781568
879.148393063424
799.027988158464
545.45041335808
871.025318255616
570.871200280576
625.440211920896
1054.5882156544
1087.35505178624
1085.99731571712
1214.87086477312
1478.0290612224
1613.19044603904
1154.44140915712
1099.94643383296
1249.48499339264
1215.62226223104
1200.00965650432
1161.28824282112
1152.25957684224
1174.1638731264
873.741742821376
998.189895023616
1270.88993103872
1120.36682579968
896.312788093952
838.004640555008
559.071416375296
507.361652685824
629.699231177728
341.57619088896
585.05948586496
460.932085993472
343.821695473664
545.379701317632
459.876053075968
463.266764888064
457.693079571456
536.451972748288
613.410919815168
431.702781927424
295.13227785728
250.360010699776
245.82467368448
316.71856850432
419.43331789824
525.807782805504
760.68922338816
801.926371040256
838.52366373888
560.162471286784
596.373248339968
410.38892721152
373.88514540544
494.95389860352
553.504056173568
788.334434905088
830.612455832576
931.200600938496
993.116930407424
911.997664508928
759.721325272064
759.015382283264
719.957333332992
465.488457143296
446.55617440256
366.57669799936
540.471875050496
430.829092614144
547.097587011584
481.097780668416
457.787067377664
299.008
747.999887606784
615.344287425536
707.542681575424
653.641010830336
1055.21633882112
899.84027675648
1005.93978290688
985.994491803648
953.46581120512
1041.23400557568
1065.97166265344
1083.08076548096
1279.93477706752
1041.46895238144
1101.83941008384
1063.93524204544
1211.0375384576
1019.095361805312
1149.83357822976
987.475695681536
1323.45241229312
1240.716286208
1196.95913513984
968.286223331328
1217.78098451456
1088.58204560384
1160.4184922112
733.50119865344
857.737381772288
781.173498891264
775.331571116032
1041.55062285312
645.6992
576.294491646976
895.62600318976
1015.362782608384
1169.92749267968
1145.11413938176
940.040920971264
939.59205925888
915.895235141632
347.53164846592
355.528338500608
883.559382194176
906.374225886208
974.143516560384
979.828736
859.944029090816
1001.09314745344
1045.66916128768
1148.16629812224
1170.74760088576
822.880526819328
785.853078173696
830.628031104
1021.417300492288
829.290146341888
731.14896948736
650.246566908928
809.08769304576
880.23285269504
679.048705289216
4423.58481229824
3673.36651124736
4170.83435508224
3662.08167758848
4016.88882528256
3589.89917267456
4824.38945736192
3489.5135184128
3549.81168679936
3538.9220375347204
5346.735790182401
4781.50331811328
4966.77455672832
3646.8190552780798
4271.00277444096
3649.4418390784
4395.74196531712
3995.13994079232
2727.2520667904
4355.12659127808
2854.35600140288
3127.20105960448
5272.941078272001
5436.7752589312
5429.9865785856
6074.3543238656
7390.145306112
8065.952230195199
5772.2070457856
5499.7321691648
6247.4249669632
6078.1113111551995
6000.0482825216
5806.4412141056
5761.2978842112
5870.819365632
4368.70871410688
4990.94947511808
6354.449655193601
5601.8341289984
4481.56394046976
4190.02320277504
2795.35708187648
2536.80826342912
3148.4961558886403
1707.8809544448
2925.2974293248003
2304.66042996736
1719.10847736832
2726.8985065881598
2299.3802653798402
2316.3338244403203
2288.46539785728
2682.25986374144
3067.05459907584
2158.51390963712
1475.6613892863998
1251.80005349888
1229.1233684223998
1583.5928425216
2097.1665894912
2629.0389140275197
3803.4461169408
4009.63185520128
4192.6183186944
2800.8123564339203
2981.86624169984
2051.9446360576003
1869.4257270272
2474.7694930176
2767.5202808678396
3941.67217452544
4153.062279162879
4656.00300469248
4965.58465203712
4559.98832254464
3798.6066263603198
3795.07691141632
3599.7866666649597
2327.44228571648
2232.7808720128
1832.8834899968
2702.3593752524803
2154.14546307072
2735.48793505792
2405.48890334208
2288.9353368883203
1495.04
3739.99943803392
3076.72143712768
3537.71340787712
3268.20505415168
5276.0816941056
4499.2013837824
5029.6989145344005
4929.9724590182395
4767.3290560256
5206.170027878399
5329.8583132672
5415.4038274048
6399.673885337599
5207.344761907199
5509.1970504191995
5319.6762102272
6055.187692288
5095.47680902656
5749.1678911488
4937.37847840768
6617.2620614656
6203.58143104
5984.795675699201
4841.4311166566395
6088.9049225728
5442.9102280192
5802.092461056
3667.5059932672
4288.68690886144
3905.86749445632
3876.6578555801602
5207.753114265601
3228.496
2881.47245823488
4478.1300159488
5076.81391304192
5849.6374633984
5725.5706969088
4700.20460485632
4697.9602962944
4579.476175708161
1737.6582423296
1777.64169250304
4417.79691097088
4531.87112943104
4870.71758280192
4899.14368
4299.72014545408
5005.4657372672
5228.3458064384
5740.8314906112
5853.7380044288
4114.40263409664
3929.2653908684797
4153.14015552
5107.0865024614395
4146.450731709439
3655.7448474368
3251.23283454464
4045.4384652288
4401.164263475201
3395.2435264460796
