1545.02811009024
1404.51140609024
1662.0522729984
1543.60685714432
803.832737588224
444.575218635776
412.316134114304
452.00686043136
780.838923976704
1171.456
968.446573374464
877.681935038464
1135.867602688
517.27032272896
358.796403221504
1020.179133395968
1736.98376947712
2171.0683218432
2127.67797895168
2265.59844376576
2240.05440871424
2046.9976033792
1432.70868447232
1309.39253723136
1324.34726491136
1715.44837446656
1700.7771311104
1431.29717971968
597.367971234816
864.230993895424
1811.55454393344
2328.88794701824
1922.7119120896
2384.92601954304
2526.14501230592
2763.02531627008
1930.83563969536
1642.61939746816
1681.12840139776
1746.70449642496
1795.2788686848
1567.69869026304
759.375154598912
1417.89729859584
1398.304133888
710.189391801344
846.723482509312
1684.3428685824
2280.31875728384
2517.4176056832
2610.0033254912
2599.04080502784
2310.69274641408
2064.54964706304
2021.9345454592
2170.45371945984
2090.34149112832
1871.92783147008
1719.93122711552
1664.09134272512
1767.99830687744
7725.1405504512
7022.557030451199
8310.261364992
7718.0342857216
4019.16368794112
2222.87609317888
2061.58067057152
2260.0343021568
3904.19461988352
5857.28
4842.23286687232
4388.40967519232
5679.33801344
2586.3516136447997
1793.9820161075202
5100.89566697984
8684.9188473856
10855.341609216
10638.3898947584
11327.9922188288
11200.2720435712
10234.988016896
7163.5434223616
6546.9626861567995
6621.7363245568
8577.2418723328
8503.885655552
7156.485898598399
2986.8398561740796
4321.15496947712
9057.7727196672
11644.4397350912
9613.559560448
11924.6300977152
12630.7250615296
13815.1265813504
9654.1781984768
8213.0969873408
8405.642006988799
8733.522482124801
8976.394343424
7838.493451315199
3796.87577299456
7089.4864929792
6991.52066944
3550.9469590067197
4233.61741254656
8421.714342911999
11401.5937864192
12587.088028416
13050.016627456
12995.2040251392
11553.463732070399
10322.7482353152
10109.672727296
10852.2685972992
10451.7074556416
9359.6391573504
8599.6561355776
8320.456713625601
8839.9915343872
