812.127779454976
1394.6243975168
1600.33760698368
1518.56973913088
1439.3851623936
1392.10953936896
1165.6849448448
395.822066838528
572.42634343424
790.03566284288
731.5788630784
684.41125925888
478.435793371136
1153.7631033344
993.67294536192
1145.18102795264
1248.70830870528
1398.50598134784
1359.84168732672
1283.72540952576
1125.55587274752
1538.1347231232
697.800027618304
1152.05855950848
1113.20239404032
1196.88757895168
1481.0516155392
1456.06150649856
1008.91182545408
900.849984357376
555.268404532224
1038.76751839232
1274.69056436224
1288.08950682624
1375.57279110144
1435.35542856704
1614.45706113024
1325.19871131648
1134.47238515712
1465.93098738688
1636.08970763264
1584.11936270336
1690.9941784064
1827.38872409088
1759.72879207424
1548.85203934208
1462.92442601472
1440.999494912
1478.73755752448
1607.3110507008
1422.52704477184
1148.2849419776
1500.78486900736
1339.60880151552
1298.63580097536
1678.1623878144
1336.5353800704
1771.47477602304
1531.36681967616
1570.11545662464
1917.32815197184
1835.53555286016
1590.532012544
1275.00523741184
1125.08983164928
1673.85827218432
1982.64483885056
1956.2845836288
1575.65882706944
1908.30667421696
2479.5240681472
2654.55742180352
2184.03948936192
1875.6097210368
1488.74201503744
1908.23156649984
2272.29488607232
2449.97166972928
2038.53087640576
1947.74746699776
2167.2453242368
2259.92083209216
2245.52125124608
2099.98409143296
2152.35398003712
2282.68414025728
2616.10725762048
2585.87728784384
2059.06598894592
2227.91319240704
2001.9467620352
2008.97153952768
2398.21895187456
1953.87853520896
1797.68280044544
2459.48811895808
2965.07387112448
2328.99070404608
2239.88982278144
2365.91003278336
3161.00746066944
2880.111670784
2440.57429332992
2191.12273170432
2245.7278573568
2333.38993357824
2142.27548795904
2540.96479717376
2143.10156368896
1548.8680435712
1583.46325810176
1728.46638752768
2001.5014200832
1861.8088467968
1817.04554146816
1832.87138461696
1512.12354157568
1380.25170617344
1139.31359485952
1619.34512894976
1651.33861339136
1760.39410935808
1656.51181120512
1717.15764706304
2013.306493184
1990.2406309888
1748.4325925888
1433.27602259968
1303.13035293696
792.76792408064
2254.04022310912
1993.64730743808
2021.01458823168
2072.31272187904
1946.91403467776
2466.59304302592
1885.8976969728
1292.54802937856
607.258256410624
1752.23617698816
2483.1474871808
1772.32591255552
1415.44299646976
1466.09493332992
1405.24817250304
1768.8102507008
1738.20196571136
2334.87590310912
1879.78115601408
1609.44678208512
1695.36853332992
1907.90852525056
1486.24564706304
1772.60853269504
1966.7463349248
1768.42684811264
1678.41075318784
1728.19631599616
1219.56374505472
1648.79496114176
1945.88912941056
1797.92467728384
1625.23046956032
1444.50037551104
1742.29994365952
1510.9004511232
1740.96302487552
1764.27057349632
1447.50907552768
1908.30157576192
2129.12010774528
2178.16412370944
2316.28141478912
2515.01437800448
2843.721728
2880.48702439424
2858.49505709056
3137.60865632256
3427.6378256384
2790.21974532096
2393.9544615424
2740.91639918592
2600.06825092096
2447.85166148608
2589.6920155648
2493.19751433216
2351.95511688192
2394.70150959104
2395.21476923392
1930.2626639872
2173.95515076608
2631.78703833088
3191.06737106944
3109.22329824256
3122.91289719808
3009.38348936192
2420.85744474112
1720.55076056064
1658.26013056
1665.34550308864
2265.72079520768
1718.13379140608
1835.76493591552
1935.08027317248
1771.83613422592
1735.14449271808
2276.41136231424
2507.48274178048
2682.87242883072
2859.30752467968
2785.1003508736
2687.14968198144
2162.75364102144
2525.75406185472
2623.67236982784
2694.62548344832
2594.54593406976
2345.79583752192
1796.10093494272
1159.52040621056
1172.77622562816
598.788127325184
2584.82388472832
2388.3852396032
1171.03955846144
1337.92174722048
1265.13844399104
1665.04680623104
2218.82502820864
2122.36047058944
1950.9685436928
1936.0086749696
2175.84632392704
1552.24245356544
1104.8061754368
2291.11837681664
1033.79532722176
1196.61714285568
1220.7993060864
1254.95221889024
844.073624776704
1007.8979324672
573.36365640192
643.61037650432
949.030155413504
1048.07490859008
1425.62494915584
1212.76849569792
985.609257302016
752.034856497152
906.741608337408
675.118523764736
414.739663219712
876.298086303744
529.876025407488
888.165209302016
638.211136459776
606.91353110016
611.1232
466.366615491584
703.686686567424
764.698264793088
519.089677053952
603.926870317056
931.718196404224
993.63280672256
4060.63889727488
6973.121987584
8001.688034918399
7592.8486956544
7196.925811968
6960.5476968448
5828.424724224
1979.1103341926398
2862.1317171712003
3950.1783142144
3657.894315392
3422.0562962944
2392.1789668556803
5768.815516672001
4968.3647268096
5725.9051397632
6243.541543526399
6992.5299067392
6799.208436633599
6418.627047628799
5627.7793637376
7690.6736156160005
3489.0001380915196
5760.292797542399
5566.0119702016
5984.437894758401
7405.258077695999
7280.3075324927995
5044.5591272704005
4504.24992178688
2776.34202266112
5193.8375919616
6373.452821811199
6440.4475341312
6877.8639555072
7176.7771428352
8072.285305651199
6625.9935565824
5672.3619257856
7329.654936934399
8180.4485381632
7920.5968135168
8454.970892031999
9136.9436204544
8798.643960371199
7744.2601967104
7314.6221300736
7204.99747456
7393.687787622401
8036.555253504001
7112.635223859201
5741.4247098880005
7503.924345036799
6698.0440075776005
6493.179004876801
8390.811939072
6682.676900351999
8857.3738801152
7656.8340983808
7850.577283123201
9586.6407598592
9177.677764300799
7952.6600627200005
6375.0261870592
5625.449158246401
8369.2913609216
9913.2241942528
9781.422918144
7878.2941353472
9541.533371084799
12397.620340736
13272.7871090176
10920.1974468096
9378.048605184
7443.7100751872
9541.1578324992
11361.474430361599
12249.858348646401
10192.654382028799
9738.7373349888
10836.226621184
11299.6041604608
11227.6062562304
10499.9204571648
10761.7699001856
11413.420701286399
13080.536288102401
12929.386439219199
10295.3299447296
11139.565962035198
10009.733810176
10044.857697638401
11991.0947593728
9769.392676044801
8988.4140022272
12297.440594790402
14825.369355622399
11644.9535202304
11199.449113907202
11829.5501639168
15805.0373033472
14400.558353920002
12202.871466649598
10955.613658521599
11228.639286784
11666.9496678912
10711.3774397952
12704.8239858688
10715.507818444801
7744.340217855999
7917.316290508799
8642.331937638399
10007.507100416
9309.044233984001
9085.2277073408
9164.3569230848
7560.6177078784
6901.2585308672
5696.5679742976
8096.7256447488
8256.6930669568
8801.9705467904
8282.5590560256
8585.7882353152
10066.53246592
9951.203154944
8742.162962944
7166.380112998399
6515.6517646848
3963.8396204032
11270.201115545598
9968.2365371904
10105.0729411584
10361.5636093952
9734.5701733888
12332.9652151296
9429.488484864
6462.7401468928
3036.29128205312
8761.1808849408
12415.737435904
8861.6295627776
7077.2149823488
7330.474666649599
7026.2408625152
8844.051253504
8691.0098285568
11674.3795155456
9398.9057800704
8047.233910425601
8476.8426666496
9539.5426262528
7431.2282353152
8863.0426634752
9833.731674624
8842.1342405632
8392.053765939201
8640.9815799808
6097.8187252736
8243.9748057088
9729.4456470528
8989.6233864192
8126.1523478016
7222.5018775552
8711.4997182976
7554.502255615999
8704.8151243776
8821.352867481599
7237.545377638399
9541.5078788096
10645.600538726401
10890.8206185472
11581.4070739456
12575.0718900224
14218.60864
14402.4351219712
14292.4752854528
15688.0432816128
17138.189128192
13951.0987266048
11969.772307712
13704.5819959296
13000.3412546048
12239.2583074304
12948.460077824
12465.9875716608
11759.7755844096
11973.5075479552
11976.0738461696
9651.313319936
10869.7757538304
13158.9351916544
15955.3368553472
15546.116491212799
15614.564485990399
15046.9174468096
12104.2872237056
8602.7538028032
8291.3006528
8326.7275154432
11328.603976038401
8590.6689570304
9178.8246795776
9675.4013658624
8859.1806711296
8675.7224635904
11382.0568115712
12537.4137089024
13414.3621441536
14296.537623398399
13925.501754367999
13435.7484099072
10813.7682051072
12628.770309273601
13118.3618491392
13473.127417241602
12972.7296703488
11728.9791876096
8980.5046747136
5797.6020310528
5863.881128140801
2993.94063662592
12924.119423641601
11941.926198015999
5855.1977923072
6689.6087361024
6325.6922199552
8325.2340311552
11094.125141043201
10611.8023529472
9754.842718464
9680.043374847999
10879.2316196352
7761.2122678272
5524.030877184
11455.591884083202
5168.9766361088
5983.0857142784
6103.996530432
6274.7610944512
4220.36812388352
5039.489662336
2866.8182820096
3218.0518825216
4745.15077706752
5240.3745429504
7128.124745779201
6063.8424784896
4928.04628651008
3760.1742824857597
4533.70804168704
3375.59261882368
2073.69831609856
4381.49043151872
2649.3801270374397
4440.82604651008
3191.0556822988797
3034.5676555008
3055.616
2331.83307745792
3518.4334328371197
3823.49132396544
2595.44838526976
3019.63435158528
4658.59098202112
4968.1640336128
