1536.51247686656
1171.73921983488
1118.44550966272
977.551598833664
955.506746099712
1076.76543198208
726.945640493056
790.627902439424
1030.36741818368
658.363052368896
963.01058545664
946.932232102912
907.294151755776
830.33980777984
532.89308892672
1668.86433640448
1283.48246413312
1114.41640957952
1253.18743734272
1243.74780161024
1071.46398419968
928.628043264
1023.440040506368
1077.9203008
801.26702534144
851.1200561408
905.2928
916.17353217536
831.520735264768
1160.08738993152
1274.7635915264
1257.45541700608
1388.312007424
1605.0004172288
1359.37687912448
1540.688192768
1470.309109248
1461.42173253632
1319.90496969728
1592.59731085312
1754.08785575936
1506.46645276672
1130.86894819328
962.985768421376
1160.70274612224
1653.67516452864
1763.82138181632
1753.4838959104
1597.10723058688
1677.90241441792
1423.85526797312
1385.98347271168
728.66442192384
834.691467609088
793.739830649856
1147.11308258304
852.237854117888
986.053562774528
406.852682927104
635.114560741376
670.019368421376
520.732768011264
510.956406847488
760.625442060288
914.23168262656
635.030336123904
684.29570438144
710.227348837376
1041.30496397312
673.969240620032
532.47308302848
581.632
583.790650236928
468.072514454528
1012.801473145856
1146.06807100416
1140.27139019776
1165.295616
1324.30108028928
1244.2650883072
1550.67858363392
1256.96423140352
1344.18154582016
1178.82025981952
1289.86763636736
1399.44436113408
1192.44282827776
1587.40372774912
1252.74266891264
1263.79702998016
1131.73817729024
1218.22412110848
439.242844270592
1194.19261979648
1260.76737451008
1400.2165164032
1025.05441584128
929.280318210048
1278.78082023424
1277.1726725632
1227.44181500928
1413.87300202496
1942.10155968512
1579.53462856704
1227.76185865216
1788.82226874368
1653.87021526016
2020.65503506432
1495.13622880256
1328.84192897024
1491.78906947584
1268.10687582208
1392.77707086848
1432.77465380864
1256.30467453952
1376.30775451648
1175.36240349184
1083.19522828288
1039.84307556352
1308.85122516992
1260.86190084096
1093.43724679168
1019.160624319488
784.986352941056
778.369609736192
548.126783553536
501.875667774464
540.91653731328
452.683851851776
544.66451507712
562.576164402176
633.830707127296
690.16442937856
571.989420675072
346.96484985856
409.67450498048
370.56673238528
493.113799839744
670.653349112832
548.864
582.731866115072
457.436866399232
405.333031115776
307.5072
555.018174592
560.956607773696
542.60674991104
432.828182167552
373.093620304896
932.004618842112
1117.82540659712
1017.688275862528
978.83490556928
976.269663392768
1215.22537767936
1191.9863194112
1173.79941653504
1079.34282551296
1151.24793361408
1084.41255683072
1307.51443478528
1262.56702439424
1081.13668257792
1137.95045659648
760.916583479296
901.697641025536
930.674382979072
716.761906999296
1117.71112907776
1285.18269387776
1498.45656871936
1623.68430355456
1529.4342250496
1509.00862680064
1171.21982208
1636.48916397056
1086.18811476992
1347.67762285568
1411.59319112704
1617.78213246976
1349.51238230016
1439.34754224128
1530.11616937984
2078.1614545408
1588.42684486656
1084.63907611648
1055.9798483968
967.368654608384
1161.85791044608
1282.54083422208
7682.5623843328
5858.6960991744
5592.2275483136
4887.75799416832
4777.5337304985605
5383.827159910399
3634.72820246528
3953.13951219712
5151.8370909184
3291.81526184448
4815.0529272832
4734.66116051456
4536.47075877888
4151.6990388992
2664.4654446336
8344.321682022399
6417.4123206655995
5572.0820478976
6265.9371867136
6218.7390080512
5357.3199209983995
4643.14021632
5117.20020253184
5389.601504
4006.3351267072
4255.600280704
4526.464
4580.8676608768
4157.60367632384
5800.4369496576
6373.817957632
6287.2770850304005
6941.56003712
8025.002086144
6796.8843956224
7703.440963839999
7351.54554624
7307.1086626815995
6599.5248484864
7962.9865542656
8770.4392787968
7532.3322638336
5654.3447409663995
4814.9288421068795
5803.513730611199
8268.3758226432
8819.1069090816
8767.419479552
7985.5361529344
8389.5120720896
7119.2763398656
6929.917363558399
3643.3221096192
4173.45733804544
3968.6991532492802
5735.565412915201
4261.18927058944
4930.2678138726405
2034.2634146355201
3175.5728037068798
3350.09684210688
2603.66384005632
2554.78203423744
3803.1272103014403
4571.1584131328
3175.15168061952
3421.4785219072
3551.1367441868797
5206.5248198656
3369.84620310016
2662.3654151424
2908.16
2918.9532511846396
2340.36257227264
5064.00736572928
5730.3403550207995
5701.3569509888
5826.478080000001
6621.5054014464
6221.325441536
7753.3929181696
6284.8211570176
6720.9077291008
5894.1012990976005
6449.338181836801
6997.2218056704005
5962.2141413888
7937.0186387456
6263.713344563201
6318.9851499008
5658.6908864512
6091.1206055424
2196.21422135296
5970.9630989824
6303.8368725504
7001.082582016001
5125.272079206399
4646.40159105024
6393.904101171201
6385.863362816
6137.209075046399
7069.3650101248
9710.5077984256
7897.6731428352
6138.809293260801
8944.1113437184
8269.3510763008
10103.2751753216
7475.6811440128
6644.209644851199
7458.9453473792
6340.5343791104
6963.8853543424
7163.873269043201
6281.5233726976
6881.538772582399
5876.8120174592
5415.9761414143995
5199.2153778176
6544.256125849601
6304.309504204801
5467.1862339584
5095.80312159744
3924.93176470528
3891.8480486809603
2740.63391776768
2509.37833887232
2704.5826865664
2263.41925925888
2723.3225753856
2812.88082201088
3169.1535356364802
3450.8221468928004
2859.94710337536
1734.8242492928
2048.3725249024
1852.8336619263998
2465.56899919872
3353.26674556416
2744.32
2913.65933057536
2287.18433199616
2026.66515557888
1537.536
2775.09087296
2804.7830388684797
2713.0337495552
2164.1409108377597
1865.4681015244798
4660.02309421056
5589.1270329856
5088.4413793126405
4894.1745278463995
4881.34831696384
6076.1268883968005
5959.931597056
5868.9970826752005
5396.7141275648
5756.2396680704005
5422.0627841536
6537.5721739264
6312.8351219712
5405.683412889601
5689.7522829824
3804.5829173964803
4508.48820512768
4653.37191489536
3583.80953499648
5588.5556453888
6425.913469388799
7492.2828435967995
8118.4215177728
7647.171125248
7545.0431340032
5856.0991104
8182.4458198528
5430.940573849601
6738.3881142784
7057.9659556352
8088.9106623488
6747.561911500799
7196.7377112064005
7650.5808468992
10390.807272704002
7942.1342243328
5423.1953805824005
5279.899241984
4836.84327304192
5809.289552230401
6412.7041711104
