1618.94232515584
1456.83392052224
775.339870239744
527.36740861952
1208.30897937408
1406.59989888
1659.58997332992
1638.02961701888
1647.7319044608
1613.05652137984
1413.76280292352
1184.33465787392
1311.19596726272
1481.05508571136
1177.74187952128
1212.99499522048
989.542433311744
1160.41123989504
775.310582278144
936.049777777664
538.034311404544
487.314097007616
560.691839112192
695.6433859072
1172.75316405248
1287.97813805056
1137.83855459328
1040.52655220736
1404.81393417216
1610.9105614336
1121.3598372864
1080.31821913088
1926.81962886144
2002.27774823424
1981.51732722688
1981.19481690112
2221.80043174912
2373.32994489344
2318.34921290752
2310.9707155968
2238.40237876224
2153.1915414016
2471.22991423488
2439.56394667008
2468.50844444672
2934.1606956544
1881.40947393536
1842.528
2285.09188376576
2560.09852920832
2495.8248641536
2510.80214925312
2704.86946640896
2869.0407125504
3045.9993043456
2994.54701449216
2968.86137704448
2963.36413720576
2974.94828025856
3007.33712852992
3038.86203871232
3379.52071588864
3428.24129729536
3343.88166037504
3182.39695238144
3381.06033466368
2949.55044992
2605.2889478656
2831.9273513472
2891.12556223488
2974.64915723264
2765.98328889344
2683.65636600832
2467.75400310784
2117.675807488
2044.17418469376
2478.45970808832
2234.70219246592
2050.048
1705.60656052224
1395.6107252736
1438.90891201536
1895.44701123584
2311.30324528128
2779.19934020608
2916.76306809856
3212.29496598528
3251.41138874368
3892.33361880064
3859.624262912
2848.170833664
2834.5762818048
2884.03179421696
2455.316389376
2571.80458054656
2785.69391158272
2836.45194520576
2892.09290522624
2775.70660391936
2477.60535622656
1961.85260809216
1756.25379172352
1398.6099102208
956.975041277952
758.341619668992
1619.33078617088
1796.23311371264
1338.96565055488
1355.3133037056
2170.77994504192
1724.08712409088
1260.89587002368
741.646490565632
1398.304133888
1708.68961467392
1502.4128
1727.58658793472
1869.01457824768
1739.02590429184
1951.76201759744
1958.51890046976
1253.29096194048
1301.40788876288
1255.55612903424
1703.97965186048
1273.0368
1369.57911151616
1595.53368553472
1547.82295196672
1565.1132552704
2510.7874082816
2529.96651268096
2655.6326956544
2999.1073202176
3223.12084210688
2441.1314374144
2429.98531887104
2434.38393675776
2206.90657024
2312.44015182848
2271.97072140288
1963.4048
2086.304
2311.20061146112
2221.6494545408
2068.41328990208
2539.10971619328
2128.64080756736
1986.47143783424
2359.58280963072
2315.15475391488
2343.4608436736
2602.524566528
2141.90197701632
1468.03565714432
1700.25151401984
1720.27135391744
1296.14723699712
981.54747169792
1036.32485347328
1783.29461994496
2130.9879108096
2627.78915992576
2407.50062584832
2154.03749254144
2015.25547278336
2490.63037722624
2232.2325853696
2281.55001905152
2574.74420443136
2242.37117730816
2400.93090909184
2629.06394160128
1686.33452534784
956.837728129024
1078.53852054528
1681.6498548224
2074.87024047104
2187.853931264
2278.25281956864
2371.6158507008
2156.71466667008
2103.33879402496
2069.06001752064
1940.38148105216
2840.18892096512
2857.60227218432
1890.7660067328
1914.2085245952
1990.3330788352
2042.00989595648
2501.06913907712
2549.64679397376
3193.25636035584
3212.99692307456
2236.22172332032
4276.84815238144
4311.49778823168
4411.84471578624
4374.23542856704
3806.5932877312
3810.28310204416
3393.38366942208
3397.78549036032
3063.8713810432
3056.18152267776
3118.06221339648
3093.20747490304
3088.1574127616
2589.4722119168
2347.51526802432
1975.22950649856
2688.36309163008
2707.16181215232
2883.23354010624
2916.76306809856
3026.97025641472
3117.6772442112
3532.61558293504
3308.24936820736
2970.23529795584
2980.38781892608
3019.9794208768
3580.00970322944
3961.96921867264
4058.9098404864
4183.05034343424
4153.36675555328
4396.305490688
4417.97485714432
3929.18525139968
3888.15075555328
3135.64149036032
2874.753024
5054.76537792512
5079.10579919872
4815.54233618432
4237.43247058944
4255.0533953536
4586.6479483904
4616.28539413504
4538.48776607744
4550.03699035136
4562.38481910784
3678.9564049408
3701.33250485248
3677.0217267712
3689.10207330304
2940.46911203328
2808.23142616064
4012.1115339776
4013.3084542976
5297.71230188544
5307.57818181632
5256.660515072
2144.2653232128
1622.60554243072
1551.61991437312
1969.17475555328
1988.99809523712
1760.67664730112
1612.45621543936
2493.0429387776
2817.64872604672
3068.93966286848
2076.70347311104
8094.7116257792
7284.1696026112
3876.69935119872
2636.8370430976
6041.5448968704
7032.9994944
8297.9498666496
8190.148085094399
8238.659522304
8065.2826068992
7068.8140146176
5921.6732893696
6555.9798363136
7405.275428556801
5888.7093976064
6064.9749761023995
4947.71216655872
5802.0561994752
3876.55291139072
4680.24888888832
2690.17155702272
2436.57048503808
2803.4591955609603
3478.216929536
5863.765820262401
6439.8906902528
5689.192772966399
5202.632761036801
7024.0696708608
8054.552807168
5606.799186432
5401.591095654399
9634.0981443072
10011.3887411712
9907.5866361344
9905.9740845056
11109.0021587456
11866.6497244672
11591.7460645376
11554.853577983999
11192.0118938112
10765.957707008
12356.149571174401
12197.8197333504
12342.542222233602
14670.803478272
9407.0473696768
9212.64
11425.4594188288
12800.4926460416
12479.124320768002
12554.010746265601
13524.3473320448
14345.203562751998
15229.996521728
14972.7350724608
14844.306885222399
14816.820686028801
14874.741401292798
15036.6856426496
15194.3101935616
16897.6035794432
17141.2064864768
16719.4083018752
15911.984761907199
16905.301673318398
14747.7522496
13026.444739328
14159.636756736
14455.6278111744
14873.2457861632
13829.9164444672
13418.2818300416
12338.770015539201
10588.37903744
10220.8709234688
12392.2985404416
11173.5109623296
10250.239999999998
8528.0328026112
6978.053626368001
7194.544560076801
9477.2350561792
11556.5162264064
13895.996701030399
14583.8153404928
16061.474829926401
16257.0569437184
19461.668094003202
19298.12131456
14240.85416832
14172.881409024001
14420.1589710848
12276.58194688
12859.022902732799
13928.469557913599
14182.259726028798
14460.4645261312
13878.5330195968
12388.026781132801
9809.263040460799
8781.2689586176
6993.049551104
4784.87520638976
3791.7080983449605
8096.6539308544
8981.1655685632
6694.8282527744
6776.5665185279995
10853.899725209601
8620.4356204544
6304.479350118399
3708.23245282816
6991.52066944
8543.4480733696
7512.064
8637.9329396736
9345.0728912384
8695.129521459201
9758.8100879872
9792.5945023488
6266.4548097024
6507.0394438144
6277.7806451712
8519.898259302401
6365.184
6847.8955575808
7977.6684276736
7739.1147598336
7825.566276352
12553.937041408
12649.8325634048
13278.163478272
14995.536601087999
16115.6042105344
12205.657187072
12149.9265943552
12171.9196837888
11034.5328512
11562.200759142399
11359.8536070144
9817.024
10431.52
11556.0030573056
11108.247272704
10342.066449510401
12695.548580966399
10643.2040378368
9932.3571891712
11797.9140481536
11575.7737695744
11717.304218367999
13012.62283264
10709.5098850816
7340.1782857216
8501.2575700992
8601.356769587199
6480.7361849856
4907.7373584895995
5181.6242673664
8916.4730997248
10654.939554048
13138.9457996288
12037.503129241599
10770.1874627072
10076.277363916799
12453.1518861312
11161.162926848001
11407.7500952576
12873.721022156798
11211.8558865408
12004.6545454592
13145.3197080064
8431.6726267392
4784.188640645119
5392.692602726401
8408.249274112
10374.3512023552
10939.26965632
11391.2640978432
11858.079253504
10783.5733333504
10516.6939701248
10345.3000876032
9701.907405260801
14200.9446048256
14288.0113609216
9453.830033664
9571.042622976
9951.665394176
10210.0494797824
12505.3456953856
12748.2339698688
15966.281801779201
16064.9846153728
11181.1086166016
21384.2407619072
21557.4889411584
22059.2235789312
21871.1771428352
19032.966438656
19051.4155102208
16966.9183471104
16988.927451801603
15319.356905216
15280.9076133888
15590.311066982398
15466.0373745152
15440.787063808
12947.361059584
11737.576340121599
9876.1475324928
13441.815458150399
13535.809060761601
14416.167700531201
14583.8153404928
15134.8512820736
15588.386221056
17663.0779146752
16541.246841036802
14851.1764897792
14901.9390946304
15099.897104384
17900.048516147202
19809.8460933632
20294.549202431997
20915.2517171712
20766.833777766402
21981.527453439998
22089.8742857216
19645.9262569984
19440.7537777664
15678.2074518016
14373.76512
25273.8268896256
25395.528995993598
24077.711680921602
21187.162352947198
21275.266976767998
22933.239741952002
23081.426970675202
22692.4388303872
22750.1849517568
22811.924095539198
18394.782024704
18506.6625242624
18385.108633856
18445.5103665152
14702.345560166399
14041.1571308032
20060.557669888
20066.542271488
26488.5615094272
26537.890909081598
26283.302575359998
10721.326616064
8113.0277121536
7758.0995718656
9845.8737777664
9944.9904761856
8803.3832365056
8062.2810771968
12465.214693888
14088.243630233601
15344.6983143424
10383.517365555199
