1090.11160528896
549.152009783296
546.98106268672
1514.45437398016
645.550796358656
318.444178420736
400.795431842816
866.24351054848
443.726460850176
467.538814640128
488.48803026432
1207.08844572672
1159.39325036544
1361.57034146816
1649.83250632704
1567.90834568192
1262.17985061888
1236.992
1323.12228982784
1253.87133023232
1532.5365273088
1437.46532724736
1448.95632974848
1649.07497345024
1664.1699757056
1452.51027545088
1391.42024976384
959.2875807488
808.108986407936
1529.90651992064
1788.11433513984
1276.84064953344
1052.96621971456
982.380546842624
1119.48684163072
1709.17171324928
1627.59799069696
1821.32409950208
2074.13638094848
2099.13173332992
1973.00677691392
2061.28702439424
2251.136
1886.26078350336
1781.78053133312
1904.83819355136
1937.78129338368
2278.68197101568
2546.2452419072
2595.7793449472
2364.2620030976
2246.72779966464
2109.63621557248
1915.27852973056
2022.95090577408
1609.53257253888
2034.83757303808
1991.33866667008
1946.112
1728.54152072192
848.181781512192
808.69687366144
1088.79766523904
1625.92411009024
1637.99843137536
2011.009819904
1561.97932521472
1340.77065365504
1411.19612121088
1621.25693381632
1230.08898829312
1189.19663693824
720.771370391552
688.1031326976
775.720619000832
454.9277839104
284.615871347712
361.118204191744
276.41096629248
499.693679233024
266.863996638208
496.3860052224
285.681259949056
673.997645116416
1307.0658715136
1711.41303049216
1823.19444015104
1765.322340608
1515.00383739904
2024.87676847104
1839.96876864512
1618.40053630976
1281.33412571136
669.901212071936
428.520189210624
473.7574679552
822.758908609536
1239.81097181184
1309.53780573184
1281.89944041472
1302.45214815232
1146.38351515648
999.55261160448
1060.79447379968
1166.1842962944
1349.73035645952
1612.83908397056
1819.09979797504
1759.30092307456
2066.65823255552
1941.3693369856
1608.45887668224
1555.01264176128
1836.2345494528
2278.25281956864
1620.56215940096
1725.37173332992
1572.80914285568
2016.08266287104
2164.3930016256
2166.43506159616
1795.29659480064
1868.74377370624
1853.44
1778.2030472704
1835.1569454592
1754.52469221376
1943.98357088256
1885.38008510464
1861.56924790784
1426.66667281408
1894.80614345728
2106.19144827904
2059.58352825344
1952.5572637696
2063.115446016
1986.21140425728
1297.99607164928
491.867893366784
397.495985947648
423.819483588608
1131.03426823168
1161.9154981888
490.846798782464
569.570726875136
1673.26187087872
1839.08914147328
2073.05418126336
2483.08929729536
2537.24551529472
2196.42886909952
1710.8962318848
1765.322340608
1982.39863829504
2183.53245152256
1999.19683516416
953.567136273408
860.781082533888
891.646765934592
1072.15523403776
1277.22452509696
2330.89296811008
1788.53113875456
1760.70941293568
1778.07612320768
1900.87610810368
1954.93613408256
1819.06158509056
1646.47939518464
2107.914711296
2408.9473219072
2485.66964706304
2586.58355475456
2372.3474359808
2389.68212436992
2460.416
2021.04533332992
2282.35726451712
2378.60987899904
2446.5966239744
2562.93948235776
2478.43453407232
2060.288
1847.85673012224
1721.99443208192
956.591407407104
1231.97648979968
1405.6508235264
1286.68561983488
1671.3249895424
1830.40265284608
1956.79502590976
1174.49007407104
1150.81641558016
1446.54406926336
1099.99500194816
929.749598344192
1113.91280242688
1545.16220461056
1493.64136585216
994.154946925568
700.13952
784.08546912768
1342.44147546112
1425.76192978944
1270.06887868416
963.63425766912
882.799709090816
723.907223940096
1268.48436009984
1550.67858363392
1726.3640408576
1898.11290013696
1304.3379449856
1578.813095168
1326.44970822656
1726.53513711616
1652.28398910464
1546.43545228288
944.399733486592
738.7894903552
629.221754995712
882.808944881664
872.02960293376
950.218899233792
1013.949891187712
1282.111405568
1237.75830463488
1202.7275853824
1027.80186587136
980.242731707392
1139.84875570176
5450.5580264448
2745.7600489164797
2734.9053134336
7572.2718699008
3227.75398179328
1592.2208921036802
2003.97715921408
4331.2175527424
2218.63230425088
2337.69407320064
2442.4401513216
6035.4422286336
5796.9662518272
6807.8517073408
8249.1625316352
7839.5417284096
6310.8992530944
6184.96
6615.6114491392
6269.356651161599
7662.682636544
7187.3266362367995
7244.7816487424
8245.3748672512
8320.849878528
7262.5513772544
6957.1012488192
4796.437903744
4040.5449320396797
7649.5325996032
8940.5716756992
6384.2032476672
5264.8310985728
4911.902734213119
5597.4342081536
8545.8585662464
8137.989953484801
9106.6204975104
10370.6819047424
10495.658666649599
9865.0338845696
10306.435121971199
11255.68
9431.3039175168
8908.9026566656
9524.1909677568
9688.906466918399
11393.4098550784
12731.226209536
12978.896724736001
11821.310015488
11233.6389983232
10548.1810778624
9576.3926486528
10114.7545288704
8047.6628626944
10174.1878651904
9956.6933333504
9730.560000000001
8642.7076036096
4240.90890756096
4043.4843683072
5443.9883261952
8129.6205504512
8189.9921568768
10055.04909952
7809.8966260736
6703.853268275199
7055.9806060544
8106.2846690816
6150.444941465601
5945.9831846912
3603.85685195776
3440.515663488
3878.60309500416
2274.638919552
1423.0793567385601
1805.59102095872
1382.0548314624
2498.46839616512
1334.31998319104
2481.930026112
1428.4062997452802
3369.9882255820803
6535.329357568
8557.0651524608
9115.9722007552
8826.61170304
7575.0191869952005
10124.383842355199
9199.8438432256
8092.0026815488
6406.6706285568
3349.5060603596803
2142.60094605312
2368.787339776
4113.79454304768
6199.054859059201
6547.689028659201
6409.4972020735995
6512.2607407616
5731.9175757824
4997.7630580224
5303.9723689984
5830.921481472
6748.6517822976
8064.1954198528
9095.4989898752
8796.5046153728
10333.291162777601
9706.846684928001
8042.2943834112
7775.0632088064
9181.172747264
11391.2640978432
8102.8107970047995
8626.858666649601
7864.0457142784
10080.413314355199
10821.965008128
10832.175307980799
8976.4829740032
9343.7188685312
9267.2
8891.015236352
9175.784727295999
8772.6234610688
9719.917854412799
9426.900425523201
9307.8462395392
7133.3333640703995
9474.030717286401
10530.9572413952
10297.917641267199
9762.786318848
10315.57723008
9931.0570212864
6489.980358246401
2459.33946683392
1987.4799297382401
2119.09741794304
5655.1713411584005
5809.577490944001
2454.2339939123203
2847.8536343756796
8366.3093543936
9195.4457073664
10365.2709063168
12415.446486476802
12686.2275764736
10982.1443454976
8554.481159424
8826.61170304
9911.9931914752
10917.662257612801
9995.984175820799
4767.83568136704
4303.90541266944
4458.23382967296
5360.7761701888
6386.1226254848
11654.4648405504
8942.6556937728
8803.5470646784
8890.3806160384
9504.3805405184
9774.680670412801
9095.3079254528
8232.3969759232
10539.57355648
12044.736609536001
12428.3482353152
12932.917773772799
11861.737179904001
11948.4106218496
12302.080000000002
10105.2266666496
11411.786322585598
11893.0493949952
12232.983119871998
12814.6974117888
12392.172670361599
10301.44
9239.2836506112
8609.9721604096
4782.95703703552
6159.8824489984
7028.254117632
6433.4280991744
8356.624947712
9152.0132642304
9783.9751295488
5872.4503703552
5754.082077900801
7232.7203463168
5499.9750097408005
4648.74799172096
5569.5640121344
7725.8110230528
7468.2068292608
4970.77473462784
3500.6975999999995
3920.4273456384
6712.2073773056
7128.8096489472
6350.3443934208
4818.1712883456
4413.99854545408
3619.5361197004795
6342.4218004992
7753.3929181696
8631.820204288
9490.564500684799
6521.689724928
7894.06547584
6632.2485411328
8632.6756855808
8261.419945523201
7732.1772614144
4721.99866743296
3693.947451776
3146.10877497856
4414.044724408321
4360.1480146688
4751.09449616896
5069.74945593856
6410.55702784
6188.7915231744
6013.637926912001
5139.0093293568
4901.21365853696
5699.2437785088
