1080.11931208704
898.138112
1156.07984858112
1030.4247031296
877.125333332992
1209.63993862144
1244.69248
1062.81127868416
340.580773556224
352.083019337728
404.037557235712
596.949677910016
693.628342856704
606.279859649536
640.213350798336
766.911690821632
768.144808080384
609.281386907648
757.335839258624
1031.89410909184
1112.47695967232
662.747171930112
789.054292777984
1122.5630843392
1134.7135514112
989.40536777728
755.59127803904
788.166861159424
831.520735264768
766.771979077632
860.341097529344
876.139599435776
735.832692913152
1118.17564612608
725.228703517696
749.81253731328
665.589287684096
486.654893984768
424.129982885888
460.504219378688
565.101583556608
645.135633588224
948.470730743808
792.066216450048
379.466470243328
583.209718518784
831.812870310912
867.6036198656
654.001346379776
723.64125497856
1016.632661332992
974.503947864064
986.17004338688
833.21934861824
1180.05469503488
1274.47182112768
587.511902675968
629.19608291328
801.14387650048
502.799027253248
778.980621830144
1117.3415384576
1161.05197253632
1143.39179355136
1223.99882783744
1184.43285972992
1292.2850532352
1450.43791029248
1552.31573332992
1268.6106515968
1369.93255901184
865.70574343168
946.808817831936
1229.0982370304
1104.61750627328
1222.95503709184
1152.82483670016
1169.54851971072
956.14886956544
1141.63592409088
1242.66708414464
1071.07515493376
889.623119314944
870.33088454656
1062.39344236544
1031.40291001344
1193.95034133504
1218.87080201216
1184.08560444416
1258.9586033664
1250.35678350336
1415.90271750144
1573.5682245632
1127.8485853696
1062.26710935552
1136.77371821056
1362.24336841728
992.836674634752
932.549649539072
702.574500609024
669.513717277696
639.440051165184
415.063655328768
465.622452867072
589.229960233984
808.113318849536
989.610866510848
1247.3827186176
1392.71015032832
1488.85954345984
1634.60163321856
1461.54690771968
1280.59864614912
1267.08886445056
1862.47168
1378.79655696384
1787.23765206016
1285.80017518592
1303.8694682624
1294.84600777728
1316.07480254464
1284.40102127616
1149.55476765696
995.878208955392
1219.75911506944
1018.7965739008
1082.1244699136
930.971948623872
1083.94940673024
1412.90350951424
1385.54472489984
839.773830762496
895.302879478784
876.831062761472
718.158055437312
804.369414966272
1447.31683721216
1327.36882758656
1085.33914090496
1240.42404384768
1098.14601842688
1207.08844572672
942.518512941056
1208.52121897984
1161.12933629952
669.48115972608
694.170114103296
846.648853199872
756.167111110656
747.80120943104
355.905049638912
317.343655913472
488.628705882112
927.668808961024
1069.74621730816
936.56067953664
749.33703052288
1338.70729551872
1235.86081069056
1044.3791917056
876.294442384384
913.504376470528
975.350314416128
942.48360053248
972.4009792256
949.796299797504
1059.6020227072
1215.22371451904
1435.94057143296
1316.52861324288
1176.46264558592
1162.48649243648
1477.66875897856
1365.42758208512
798.798238201856
972.683332875264
1394.57575561216
1267.97625806848
1664.7306998784
1416.3282737664
1945.088
1555.82653410304
1623.54492166144
1082.73958135808
1740.00221699072
2028.20853006336
918.709164235776
1019.160624319488
905.168372092928
5400.5965604352
4490.69056
5780.3992429056
5152.123515648
4385.62666666496
6048.1996931072
6223.462399999999
5314.0563934208
1702.90386778112
1760.41509668864
2020.18778617856
2984.74838955008
3468.14171428352
3031.39929824768
3201.0667539916803
3834.55845410816
3840.72404040192
3046.40693453824
3786.67919629312
5159.4705454591995
5562.3847983616
3313.73585965056
3945.2714638899197
5612.815421696
5673.567757055999
4947.026838886401
3777.9563901952
3940.83430579712
4157.60367632384
3833.8598953881597
4301.70548764672
4380.69799717888
3679.1634645657596
5590.8782306304
3626.14351758848
3749.0626865664
3327.9464384204803
2433.27446992384
2120.6499144294403
2302.52109689344
2825.5079177830403
3225.6781679411197
4742.353653719039
3960.3310822502403
1897.3323512166398
2916.04859259392
4159.06435155456
4338.018099328
3270.00673189888
3618.2062748928
5083.16330666496
4872.51973932032
4930.8502169344
4166.096743091201
5900.2734751744
6372.359105638399
2937.55951337984
3145.9804145663998
4005.7193825024
2513.99513626624
3894.9031091507195
5586.7076922880005
5805.2598626816
5716.9589677568
6119.994139187201
5922.1642986496
6461.425266176
7252.189551462399
7761.578666649601
6343.053257984
6849.662795059201
4328.5287171584005
4734.04408915968
6145.491185152
5523.0875313664
6114.775185459201
5764.1241835007995
5847.7425985536
4780.7443478272
5708.179620454401
6213.3354207232005
5355.3757746688
4448.11559657472
4351.6544227328
5311.9672118272
5157.014550067201
5969.751706675201
6094.354010060801
5920.4280222208
6294.793016832
6251.7839175168
7079.5135875072
7867.841122815999
5639.242926848
5311.3355467776
5683.8685910528
6811.2168420864
4964.18337317376
4662.74824769536
3512.8725030451196
3347.5685863884796
3197.2002558259196
2075.31827664384
2328.11226433536
2946.14980116992
4040.56659424768
4948.05433255424
6236.913593088
6963.5507516416
7444.2977172992005
8173.0081660928
7307.734538598399
6402.9932307456
6335.444322252801
9312.358400000001
6893.9827848192
8936.1882603008
6429.0008759296
6519.347341312
6474.2300388864
6580.3740127232
6422.0051063808005
5747.7738382848
4979.3910447769595
6098.7955753472
5093.982869504
5410.622349568001
4654.85974311936
5419.747033651201
7064.5175475712
6927.7236244992
4198.86915381248
4476.51439739392
4384.1553138073605
3590.79027718656
4021.84707483136
7236.5841860608
6636.8441379328
5426.6957045248
6202.1202192384
5490.7300921343995
6035.4422286336
4712.59256470528
6042.6060948992
5805.6466814976
3347.4057986304
3470.85057051648
4233.244265999359
3780.8355555532803
3739.0060471551997
1779.52524819456
1586.71827956736
2443.14352941056
4638.34404480512
5348.731086540801
4682.8033976832
3746.6851526144
6693.5364775936
6179.304053452799
5221.895958528001
4381.47221192192
4567.52188235264
4876.75157208064
4712.4180026624
4862.004896128
4748.98149898752
5298.010113536
6076.1185725952
7179.702857164801
6582.6430662144
5882.3132279296
5812.4324621824
7388.343794892799
6827.1379104256
3993.9911910092796
4863.41666437632
6972.8787780608
6339.8812903424005
8323.653499392
7081.641368831999
9725.44
7779.1326705152005
8117.7246083072
5413.697906790399
8700.0110849536
10141.0426503168
4593.54582117888
5095.80312159744
4525.84186046464
