1339.40641082368
1167.17103574016
1245.10978029568
1500.89614323712
1517.18976576512
2428.59674454016
2478.36998230016
2298.13110448128
2179.62338461696
2131.9266541056
2723.17053075456
2882.06209174528
3185.45024254976
2085.39365517312
2266.7264
2785.1003508736
2256.56783382528
1925.19011697664
1709.28937674752
1794.22519800832
2382.94845094912
1775.21563910144
1739.99490386944
1856.4928717312
1995.38827184128
1495.80194861056
2545.63880492032
2785.50896893952
2920.53423158272
2432.1590829568
2367.09232200704
2344.08670188544
1557.51253332992
3064.09170563072
2766.52738658304
2225.7093670912
1642.8806009344
964.653870882816
975.153671642112
1616.44368770048
2020.2832971264
2347.57688889344
2131.2530177536
1964.74948724736
2060.66791883776
2512.76527660032
2186.144811264
1993.04437183488
1986.29829420032
2281.74172128256
2014.463661824
2235.53148172288
2530.04845960192
2297.0925640192
2302.94411072512
2368.18044699648
2692.94489219072
2131.14802277376
1914.2085245952
1884.75548919808
2053.8820465152
2151.91703703552
2235.15291629568
2201.56183851008
1674.94576441344
1873.39104635904
1762.78334053376
858.9312
1584.59451039744
772.071353581568
1468.848496896
1632.97847230464
1420.75925259264
1115.08490793984
924.166571761664
1241.57374358528
1549.41932429312
1034.39733505024
2029.9776
1192.1045853696
2224.17821366272
2160.40727272448
2095.58737888256
1846.71967839232
1821.50227026944
1828.71212583936
1805.7642829824
1906.881207552
1631.03257767936
1662.487296256
1594.10218619904
948.571368696832
982.402944140288
817.233437408256
1579.3550166528
819.321738699776
1230.06529900544
1060.43406524416
2676.01203780608
2596.4709805056
2552.90076225536
2340.69276254208
2810.64218042368
3051.75480254464
1208.1333716992
1985.39614442496
1467.23555555328
1984.47250689024
3075.08060504064
2618.528294656
2081.05670484992
1447.91307462656
1704.89337831424
1364.05995102208
2512.6093490688
1975.32252850176
2356.90009106432
2562.24907636736
2253.26885850112
1442.14701625344
1527.71714603008
902.11977085952
614.395518599168
949.322926829568
1877.3787553792
1482.76059600896
1007.76901934592
1297.64632224768
1270.43532616704
930.784623954944
1437.16535817216
1430.15622930432
1327.81634782208
1571.22867103744
2162.54335794176
2563.51878590464
2648.28187234304
2768.08600449024
2943.90690909184
2353.67236849664
2747.31211347968
3230.28039074816
1560.15722687488
1064.10116128768
2105.03528398848
3248.09657288704
3085.04405679104
2953.08155798528
1565.48334824448
2380.41797792768
2763.24922241024
3718.1681889792
3663.97718428672
3557.9087732736
3520.77074089984
3345.78228965376
3329.81259769856
3040.45385762816
3037.78195620864
3131.10965436416
2973.49350112256
2020.10723902464
2012.39842799616
1789.64648293376
862.473179282432
1289.32018331648
971.363131158528
570.672087294976
831.815111110656
865.621333332992
735.716895869952
1417.99946308608
1727.49045563392
1672.84384914432
1229.98344636416
1141.98196293632
1152.31092501504
934.65092734464
1085.04768831488
947.822737913856
1540.3525171712
1496.98548610048
1627.29444803584
1657.66796725248
1896.15626211328
2209.879614976
1567.97007792128
1878.1187424768
1914.2085245952
2395.35716354048
2160.65878898688
2496.93514049536
2834.52353072128
2769.152
2893.08813852672
2428.17208584192
2512.27443915776
2688.09764302848
3104.63146667008
2056.89238473728
2236.26106855424
2772.82978217984
2582.38631446528
2731.0943614464
3105.92451764224
2354.83895440384
2322.69699076096
2801.19138461696
2807.41582979072
2729.56582199296
2373.84254205952
2243.25474926592
2190.84135064576
2155.4088914944
2860.29003713536
2885.73367375872
3158.57765885952
3141.9078963712
2807.46473823232
2854.51377777664
2988.53243532288
2856.93980275712
2856.47735031808
2213.70280851456
2692.02249081856
3188.4448385536
2465.01180952576
2384.70818500608
2411.60198977536
2096.66603389952
1789.62890585088
2082.93790476288
2342.9513216
2207.95163133952
1838.6555328512
2139.9278240256
2256.6827236352
2244.123115264
2323.39423492096
2300.74573462528
2267.5193856
2137.96531129344
505.379108571136
1846.37949171712
1757.04875471872
1955.06281025536
2042.16988164096
1968.20808938496
1411.65947410432
907.982057298944
877.383201698816
686.96270839296
1035.12903962624
1487.47414012928
1397.43706336256
1213.9783917568
1427.83153119232
1714.1206486528
1687.8640761856
1841.05608815616
1737.24901535744
1933.55890634752
1866.60770118656
1791.1335384576
1637.01641798656
1029.3127660544
6697.0320541184
5835.8551787008
6225.5489014784
7504.4807161856
7585.9488288256
12142.983722700801
12391.849911500798
11490.6555224064
10898.116923084799
10659.633270528
13615.8526537728
14410.3104587264
15927.251212748799
10426.9682758656
11333.632
13925.501754367999
11282.8391691264
9625.9505848832
8546.4468837376
8971.125990041599
11914.742254745599
8876.0781955072
8699.974519347199
9282.464358656
9976.9413592064
7479.0097430528
12728.1940246016
13927.5448446976
14602.6711579136
12160.795414784
11835.4616100352
11720.433509427201
7787.5626666496
15320.458528153598
13832.6369329152
11128.546835456
8214.403004672
4823.26935441408
4875.76835821056
8082.2184385024
10101.416485632
11737.8844444672
10656.265088768
9823.747436236801
10303.339594188801
12563.826383001599
10930.72405632
9965.2218591744
9931.4914710016
11408.7086064128
10072.318309119999
11177.6574086144
12650.2422980096
11485.462820096
11514.7205536256
11840.9022349824
13464.724460953601
10655.7401138688
9571.042622976
9423.777445990401
10269.410232576
10759.5851851776
11175.7645814784
11007.809192550401
8374.7288220672
9366.9552317952
8813.916702668801
4294.656
7922.9725519872
3860.35676790784
7344.24248448
8164.8923615232
7103.7962629632
5575.424539699199
4620.83285880832
6207.8687179264
7747.0966214656
5171.9866752512
10149.887999999999
5960.522926848
11120.891068313598
10802.036363622401
10477.9368944128
9233.598391961601
9107.5113513472
9143.5606291968
9028.821414912
9534.40603776
8155.1628883968
8312.43648128
7970.5109309952
4742.85684348416
4912.01472070144
4086.16718704128
7896.775083264
4096.60869349888
6150.3264950272005
5302.170326220799
13380.0601890304
12982.354902528
12764.5038112768
11703.463812710399
14053.2109021184
15258.7740127232
6040.666858496001
9926.980722124801
7336.177777766399
9922.3625344512
15375.403025203199
13092.64147328
10405.2835242496
7239.5653731328
8524.466891571199
6820.2997551104
12563.046745344
9876.6126425088
11784.500455321599
12811.2453818368
11266.3442925056
7210.735081267199
7638.585730150399
4510.5988542976
3071.97759299584
4746.61463414784
9386.893776895999
7413.8029800448
5038.8450967296
6488.2316112384
6352.176630835201
4653.923119774719
7185.8267908608
7150.7811465216
6639.081739110399
7856.1433551872005
10812.7167897088
12817.5939295232
13241.4093617152
13840.4300224512
14719.5345454592
11768.3618424832
13736.560567398401
16151.401953740798
7800.786134374401
5320.5058064384
10525.1764199424
16240.4828644352
15425.220283955201
14765.407789926401
7827.416741222401
11902.0898896384
13816.246112051198
18590.840944896
18319.8859214336
17789.543866368
17603.8537044992
16728.911448268802
16649.0629884928
15202.2692881408
15188.909781043201
15655.5482718208
14867.4675056128
10100.5361951232
10061.9921399808
8948.232414668799
4312.3658964121605
6446.600916582401
4856.8156557926395
2853.36043647488
4159.07555555328
4328.10666666496
3678.5844793497604
7089.9973154304
8637.4522781696
8364.2192457216
6149.9172318208
5709.9098146816
5761.5546250752
4673.2546367232
5425.2384415744
4739.11368956928
7701.7625858559995
7484.927430502401
8136.4722401792005
8288.3398362624
9480.7813105664
11049.39807488
7839.8503896064
9390.593712384
9571.042622976
11976.7858177024
10803.293944934401
12484.6757024768
14172.617653606401
13845.76
14465.4406926336
12140.860429209599
12561.3721957888
13440.488215142399
15523.1573333504
10284.461923686398
11181.3053427712
13864.148910899201
12911.9315723264
13655.471807232
15529.622588211201
11774.1947720192
11613.4849538048
14005.9569230848
14037.0791489536
13647.829109964801
11869.2127102976
11216.2737463296
10954.2067532288
10777.044457472
14301.4501856768
14428.668368793602
15792.8882942976
15709.539481856
14037.3236911616
14272.5688888832
14942.662176614398
14284.699013785601
14282.3867515904
11068.514042572799
13460.1124540928
15942.224192768
12325.0590476288
11923.5409250304
12058.0099488768
10483.3301694976
8948.144529254401
10414.689523814399
11714.756608
11039.7581566976
9193.277664256
10699.639120127998
11283.413618176
11220.615576319999
11616.971174604801
11503.7286731264
11337.596928
10689.8265564672
2526.89554285568
9231.8974585856
8785.2437735936
9775.3140512768
10210.8494082048
9841.0404469248
7058.2973705216
4539.91028649472
4386.91600849408
3434.8135419648
5175.6451981312
7437.370700646399
6987.1853168128
6069.891958784
7139.1576559616
8570.603243263999
8439.320380928
9205.2804407808
8686.2450767872
9667.7945317376
9333.0385059328
8955.667692288
8185.082089932801
5146.563830272
