547.812206160896
782.51383345152
948.247167420416
392.33095864832
881.582881640448
1060.8174545408
1061.8950620672
971.092915545088
1005.727939047424
828.158221272064
895.637257306112
1019.263022901248
858.836676923392
911.977385422848
905.852895862784
958.970189155328
1123.69548043264
810.804668505088
823.15217099264
692.87092039168
744.219637510144
1019.997012615168
1214.9664026112
938.47028310528
999.59841758208
773.75452991488
518.758755349504
577.821767441408
613.592645357568
787.621790476288
730.373869488128
567.22762974208
711.719642031104
897.794786935808
354.766284993536
1228.91507638272
808.583421314048
644.274545943552
731.546393029632
575.123849022464
476.530972652544
621.538843831296
1210.70171049984
1381.78898348032
1418.61823423488
1082.4008479744
1225.161475328
1159.39180572672
1214.32546373632
1266.56893023232
1306.59218640896
1168.52155224064
1259.82765510656
1448.42404353024
1122.95513043968
943.232
1407.41229072384
1446.02749225984
1222.08986497024
1348.3500457984
1101.05376093184
1342.27437036544
1307.93895202816
921.797737930752
1216.69698064384
1037.1109838336
1087.4697685504
1170.74091620352
868.642496453632
881.172270144512
1040.1329916416
892.607443478528
438.575407407104
898.99063791104
975.131549402112
994.129012658176
1085.55655284736
1325.51048767488
1506.78344508416
1172.67383194624
1342.38898499584
1182.78551446528
997.955780040704
766.403229565952
894.751947224064
960.747426246656
977.257411764224
887.359390476288
760.499507863552
835.96513268224
863.725986881536
885.42338400768
1115.75369437184
1023.173522842624
960.932903412736
801.526420644864
883.695054373888
930.71030111744
1020.5339681792
1082.87014626304
849.353320388608
732.905193193472
775.702381003776
769.53912830976
500.078032423936
562.10687063552
405.15383577088
574.240238524416
870.704754440192
966.05290797568
818.219723773952
770.730666667008
777.649070390272
923.158205700096
763.237733733376
753.521809630208
877.482560398336
1051.4140296704
682.966493586432
628.035696048128
744.88655629824
694.567104514048
631.171459459072
697.956016006144
959.966608695296
1346.38659536896
1281.26189898752
1261.39308184576
1318.15258382336
855.059087153152
520.207420793856
856.922787217408
1047.15864584192
1101.60630580224
1018.78129456128
950.95350764032
1222.02209523712
1310.29382659072
1510.03003241472
1290.16155870208
1307.57447658496
1422.98532149248
1516.64993103872
1367.16889510912
1006.343708399616
1429.44240601088
1284.07066793984
1136.88233874432
1315.0357853696
1387.5138891776
1255.87063829504
1167.2535591936
1377.785375232
1361.09266225152
1519.22264718336
1702.07811985408
1738.24396899328
1614.65035111424
1400.97434578944
1333.87561290752
1388.11838212096
1293.43601384448
1228.82844444672
1452.89106039808
1504.43670588416
1392.77041989632
1280.02148251648
1167.64948171776
1413.8211861504
1547.97716524032
1125.33645805568
1281.78562277376
1242.5622818304
892.568025109504
1163.54648275968
1130.49003350016
1487.9721388032
1237.7581037056
1495.96118875136
829.678450489344
816.124895087616
846.897230769152
1224.98367502336
1431.29214623744
703.999127768064
401.887476283392
666.932902612992
331.959402985472
2739.06103080448
3912.5691672576
4741.23583710208
1961.6547932416001
4407.91440820224
5304.0872727040005
5309.475310336
4855.46457772544
5028.63969523712
4140.79110636032
4478.18628653056
5096.31511450624
4294.18338461696
4559.88692711424
4529.26447931392
4794.8509457766395
5618.477402163199
4054.02334252544
4115.7608549632
3464.3546019584
3721.09818755072
5099.98506307584
6074.8320130560005
4692.3514155264
4997.992087910399
3868.7726495744
2593.79377674752
2889.1088372070403
3067.96322678784
3938.10895238144
3651.86934744064
2836.1381487104
3558.5982101555196
4488.97393467904
1773.8314249676798
6144.5753819136
4042.91710657024
3221.3727297177597
3657.73196514816
2875.61924511232
2382.65486326272
3107.6942191564804
6053.508552499199
6908.9449174016
7093.0911711744
5412.004239872
6125.80737664
5796.9590286336
6071.6273186816
6332.8446511616
6532.9609320448
5842.6077612031995
6299.1382755328
7242.1202176512
5614.7756521984
4716.16
7037.0614536192
7230.1374612992
6110.449324851199
6741.750228992
5505.2688046592
6711.3718518272
6539.6947601408
4608.98868965376
6083.4849032192005
5185.554919167999
5437.348842752
5853.7045810176005
4343.21248226816
4405.86135072256
5200.664958208
4463.03721739264
2192.87703703552
4494.9531895552
4875.65774701056
4970.64506329088
5427.7827642368
6627.5524383744005
7533.9172254208
5863.3691597312
6711.9449249792
5913.9275723264
4989.77890020352
3832.0161478297596
4473.75973612032
4803.73713123328
4886.28705882112
4436.79695238144
3802.49753931776
4179.8256634112
4318.62993440768
4427.1169200384
5578.768471859201
5115.86761421312
4804.66451706368
4007.6321032243195
4418.47527186944
4653.5515055872
5102.669840896
5414.3507313151995
4246.76660194304
3664.5259659673598
3878.5119050188805
3847.6956415488003
2500.39016211968
2810.5343531775998
2025.7691788544
2871.20119262208
4353.52377220096
4830.2645398784
4091.09861886976
3853.65333333504
3888.2453519513597
4615.79102850048
3816.18866866688
3767.60904815104
4387.41280199168
5257.070148352
3414.83246793216
3140.17848024064
3724.4327814912
3472.83552257024
3155.8572972953602
3489.7800800307195
4799.83304347648
6731.9329768448
6406.3094949376
6306.9654092288
6590.7629191168
4275.29543576576
2601.03710396928
4284.61393608704
5235.793229209599
5508.0315290112
5093.9064728064
4754.7675382016005
6110.1104761856
6551.4691329536
7550.1501620736
6450.807793510399
6537.872382924799
7114.926607462399
7583.2496551936
6835.8444755456
5031.718541998081
7147.212030054399
6420.3533396992
5684.4116937215995
6575.178926848001
6937.569445888001
6279.3531914752
5836.267795968
6888.92687616
6805.4633112576
7596.1132359168005
8510.390599270399
8691.219844966401
8073.2517555712
7004.8717289472
6669.3780645376
6940.5919106047995
6467.1800692224
6144.1422222336
7264.455301990401
7522.1835294207995
6963.8520994816
6400.107412582401
5838.2474085888
7069.105930752001
7739.885826201599
5626.6822902784
6408.9281138688
6212.811409152
4462.84012554752
5817.7324137984
5652.4501675008005
7439.860694016001
6188.790518528
7479.8059437568
4148.39225244672
4080.62447543808
4234.48615384576
6124.9183751168
7156.4607311872
3519.9956388403198
2009.43738141696
3334.6645130649604
1659.7970149273601
