1943.87536841728
2059.94979816448
2017.30630458368
1787.31449040896
1124.59475125248
952.127259185152
374.907373494272
1569.16977325056
1231.0052940288
1056.014336
1589.21439179776
1997.74097297408
1721.03273039872
2091.4034351616
1893.51236803584
1941.90483180544
2142.15030985728
2485.37434990592
2258.04741013504
2200.6721306112
2161.42601859072
2206.57644859392
2028.05426086912
1747.67148417024
2029.87646419968
2205.17469090816
2054.56521986048
2057.18781650944
2131.50385659904
2230.32015491072
1903.891522304
1929.13967702016
2111.88140112896
2487.89168365568
2091.60162318336
2099.47510448128
2143.54406125568
2128.40781394944
1869.1502106624
2171.51558621184
2173.01949140992
2073.93295705088
2034.92519774208
2035.79745202176
2426.38372696064
2530.7136
2158.77999443968
2087.11136283648
2231.68406009856
2320.8369844224
2088.9712219136
2096.2460311552
2205.3787042304
2239.03019273216
1888.08751205376
2279.98614069248
2418.70509515776
2535.24832505856
2030.72556521472
2041.1500936192
2078.04536470528
2386.48619273216
2245.04297345024
1827.06936082432
1830.96810958848
2318.70531147776
2299.96955698176
2164.23609448448
1931.4527557632
2128.3799557632
1907.13393548288
1809.73058481152
1798.24565255168
1706.19981075456
1742.59791419392
1785.11985253376
1590.60642025472
1356.71589500928
1261.01996872704
1454.92206139392
726.547917620224
692.274337733632
1326.9992841728
1039.59608486912
745.217238424576
1660.76917551104
1587.25163025408
2066.05868483584
1770.50329691136
1818.8052389376
1694.31349942272
1808.32519351296
2066.667944704
1481.05383629824
1490.31559334912
1413.6801367552
1545.23128357888
1718.63451954176
2112.85129551872
1894.79884464128
1981.19481690112
1213.99329748992
1526.94950573056
1588.26133922816
1481.74004706304
1627.66710939648
1560.71593720832
1581.47863885824
1575.6064241152
1723.46771393536
1164.50256039936
1291.3168186368
1176.27722693632
1395.3849185792
1423.0920190976
1489.208
1675.95261768704
1729.12514356224
1965.75050208256
2211.1323853824
1977.26070813696
1968.48417391616
2095.36382089216
2497.68385027072
2249.33304571904
1876.58811155456
2118.71775596544
2285.49419820032
2229.25444025344
2257.78162161664
1928.74123636736
1496.89685332992
1691.43374769152
1469.32602278912
1913.728
1490.84071237632
1200.66798713856
783.586687023104
1904.88094117888
2070.61634509824
1211.4808694272
1594.64349238272
1623.38548328448
1750.82507116544
1753.4094349824
1673.26187087872
1559.92484102144
1801.81344726016
1558.84290985984
1638.798395136
1315.72659013632
748.94109436928
1030.39630245888
930.564154806272
828.729806451712
687.48951157248
510.203761888256
791.645090909184
1325.40168153088
1508.43916932096
1863.66846196736
1619.77307953152
1655.82727796736
1424.15529979904
1608.02798885888
1433.89227319296
1176.2472873984
859.357145539584
1242.3306067456
1130.42247419904
1432.27332276224
1576.7307462656
1476.1547540992
1629.99818262528
999.902154712064
856.831690447872
806.73743035392
627.80013487104
1130.94649069568
1102.86998075392
1342.38467605504
983.045983930368
1118.44205714432
1431.62233535488
707.280391073792
768.475105531904
994.374984214528
1701.68940606464
1482.752
1543.58896862208
1347.06467873792
687.907905282048
701.770002765824
540.32234146304
644.458399228928
401.630924751872
456.255073405952
470.043581017088
617.041218991104
706.854413430784
724.30201531392
735.054614173696
734.087170441216
561.289644145664
575.380132219904
643.473435215872
558.727911071744
641.682607929344
634.923002625024
673.28506930688
454.710261367808
593.648212334592
602.750456454144
774.493605901312
681.624111251456
763.035064228864
795.63160909824
726.648560815104
771.616861283328
735.330919498752
752.93083083264
701.098005808128
503.895442696192
381.375604123648
580.461293016064
504.654694126592
1099.43889557504
1004.8467956992
1022.101348736
966.97160468992
1162.51927272448
928.205750663168
583.171874153472
926.14465979392
1372.72919890944
1065.4569031168
906.789356223488
897.6492461056
945.56742118912
797.00721076224
933.59658498048
514.813537645568
438.23521337856
1221.91842048
774.014204675072
9719.3768420864
10299.7489908224
10086.5315229184
8936.5724520448
5622.9737562624
4760.636295925759
1874.53686747136
7845.8488662528
6155.026470144001
5280.07168
7946.0719589888
9988.7048648704
8605.1636519936
10457.017175808
9467.5618401792
9709.5241590272
10710.751549286399
12426.8717495296
11290.237050675201
11003.360653056
10807.130092953601
11032.8822429696
10140.2713043456
8738.3574208512
10149.3823209984
11025.873454540799
10272.8260993024
10285.9390825472
10657.5192829952
11151.600774553599
9519.45761152
9645.6983851008
10559.4070056448
12439.4584182784
10458.0081159168
10497.3755224064
10717.7203062784
10642.0390697472
9345.751053312
10857.5779310592
10865.0974570496
10369.6647852544
10174.625988710399
10178.9872601088
12131.918634803202
12653.568
10793.8999721984
10435.5568141824
11158.4203004928
11604.184922112
10444.856109568
10481.230155776
11026.893521152
11195.150963660799
9440.4375602688
11399.9307034624
12093.5254757888
12676.241625292801
10153.6278260736
10205.750468096001
10390.2268235264
11932.4309636608
11225.2148672512
9135.3468041216
9154.8405479424
11593.5265573888
11499.8477849088
10821.1804724224
9657.263778816
10641.899778816001
9535.6696774144
9048.6529240576
8991.228262758399
8530.9990537728
8712.9895709696
8925.5992626688
7953.0321012736
6783.5794750464
6305.099843635199
7274.6103069696
3632.73958810112
3461.37168866816
6634.996420863999
5197.9804243456
3726.0861921228798
8303.845877555199
7936.2581512704
10330.293424179199
8852.5164845568
9094.026194688
8471.5674971136
9041.6259675648
10333.339723520001
7405.2691814912
7451.5779667456
7068.400683776
7726.1564178944
8593.1725977088
10564.256477593599
9473.9942232064
9905.9740845056
6069.9664874496
7634.747528652801
7941.3066961408
7408.7002353152
8138.3355469824
7803.579686041599
7907.3931942911995
7878.032120576
8617.3385696768
5822.5128019968
6456.584093184
5881.386134681599
6976.924592896001
7115.460095488001
7446.040000000001
8379.7630884352
8645.625717811201
9828.7525104128
11055.661926912
9886.3035406848
9842.4208695808
10476.819104460801
12488.4192513536
11246.6652285952
9382.940557772801
10593.588779827202
11427.4709910016
11146.2722012672
11288.9081080832
9643.7061818368
7484.484266649601
8457.1687384576
7346.630113945601
9568.64
7454.2035618816
6003.3399356928
3917.93343511552
9524.4047058944
10353.0817254912
6057.404347136
7973.2174619136
8116.9274164224
8754.1253558272
8767.047174912
8366.3093543936
7799.6242051072
9009.0672363008
7794.2145492991995
8193.991975679999
6578.6329506816
3744.7054718464
5151.9815122944
4652.82077403136
4143.64903225856
3437.4475578623997
2551.01880944128
3958.22545454592
6627.008407654401
7542.1958466048
9318.3423098368
8098.8653976576
8279.1363898368
7120.7764989952
8040.1399442944
7169.461365964799
5881.236436992
4296.78572769792
6211.653033728
5652.1123709952
7161.3666138112
7883.653731328
7380.773770496
8149.990913126399
4999.51077356032
4284.1584522393605
4033.6871517696
3139.0006743552
5654.7324534784
5514.349903769599
6711.9233802752005
4915.22991965184
5592.2102857216
7158.111676774401
3536.40195536896
3842.37552765952
4971.87492107264
8508.447030323201
7413.76
7717.9448431104
6735.3233936896
3439.53952641024
3508.8500138291197
2701.6117073152
3222.29199614464
2008.15462375936
2281.2753670297598
2350.21790508544
3085.20609495552
3534.27206715392
3621.5100765696
3675.27307086848
3670.43585220608
2806.4482207283204
2876.90066109952
3217.36717607936
2793.63955535872
3208.4130396467203
3174.6150131251197
3366.4253465344
2273.55130683904
2968.2410616729603
3013.75228227072
3872.46802950656
3408.1205562572804
3815.17532114432
3978.1580454912
3633.2428040755203
3858.08430641664
3676.65459749376
3764.6541541632
3505.4900290406404
2519.47721348096
1906.8780206182398
2902.30646508032
2523.27347063296
5497.1944778752
5024.233978496
5110.50674368
4834.8580234496
5812.5963636224005
4641.02875331584
2915.85937076736
4630.7232989696
6863.6459945472
5327.2845155840005
4533.94678111744
4488.2462305280005
4727.837105945599
3985.0360538112
4667.9829249024
2574.06768822784
2191.1760668928
6109.5921024
3870.0710233753603
