1843.9294664704
2214.89053513728
1764.73826002944
1365.22882084864
1436.31611087872
1464.3009783296
2154.27544614912
1498.53804379136
2135.6202207232
2200.02986667008
1961.3721924096
1777.33956435968
2188.90911475712
2125.08636017664
2234.34459428864
2224.17821366272
1843.54753939456
1950.22871675904
1872.597278976
1682.26106707968
1307.27212209152
1714.00130671616
1943.552
1906.34753964032
2039.95029280768
2121.59664140288
2051.6550708224
2047.79426484224
2344.6542422528
2567.70935031808
2609.87102170112
2588.2624
2427.2922597376
2363.28942905344
2627.99111380992
2684.44335878144
2686.6300806144
2762.91429434368
2706.92375141376
2665.56410582016
2262.42816457728
1981.5420398592
1998.23445215232
2121.35995362304
1870.86955789312
1887.08337683456
1773.90036114432
2439.76121378816
2484.71886989312
1932.52573800448
2083.26365027328
1853.70516804608
2128.75678550016
2374.04708877312
1874.79112113152
1777.40855053312
2121.23624011776
1893.95448228864
1662.15971530752
1963.84962948096
1859.30374736896
2055.3003537408
2275.24534529024
2187.97195061248
2447.99765567488
2881.65074363392
2323.77260542976
1524.87092371456
1731.92251239424
2194.241876224
1871.29264490496
1621.16241968128
1715.59647910912
1575.73567427584
1746.44046747648
1367.59402647552
1421.4695384576
2275.968
3218.25717072896
2576.67416144896
2461.25147286528
2530.66009982976
3019.14602236928
3195.62796521472
2396.28743110656
2263.635315712
2108.06857143296
2296.92509090816
2340.28850235392
2110.65460333568
1953.57757852672
1845.18277706752
2090.75498368
2104.55690518528
1862.0340323328
2100.3247746048
1956.4818141696
2380.910878976
2825.56959680512
1721.51704174592
1950.9685436928
1211.89114459136
1197.33816516608
1109.94325251072
734.390110787584
837.54790993408
624.171107828736
553.699861645312
557.402272658432
531.93447961088
1085.14518836224
1115.8611186176
1297.0316260352
1194.6190813184
1883.66288748544
1664.79147597824
1919.81448216576
1914.72417391616
1476.36053332992
836.11915577856
1236.3425220608
1813.27203003392
1856.38844297216
1506.66735483904
2087.79226115072
2479.0716631552
2192.51924528128
2045.88593548288
2002.55059887104
2019.04338368512
1562.8842430976
2270.8928242688
2216.59664516096
2436.7746976768
2749.51941224448
2937.696993792
3035.83531707392
3356.39856131072
3135.90083794944
2554.87339355136
3117.67410865152
3173.17947474944
2373.75032889344
2367.75527569408
2373.35541123072
2419.05859047424
2947.5324030976
3153.17353271296
2865.47536841728
2867.89719148544
2065.42359391232
2286.71845036032
2332.2624
2963.74508150784
3044.8146962944
3241.45945657344
2845.71410609152
2638.04084706304
2015.3807651328
1709.99095652352
2281.38725517312
2621.02521519104
2108.9027249664
2379.1770890752
2069.11128315904
1652.93574618112
1734.49104336896
1669.72015507456
2235.42225816576
2009.80697872384
1851.67985944576
1803.90113127424
1785.28753408
2055.81231460352
2543.57936314368
2481.96079859712
2519.74483117056
2601.216
1874.8650098176
2143.8522935296
2069.13024694272
1917.0797037056
2208.83541065728
1785.02029218816
1793.93759568896
1661.29643416576
3255.74011685888
5348.16670476288
5431.01023255552
2083.25851031552
1842.33487352832
1181.11474589696
2255.02094222336
2201.56183851008
2235.12829431808
2819.42240531456
2505.2667001344
2319.4766582272
1602.773414912
1868.60542579712
2254.91878903808
1827.44409788416
2191.81187188736
2803.4731872768
2364.2112
2204.10246372352
2159.0705704448
2420.36476133376
2322.2943744
2303.44803534848
2317.52875912192
2297.47238670336
2268.16516302848
2217.17777375232
2110.23354990592
1818.49585698816
1420.1725112832
1269.9229821952
1206.11955987456
1241.84285196288
1849.32057942016
2048.75315417088
2533.71154802688
2711.24513354752
3264.21350606848
2379.86440288256
2130.9879108096
3121.5282505216
3024.80847862784
2867.29494039552
2790.96888889344
2739.20601174016
2486.15377928192
2785.6133953536
2940.41799222272
2560.11608096768
2377.29305203712
2223.3441975296
2357.06661513216
2766.26627236864
2857.25729032192
3167.67921632256
3187.07545946112
3213.4104615424
3232.05497614336
3286.528
3137.03951515648
3070.2330980352
3009.14248832
3004.74423476224
2936.03899111424
2493.639160064
1722.56903067648
1890.95902833664
1556.10793836544
1059.27349924864
1174.68566096896
1268.44928
1895.46233155584
1909.43817143296
2170.45049616384
2020.55818222592
1524.87092371456
1529.65418978304
1782.09591534592
1038.35173655552
9219.647332352
11074.4526756864
8823.6913001472
6826.1441042432
7181.5805543936
7321.504891648
10771.3772307456
7492.6902189568
10678.101103616
11000.1493333504
9806.860962048
8886.6978217984
10944.5455737856
10625.4318008832
11171.7229714432
11120.891068313598
9217.737696972801
9751.1435837952
9362.986394880001
8411.3053353984
6536.3606104576
8570.0065335808
9717.76
9531.7376982016
10199.7514640384
10607.9832070144
10258.275354112
10238.9713242112
11723.271211264
12838.5467515904
13049.355108505599
12941.312
12136.461298688
11816.4471452672
13139.9555690496
13422.2167939072
13433.150403071999
13814.5714717184
13534.6187570688
13327.8205291008
11312.140822886398
9907.710199296
9991.1722607616
10606.7997681152
9354.347789465599
9435.4168841728
8869.5018057216
12198.806068940801
12423.5943494656
9662.6286900224
10416.3182513664
9268.525840230399
10643.7839275008
11870.2354438656
9373.9556056576
8887.0427526656
10606.1812005888
9469.7724114432
8310.7985765376
9819.2481474048
9296.5187368448
10276.501768704
11376.226726451201
10939.859753062401
12239.988278374401
14408.253718169599
11618.8630271488
7624.354618572799
8659.6125619712
10971.20938112
9356.4632245248
8105.8120984064
8577.982395545601
7878.6783713792
8732.202337382401
6837.9701323776
7107.347692288
11379.84
16091.2858536448
12883.3708072448
12306.2573643264
12653.3004991488
15095.730111846402
15978.1398260736
11981.4371555328
11318.17657856
10540.3428571648
11484.625454540801
11701.442511769601
10553.273016678399
9767.8878926336
9225.913885337599
10453.774918399999
10522.7845259264
9310.170161664
10501.623873024
9782.409070848
11904.554394879999
14127.8479840256
8607.5852087296
9754.842718464
6059.4557229568
5986.6908258304
5549.7162625536
3671.95055393792
4187.7395496704
3120.8555391436803
2768.49930822656
2787.0113632921602
2659.6723980543998
5425.725941811201
5579.305593088
6485.158130176
5973.0954065920005
9418.3144374272
8323.9573798912
9599.0724108288
9573.6208695808
7381.8026666496
4180.5957788928
6181.712610304001
9066.3601501696
9281.9422148608
7533.3367741952
10438.9613057536
12395.358315776
10962.5962264064
10229.4296774144
10012.7529943552
10095.2169184256
7814.421215488
11354.464121343999
11082.9832258048
12183.873488383999
13747.597061222401
14688.48496896
15179.176585369602
16781.9928065536
15679.5041897472
12774.3669677568
15588.370543257599
15865.8973737472
11868.7516444672
11838.7763784704
11866.777056153602
12095.292952371201
14737.662015488
15765.8676635648
14327.3768420864
14339.485957427201
10327.117969561601
11433.5922518016
11661.312
14818.725407539201
15224.073481472002
16207.297282867201
14228.5705304576
13190.2042353152
10076.903825664
8549.9547826176
11406.9362758656
13105.126075955199
10544.513624832
11895.885445376
10345.5564157952
8264.6787309056
8672.455216844799
8348.600775372799
11177.1112908288
10049.0348936192
9258.3992972288
9019.5056563712
8926.437670399999
10279.0615730176
12717.896815718399
12409.8039929856
12598.724155852799
13006.08
9374.325049088
10719.261467648
10345.651234713601
9585.398518528
11044.177053286401
8925.101460940801
8969.687978444801
8306.4821708288
16278.7005842944
26740.8335238144
27155.0511627776
10416.2925515776
9211.6743676416
5905.5737294847995
11275.1047111168
11007.809192550401
11175.6414715904
14097.112026572799
12526.333500671999
11597.383291136
8013.867074559999
9343.0271289856
11274.5939451904
9137.2204894208
10959.0593594368
14017.365936384002
11821.056
11020.5123186176
10795.352852224001
12101.823806668799
11611.471872
11517.2401767424
11587.6437956096
11487.3619335168
11340.8258151424
11085.888868761598
10551.167749529599
9092.4792849408
7100.862556416
6349.614910975999
6030.5977993728
6209.2142598144
9246.6028971008
10243.7657708544
12668.5577401344
13556.225667737599
16321.0675303424
11899.3220144128
10654.939554048
15607.641252608
15124.0423931392
14336.4747019776
13954.8444444672
13696.0300587008
12430.7688964096
13928.066976768001
14702.0899611136
12800.5804048384
11886.4652601856
11116.720987648001
11785.333075660801
13831.3313618432
14286.286451609601
15838.3960816128
15935.3772973056
16067.052307712
16160.274880716799
16432.64
15685.1975757824
15351.165490176
15045.7124416
15023.7211738112
14680.194955571202
12468.19580032
8612.8451533824
9454.7951416832
7780.5396918272
5296.367496243201
5873.428304844801
6342.2464
9477.311657779199
9547.1908571648
10852.2524808192
10102.7909111296
7624.354618572799
7648.2709489152
8910.4795767296
5191.7586827775995
