897.715706148864
615.58472378368
509.9406011136
1237.27010480128
1442.46735760384
1154.99198046208
1228.31494736896
1272.51887603712
1267.38484344832
1275.37963285504
1223.9210363392
1156.006505984
1327.49086329856
1179.06903655424
1231.52851653632
859.273179972608
951.173683552256
1083.11257785344
1076.12654758912
1232.37639314432
1225.56761445376
1057.57527435264
967.898202713088
1176.60913654784
1280.52954517504
1035.88277295104
1039.07351506944
1164.8492051968
1137.0932459008
771.910709430272
941.782639145984
780.871120050176
460.916162761728
725.581941568512
886.761978494976
1023.761513828352
992.71934184448
1081.49525554176
781.182886956032
925.520421310464
833.68315359232
894.315005290496
826.104954128384
1013.669229917184
956.837728129024
766.882909090816
1007.243878001664
1087.67217831936
1012.711175757824
880.081124630528
994.748200912896
850.688970923008
457.693079571456
647.467387848704
737.861250553856
901.794845607936
760.52721889792
839.398361734144
991.649426751488
773.973815247872
870.653634011136
829.569335529472
485.530824880128
832.045671361536
894.649745649664
333.849781274624
397.230478548992
433.872113654784
609.858491087872
1445.56278111232
1258.73377511424
1400.27904
1199.41409153024
548.295032480768
1124.21682327552
1323.2143740416
1208.24910769152
1367.13436177408
1531.04850632704
1458.99367163904
1558.28927607808
1597.61210084352
1191.13704501248
1879.78115601408
1363.24822250496
1062.37192689664
1411.68119581696
1331.25845005312
861.713165318144
1053.29912620032
1098.4266384896
1103.17477532672
992.18350442496
1028.23008771072
1041.68053746688
774.709957844992
1022.523417283584
1168.1344
1044.7308988928
1440.80378036224
1371.00226120704
916.656366732288
754.039431514112
954.43327490048
1248.0386853888
1405.21927110656
1043.367506176
872.639030890496
1031.5280958464
1209.06536054784
1400.39487747072
982.3815291136
1151.39259886592
1254.01383865344
1261.62349195264
1241.81514006528
1239.21726703616
1033.9229581824
1205.19227210752
1057.2690198528
985.095323003904
840.861492745216
1080.9576592896
1158.97488833536
1180.00066912256
1036.73576522752
968.362666667008
920.834323049472
1154.56500325376
1070.9989743616
1036.83096395776
889.245655445504
804.855004392448
736.923512967168
337.40658953216
610.086057401344
686.411294117888
476.886671312896
690.198270552064
870.819958218752
842.110886956032
470.100662925312
312.213848792064
293.278234795008
445.595788034048
548.125058265088
1094.97964003328
1120.89557475328
1100.29106586624
975.863659728896
1217.3177202688
1284.91798639616
1212.776448
810.638268623872
530.045111540736
409.514714687488
312.506683926528
323.45253804544
274.025434074112
343.01669261824
516.674973838336
657.33648253952
501.244395575296
667.11138925568
738.212337596416
384.961226053632
846.7841935872
1051.21649389568
1148.06430670848
1308.54965194752
1147.63824319488
1255.76178306048
1345.21665732608
1117.3575328256
4488.57853074432
3077.9236189184003
2549.7030055679998
6186.3505240064005
7212.3367880192
5774.9599023104
6141.5747368448
6362.5943801856
6336.9242172416
6376.8981642752
6119.605181696001
5780.032529919999
6637.4543164928
5895.3451827712
6157.6425826816
4296.36589986304
4755.8684177612795
5415.562889267199
5380.6327379456
6161.8819657216
6127.8380722688
5287.8763717632
4839.49101356544
5883.045682739201
6402.6477258752
5179.413864755199
5195.3675753472
5824.246025984001
5685.466229504
3859.5535471513604
4708.9131957299205
3904.3556002508803
2304.58081380864
3627.90970784256
4433.80989247488
5118.80756914176
4963.5967092224
5407.4762777088
3905.9144347801603
4627.60210655232
4168.4157679616
4471.5750264524795
4130.5247706419195
5068.34614958592
4784.188640645119
3834.4145454540803
5036.21939000832
5438.3608915968
5063.55587878912
4400.40562315264
4973.74100456448
4253.44485461504
2288.46539785728
3237.3369392435197
3689.30625276928
4508.97422803968
3802.6360944895996
4196.99180867072
4958.24713375744
3869.8690762393603
4353.26817005568
4147.84667764736
2427.6541244006403
4160.22835680768
4473.24872824832
1669.24890637312
1986.1523927449598
2169.36056827392
3049.2924554393603
7227.813905561599
6293.6688755712
7001.395199999999
5997.0704576512
2741.47516240384
5621.0841163776
6616.071870207999
6041.245538457601
6835.6718088704
7655.2425316352
7294.9683581952
7791.4463803904
7988.0605042176
5955.6852250624
9398.9057800704
6816.2411125248
5311.859634483199
7058.4059790848005
6656.2922502656
4308.56582659072
5266.4956310016
5492.133192448
5515.8738766336
4960.9175221248
5141.1504385536
5208.4026873344
3873.54978922496
5112.61708641792
5840.672
5223.654494464
7204.0189018112005
6855.0113060352
4583.28183366144
3770.19715757056
4772.1663745024
6240.193426944001
7026.0963555328
5216.8375308800005
4363.19515445248
5157.640479232
6045.3268027392005
7001.974387353601
4911.907645568
5756.9629943296
6270.0691932672
6308.1174597632
6209.075700326401
6196.086335180799
5169.614790912
6025.9613605376
5286.345099264
4925.47661501952
4204.30746372608
5404.788296448
5794.8744416768
5900.0033456128
5183.6788261376005
4841.813333335041
4604.17161524736
5772.8250162688
5354.9948718079995
5184.1548197888005
4446.22827722752
4024.27502196224
3684.61756483584
1687.0329476608001
3050.43028700672
3432.0564705894403
2384.43335656448
3450.99135276032
4354.09979109376
4210.55443478016
2350.50331462656
1561.0692439603201
1466.3911739750401
2227.97894017024
2740.6252913254402
5474.8982001664
5604.4778737664
5501.4553293312
4879.31829864448
6086.588601344
6424.5899319807995
6063.882240000001
4053.19134311936
2650.22555770368
2047.5735734374398
1562.53341963264
1617.2626902272
1370.1271703705602
1715.0834630912
2583.37486919168
3286.6824126976003
2506.2219778764797
3335.5569462784
3691.06168798208
1924.80613026816
4233.920967936
5256.0824694784005
5740.3215335424
6542.7482597376
5738.191215974401
6278.808915302399
6726.0832866304
5586.787664128
