4134.59205346304
4907.85853551616
4600.13362342912
4435.18780952576
4388.483752448
4369.23063279616
4393.03228235776
4247.58024827904
4288.55628107776
3989.97859949568
3751.77731719168
3796.31139576832
4005.70368
4135.13955555328
4430.71166005248
4409.74222222336
4308.57427762176
4325.50728205312
4509.16829448192
4647.97131034624
4663.47791404032
4722.0736
4682.53454826496
4717.60688607232
4618.53914606592
4620.36601905152
4672.47896774656
4720.70467367936
4702.5551186432
3311.13238603776
3341.42577777664
3394.4424918016
3413.72610045952
4494.00116825088
4452.04664267776
4382.08199376896
4360.54290342912
4022.92465934336
3685.5808
3769.01458354176
3989.58152681472
3995.87555555328
4326.50762763264
4292.4878827008
3927.79244198912
3947.6312423424
3426.407982336
3329.55648
3765.57394929664
3840.1477938176
3562.96493458432
3486.50246632448
3292.60979439616
3213.8460589568
4045.90181154816
4315.90065796096
3958.48183606272
3718.9238675456
3766.66838709248
3383.91726278656
3309.29940983808
3342.13663716352
3382.53141332992
3312.63042991104
3444.86268041216
3374.33854473216
3351.26161193984
3382.86749538304
3684.61756483584
3974.23159881728
4194.84892239872
4463.04076493824
4446.92516967424
4457.20737078272
4437.03502521344
3570.23970506752
3324.28325925888
3544.87051327488
3646.81905527808
1977.29610114048
1212.99499522048
930.799706242048
1101.68022204416
726.638093920256
639.578495848448
383.766515444736
557.835038393344
738.597105968128
639.812779399168
747.703472487424
1932.8224382464
2672.4510701056
3249.7604637696
2978.00449374208
3438.21209381888
3454.8423185408
3403.74233424896
3375.1964604928
3181.14689437696
3177.6993467904
3204.21029612544
3056.18836681728
2982.37184521216
2903.79093332992
2884.30314504192
2668.13785654272
2687.21042925568
2713.23359698944
2323.39423492096
2832.39215936512
3406.72984614912
3592.96948148224
3743.54895238144
3564.74333867008
3409.559139584
3196.9580545024
3093.77000459264
2725.7968897536
2624.64094815232
2569.69439382528
3095.48680150016
3542.30892909568
2947.8084199424
2715.50511628288
2459.84754871296
2177.3048505344
1974.7003398656
1818.56527598592
1772.25728
1687.63474747392
1321.87872897024
1472.35756065792
1945.89723186176
1898.64212004864
2234.26950580224
2410.03422166016
2183.67101754368
2666.23002597376
2853.89536690176
3891.94472727552
3873.71008
3087.41786732544
3028.8874706944
2702.85658100736
2539.02794805248
2519.85269840896
2827.00133828608
2363.49960070144
2067.49488607232
2241.84894802944
2238.72598624256
2222.15228235776
2127.67797895168
2079.16844630016
2302.8010308096
2612.95385278464
2717.5768855552
2734.55453658112
2473.5579673088
3036.76360075264
3283.38612407296
3519.4502889472
3534.7802174976
2541.4907863552
2214.6370127872
2077.76709010432
2332.89045332992
1239.91920067584
3230.05957752832
3514.82522790912
4146.54866885632
4122.57404877824
4200.370379008
4194.09274499072
3476.43243031552
3542.99904
3233.67253332992
3230.73402739712
4138.63390711808
4127.36106371072
3910.12562051072
3912.18009302016
4072.93928324096
4180.84398820352
4083.13403680768
3632.9449494528
3734.03183505408
4319.67310769152
4324.69333332992
3546.5454491648
4143.9027800576
4060.87569892352
4125.03830894592
4027.8574545408
4100.02061349888
3755.0714336256
3789.6122869248
3830.77329616896
3836.38670938112
3838.3604330496
3845.27817885696
3836.38093150208
3885.7989652992
3927.63817822208
3583.75905882112
3553.86245871616
3559.71408498688
3568.5556169216
3769.9584
3732.79526491136
4031.76431746048
4023.61566137344
3769.71584357376
3749.9715918336
3892.88571841536
3998.90366584832
3984.872236288
3850.0839619072
3852.1027803648
3678.29963311104
3693.94745178112
3990.27129476096
4058.52438008832
4040.54493203456
4103.10807124992
4135.0144
4211.410006784
4188.26899720192
3965.29514846208
3953.98663013376
3853.83101370368
3845.4238241792
3925.85677211648
3970.65334806528
3816.6031515136
3676.44576744448
3789.81022422016
4046.98606741504
3999.28515847168
4050.88565241856
4084.14874928128
4010.75663048704
3997.3488813568
4125.86034568192
4150.35471865856
3920.17735732224
3717.65180110848
3819.07043902464
4084.45565417472
4083.13403680768
4081.45667160064
4092.66766101504
3968.60426855424
3958.19389830144
3947.9034732544
3819.1104
3795.59236180992
2742.59303783424
2705.73630534656
2716.68032520192
3131.5355867136
2491.36785575936
2947.53870241792
2846.35142953984
2755.14215133184
1895.6682003968
20672.960267315204
24539.2926775808
23000.6681171456
22175.9390476288
21942.41876224
21846.153163980798
21965.1614117888
21237.901241395197
21442.7814053888
19949.8929974784
18758.8865859584
18981.5569788416
20028.5184
20675.6977777664
22153.558300262397
22048.711111116798
21542.8713881088
21627.536410265602
22545.8414724096
23239.8565517312
23317.389570201598
23610.368
23412.6727413248
23588.0344303616
23092.6957303296
23101.830095257603
23362.3948387328
23603.5233683968
23512.775593216
16555.661930188802
16707.128888883202
16972.212459008002
17068.630502297598
22470.005841254402
22260.2332133888
21910.4099688448
21802.7145171456
20114.6232967168
18427.904000000002
18845.0729177088
19947.9076340736
19979.3777777664
21632.5381381632
21462.439413504
19638.9622099456
19738.156211712
17132.03991168
16647.7824
18827.8697464832
19200.738969088
17814.8246729216
17432.512331622398
16463.0489719808
16069.230294784
20229.5090577408
21579.5032898048
19792.4091803136
18594.619337728
18833.3419354624
16919.5863139328
16546.4970491904
16710.6831858176
16912.657066649597
16563.1521495552
17224.3134020608
16871.6927236608
16756.3080596992
16914.3374769152
18423.087824179198
19871.1579940864
20974.2446119936
22315.203824691198
22234.6258483712
22286.036853913603
22185.175126067203
17851.1985253376
16621.416296294403
17724.3525663744
18234.095276390402
9886.4805057024
6064.9749761023995
4653.99853121024
5508.401110220801
3633.19046960128
3197.8924792422404
1918.83257722368
2789.17519196672
3692.9855298406396
3199.06389699584
3738.51736243712
9664.112191232
13362.255350528001
16248.802318848
14890.022468710398
17191.060469094402
17274.211592704
17018.7116712448
16875.982302464
15905.7344718848
15888.496733951999
16021.0514806272
15280.9418340864
14911.859226060802
14518.954666649599
14421.5157252096
13340.6892827136
13436.0521462784
13566.167984947198
11616.971174604801
14161.960796825599
17033.6492307456
17964.847407411202
18717.7447619072
17823.7166933504
17047.795697920003
15984.790272512
15468.850022963199
13628.984448768002
13123.204740761601
12848.4719691264
15477.434007500799
17711.5446454784
14739.042099712002
13577.5255814144
12299.2377435648
10886.524252672
9873.501699328
9092.8263799296
8861.2864
8438.1737373696
6609.3936448511995
7361.7878032896
9729.4861593088
9493.2106002432
11171.3475290112
12050.1711083008
10918.3550877184
13331.1501298688
14269.476834508801
19459.7236363776
19368.5504
15437.0893366272
15144.437353472
13514.2829050368
12695.1397402624
12599.2634920448
14135.0066914304
11817.4980035072
10337.474430361599
11209.244740147202
11193.6299312128
11110.7614117888
10638.3898947584
10395.842231500801
11514.005154048
13064.7692639232
13587.884427776
13672.7726829056
12367.789836544
15183.8180037632
16416.930620364798
17597.251444736
17673.901087488
12707.453931775999
11073.185063936
10388.8354505216
11664.452266649601
6199.596003379201
16150.2978876416
17574.1261395456
20732.743344281596
20612.870243891197
21001.85189504
20970.463724953603
17382.1621515776
17714.9952
16168.3626666496
16153.6701369856
20693.1695355904
20636.8053185536
19550.6281025536
19560.9004651008
20364.6964162048
20904.2199410176
20415.670184038398
18164.724747264
18670.1591752704
21598.3655384576
21623.4666666496
17732.727245824
20719.513900288
20304.3784946176
20625.1915447296
20139.287272704
20500.1030674944
18775.357168128
18948.061434624
19153.8664808448
19181.9335469056
19191.802165248002
19226.3908942848
19181.9046575104
19428.994826496
19638.1908911104
17918.7952941056
17769.3122935808
17798.5704249344
17842.778084608002
18849.792
18663.9763245568
20158.821587302402
20118.078306867203
18848.5792178688
18749.857959168
19464.428592076798
19994.5183292416
19924.36118144
19250.419809536
19260.513901824
18391.4981655552
18469.7372589056
19951.3564738048
20292.621900441598
20202.7246601728
20515.5403562496
20675.072
21057.05003392
20941.3449860096
19826.4757423104
19769.9331506688
19269.1550685184
19227.119120896
19629.2838605824
19853.266740326402
19083.015757568
18382.2288372224
18949.051121100798
20234.9303370752
19996.4257923584
20254.4282620928
20420.7437464064
20053.7831524352
19986.744406784
20629.3017284096
20751.7735932928
19600.886786611198
18588.2590055424
19095.3521951232
20422.2782708736
20415.670184038398
20407.283358003202
20463.338305075198
19843.0213427712
19790.9694915072
19739.517366272
19095.552
18977.9618090496
13712.9651891712
13528.6815267328
13583.4016260096
15657.677933568
12456.839278796799
14737.6935120896
14231.7571476992
13775.7107566592
9478.341001984001
