681.781615290368
668.617623821312
632.31178609664
647.527879769088
541.926208534528
558.32717241344
485.89616687104
556.767528566784
387.952785427456
710.546107317248
792.700155106304
888.659781818368
931.772384446464
937.686017262592
1111.66249752576
1035.93295560704
1016.33302921728
1081.43109102592
974.628194014208
1027.77665084416
912.898821799936
785.570920210432
872.028337927168
1003.09451523584
750.572291213312
675.610597402624
421.243853709312
608.929870225408
538.286807625728
707.29045979136
626.931075288064
529.940680538112
393.028309583872
855.060642638848
738.449105395712
432.814366756864
519.908788442112
645.583126084608
550.213333332992
571.490297500672
707.803852997632
774.012446380032
931.142980289536
1029.28568699904
843.302445768704
842.330656584704
645.011837229056
437.198678898688
427.778115702784
335.21336631808
480.60566700544
456.169189856256
401.406010684416
357.200284023808
361.828288659456
626.095013404672
486.604384479232
523.359573332992
406.196762570752
481.842081671168
378.687452991488
407.999609279488
3408.90807645184
3343.08811910656
3161.5589304832
3237.63939884544
2709.63104267264
2791.6358620672004
2429.4808343552
2783.8376428339197
1939.76392713728
3552.7305365862403
3963.50077553152
4443.29890909184
4658.86192223232
4688.43008631296
5558.3124876288
5179.6647780352
5081.6651460864
5407.1554551296
4873.14097007104
5138.8832542208
4564.49410899968
3927.8546010521595
4360.14168963584
5015.472576179201
3752.86145606656
3378.05298701312
2106.21926854656
3044.64935112704
2691.43403812864
3536.4522989568004
3134.6553764403197
2649.7034026905603
1965.14154791936
4275.30321319424
3692.2455269785596
2164.07183378432
2599.54394221056
3227.91563042304
2751.06666666496
2857.45148750336
3539.01926498816
3870.06223190016
4655.71490144768
5146.4284349952
4216.5122288435205
4211.65328292352
3225.0591861452804
2185.99339449344
2138.89057851392
1676.0668315904
2403.0283350272002
2280.84594928128
2007.03005342208
1786.0014201190402
1809.1414432972801
3130.47506702336
2433.02192239616
2616.79786666496
2030.9838128537601
2409.2104083558397
1893.43726495744
2039.9980463974402
