1417.67593468928
1483.29993723904
1193.7371726336
1684.92562010112
2249.18950250496
1882.46454129664
2363.34015190016
1774.92546397184
1416.7552
1927.03345985536
1814.38411241472
2004.11335246848
1831.17882514432
2356.224
2555.6229019648
2696.4028874752
2964.76943469568
2896.04779399168
2624.98011428864
2380.41797792768
2351.95634681856
3076.26944625664
3070.32012151808
2241.75003910144
2019.90164127744
2140.31661176832
1873.82727037952
1014.631095022592
2101.89963636736
1826.18513250304
2337.81732861952
2070.60992
1812.37822060544
1717.97374756864
1838.47785987072
1664.67256804352
1988.25890909184
1198.31798363136
1509.84927730688
1391.6895469568
1498.45656871936
1965.41320930304
2084.9884804608
1780.70361070592
1158.81081010176
1324.4856224256
1431.884516608
1656.98068383744
1707.25255683072
1585.08228084736
1624.01383599104
1729.80713624576
1871.49666932736
2394.09816216576
2540.27041221632
2792.21275675648
3425.06939006976
889.94850079232
3134.67704697856
3124.88776547328
2096.54428486656
1680.36235817984
1663.54003934208
1958.29533702144
1971.39634217984
2001.5239245312
2105.83379132416
2114.29218461696
2029.66221792256
1998.90877151232
708.302831898624
1941.4614072832
3207.808
2135.6202207232
2155.13129795584
2213.54861714432
1997.74097297408
1561.67784795136
2363.89899674624
2539.02794805248
2555.3435814912
1785.12525821952
2183.75124919296
1973.13941476352
1837.01762180096
1853.70591343616
2552.4722162176
2368.704
2154.28291329024
2577.11588714496
2018.60651317248
2084.12730935296
2491.48302222336
2052.65661159424
2357.48753216512
2388.4559711232
2206.68907993088
2555.91800341504
2711.897256704
3207.12248889344
2472.14115992576
2089.15562985472
2369.48960518144
1246.64051344384
3188.55453164544
2737.44013852672
1855.38458835968
2106.32608187392
2106.0983712256
2090.97185882112
2124.73705546752
2186.144811264
1979.10699859968
2412.95803610112
2430.6318825472
2169.20198008832
2707.82686519296
2408.95212307456
1767.21460348928
1980.80609523712
2445.2514082816
2687.94870501376
2994.97335467008
2994.0184615424
2228.43331939328
1919.93321739264
2353.03077881856
2628.91042487296
2568.48881159168
2006.91699699712
1887.97807341568
1869.17401040896
2021.01458823168
1816.36077139968
2287.37608148992
1636.57168165888
1235.08625357824
2006.18611075072
2456.2938451968
2759.6193449472
2285.37467846656
2690.74747751424
2840.92459574272
3646.81905527808
3579.04168421376
1835.26843930624
2582.21853989888
2677.69498413056
1826.07312297984
1915.32743161856
1870.75148506112
1707.80238698496
1493.5670541824
2231.68229940224
1705.60159336448
2127.80014034944
2204.67044140032
2282.27452417024
3926.18988679168
4061.76693198848
2144.57797083136
1827.00875293696
1929.30584774656
2764.864
2159.40915710976
2118.44626505728
2146.83170551808
2245.92726380544
2249.41551173632
2193.57742815232
2090.40883305472
1742.5312989696
1542.53430407168
1612.04666079232
1781.78053133312
1522.23374436352
1367.54433127424
1584.6153460224
1768.22586243072
1957.9202943488
1486.30506043392
1667.64554150912
1659.87867138048
1751.92350061568
1549.59452386304
1547.74340074496
1653.88624657408
1410.94850250752
1450.51826086912
1469.12793874432
1385.3635764736
1038.95856946176
1542.18757446656
1501.91294915584
1093.78618657792
1110.7933821952
938.49332497408
547.525864542208
393.452474066944
832.672751545344
1928.51871967232
2162.59311197184
2112.86153001984
1828.0712258048
1656.92625941504
2131.33979641856
2010.5265152
1968.40475675648
2137.60527835136
2409.9248320512
3016.64076009472
2816.53096296448
2303.00046415872
2620.30100534272
2689.10060848128
2009.32566914048
2485.30189473792
2574.8969171968
2917.34594128896
3033.5792177152
3330.46978489344
3197.5021633536
2999.77888963584
3021.24230852608
3143.31670955008
3128.14328132608
3153.21307614208
3181.30219574272
3217.29629090816
3336.89045086208
3373.25736211456
3356.67691126784
3374.06584332288
3215.60740939776
3285.5974956544
3697.9454502912
3477.89168723968
2492.60733563904
3217.00740219904
3645.7970871808
3789.30378609664
3841.98716831744
4149.74048094208
4641.59288889344
4612.93295355904
3497.5894311936
3486.50246632448
2128.75678550016
2863.24467070976
3597.5721513472
3739.79627149312
3926.29905690624
4054.56681588736
4534.62990290944
4493.39833254912
4587.89236363264
4720.768
4786.60105660416
4663.83494736896
2996.8760538112
3381.06033466368
3947.85983296512
4561.9582406656
4518.87059837952
4145.42926769152
4148.85277193216
7088.3796734463995
7416.4996861952
5968.685863168001
8424.6281005056
11245.9475125248
9412.322706483199
11816.7007595008
8874.627319859199
7083.776
9635.1672992768
9071.9205620736
10020.5667623424
9155.8941257216
11781.12
12778.114509824
13482.014437376
14823.8471734784
14480.2389699584
13124.900571443199
11902.0898896384
11759.781734092801
15381.3472312832
15351.6006075904
11208.7501955072
10099.5082063872
10701.5830588416
9369.1363518976
5073.155475112961
10509.4981818368
9130.9256625152
11689.0866430976
10353.049599999998
9061.8911030272
8589.8687378432
9192.389299353601
8323.3628402176
9941.2945454592
5991.5899181568
7549.2463865344
6958.447734784
7492.2828435967995
9827.0660465152
10424.942402304001
8903.5180535296
5794.054050508799
6622.428112128
7159.42258304
8284.9034191872
8536.262784153601
7925.4114042368
8120.0691799552
8649.0356812288
9357.4833466368
11970.4908108288
12701.3520610816
13961.0637837824
17125.3469503488
4449.7425039616
15673.385234892801
15624.4388273664
10482.721424332798
8401.811790899199
8317.7001967104
9791.4766851072
9856.981710899201
10007.619622656
10529.168956620799
10571.4609230848
10148.3110896128
9994.5438575616
3541.51415949312
9707.307036416001
16039.04
10678.101103616
10775.656489779201
11067.743085721599
9988.7048648704
7808.3892397568
11819.4949837312
12695.1397402624
12776.717907456
8925.6262910976
10918.7562459648
9865.6970738176
9185.088109004799
9268.5295671808
12762.361081088
11843.52
10771.4145664512
12885.579435724801
10093.032565862399
10420.6365467648
12457.4151111168
10263.2830579712
11787.437660825599
11942.279855616
11033.4453996544
12779.5900170752
13559.48628352
16035.612444467199
12360.705799628799
10445.7781492736
11847.448025907199
6233.2025672192
15942.7726582272
13687.2006926336
9276.9229417984
10531.6304093696
10530.491856128001
10454.8592941056
10623.6852773376
10930.72405632
9895.5349929984
12064.790180505599
12153.159412736
10846.0099004416
13539.134325964802
12044.7606153728
8836.0730174464
9904.0304761856
12226.257041408
13439.7435250688
14974.8667733504
14970.092307712
11142.166596966399
9599.6660869632
11765.1538940928
13144.5521243648
12842.4440579584
10034.584984985599
9439.8903670784
9345.8700520448
10105.0729411584
9081.8038569984
11436.8804074496
8182.8584082944
6175.4312678912
10030.9305537536
12281.469225984
13798.096724735999
11426.8733923328
13453.7373875712
14204.6229787136
18234.095276390402
17895.2084210688
9176.3421965312
12911.0926994944
13388.4749206528
9130.3656148992
9576.6371580928
9353.757425305601
8539.0119349248
7467.835270912
11158.4114970112
8528.0079668224
10639.0007017472
11023.3522070016
11411.3726208512
19630.949433958398
20308.8346599424
10722.8898541568
9135.0437646848
9646.529238732799
13824.32
10797.0457855488
10592.2313252864
10734.1585275904
11229.636319027199
11247.077558681598
10967.887140761599
10452.0441652736
8712.656494847999
7712.6715203584
8060.2333039616
8908.9026566656
7611.168721817599
6837.7216563712
7923.0767301119995
8841.1293121536
9789.601471744001
7431.525302169601
8338.2277075456
8299.3933569024
8759.6175030784
7747.9726193152
7738.7170037248
8269.4312328704
7054.7425125376
7252.5913043456
7345.6396937216
6926.817882368
5194.7928473087995
7710.937872332799
7509.564745779199
5468.9309328896
5553.966910976
4692.4666248704
2737.62932271104
1967.26237033472
4163.36375772672
9642.5935983616
10812.9655598592
10564.3076500992
9140.356129024
8284.6312970752
10656.698982092801
10052.632576
9842.0237837824
10688.0263917568
12049.624160256
15083.2038004736
14082.6548148224
11515.002320793601
13101.505026713601
13445.503042406399
10046.6283457024
12426.5094736896
12874.484585984
14586.729706444801
15167.896088575999
16652.348924467202
15987.510816768
14998.8944481792
15106.211542630399
15716.583547750399
15640.7164066304
15766.065380710399
15906.510978713599
16086.481454540799
16684.4522543104
16866.286810572798
16783.3845563392
16870.329216614402
16078.0370469888
16427.987478272
18489.727251456
17389.458436198398
12463.0366781952
16085.0370109952
18228.985435904
18946.518930483202
19209.9358415872
20748.7024047104
23207.9644444672
23064.6647677952
17487.947155968
17432.512331622398
10643.7839275008
14316.223353548801
17987.860756736
18698.9813574656
19631.4952845312
20272.8340794368
22673.1495145472
22466.9916627456
22939.4618181632
23603.84
23933.005283020797
23319.174736844798
14984.380269056
16905.301673318398
19739.2991648256
22809.791203328
22594.3529918976
20727.1463384576
20744.2638596608
