2304.05339292672
3236.53373693952
3446.49509718016
2946.398931456
2646.88509234176
2679.71227195392
2419.4886220288
2420.03589783552
3851.37335922688
3600.04887272448
2985.51836608512
3049.94920388608
3154.0973858304
1612.70442667008
1751.44593056768
1137.99799282688
3085.04405679104
2877.5229680128
2487.29080203264
2385.684389376
2295.56247108608
2009.39302127616
2314.45887023104
2468.15194701824
2358.96690961408
2695.21351110656
997.567823691776
3436.52830651392
3404.30370551808
2751.74312628224
1000.911201210368
2923.21400470528
2978.51002390528
3246.81277064192
2517.21823255552
2265.13417069568
2712.66331783168
2302.42857862144
2344.8230212096
2689.27908896768
1486.13083900928
2110.18147315712
2247.62408736768
2399.57109508096
3118.11592982528
3191.89102702592
3240.4234154496
3393.43286331392
3490.283947776
4005.31544086528
4445.91542856704
4285.95526114304
3395.75178795008
3415.19545060352
3985.33441915904
3992.7293526528
4187.29581502464
4222.23687218176
4285.01724770304
3336.83667478528
3497.70011881472
4007.01793103872
4059.037696
3982.60062921728
2831.79389830144
2466.9946046464
3556.98262177792
3569.58420779008
3407.52234146816
3351.40425870336
2819.48861997056
3256.46288371712
3460.10750562304
2818.41176554496
2275.89296551936
1953.95212105728
2679.27307462656
2688.39173154816
2754.14418215936
3042.88174318592
3097.57502439424
2848.17737827328
2788.34353719296
2615.63854803968
3643.00454053888
4109.98432323584
4053.2820600832
2625.05724675072
2889.07708527616
3461.47354947584
3465.27451428864
3456.96534605824
3297.55105882112
2807.25887352832
3345.48023236608
3384.15500767232
3480.01667226624
3453.14557043712
2836.89452505088
2881.60756073472
3044.69333332992
3570.75069387776
3979.19721739264
4048.94792113152
4209.95779387392
4215.65781332992
1298.1992012288
1920.96938667008
2146.24394134528
1895.81448532992
787.33312
1030.6526002688
2881.99898981376
3101.57483062272
3143.41211813888
3251.49038806016
2675.52674354176
1077.39831192576
1567.81649557504
1336.44748594176
688.745813332992
755.766485133312
1765.90410062848
760.695244299264
313.049614618624
359.011902439424
320.45943148032
365.547342939136
507.083628040192
451.556324324352
493.112227774464
1237.10483746816
1347.34305882112
1276.84767097856
1609.63502030848
1718.32594368512
1951.60841811968
2084.26103553024
2112.87060452352
2095.26653968384
2158.05575487488
1189.9423030272
1747.30803926016
1406.42827907072
1320.98075675648
1791.26341325824
2077.768743168
2194.40369430528
1601.29505882112
1636.31159939072
1020.409900940288
658.128724739072
1322.54792584192
771.217680289792
1092.49165182976
1300.63922788352
1476.52240570368
1388.44255108096
981.54747169792
1027.08374012928
1137.75116767232
1295.48065901568
1279.05220872192
1320.5320596992
1279.05919054848
1986.7914124288
1479.63453700096
947.182778783744
625.762521549824
559.768462222336
1314.65420374016
659.483168162816
660.580944521216
692.72994226176
574.02537908736
548.45186377728
584.178703801344
672.877557774336
885.87061100032
843.701780294656
1057.52357281792
1032.04750920704
1179.27781756928
917.350234304512
1100.99395864576
845.951868986368
756.160935281664
1105.42815748096
1182.44779747328
977.422867040256
781.133691542528
1435.97505702912
1147.91790045184
481.591652173824
1132.71755932672
1367.68113457152
1167.17103574016
1144.04988137472
831.185419930624
1641.0042777088
1781.42830884864
1821.5011902464
1569.16977325056
1467.8684773376
1220.35555007488
1573.08023553024
1805.42970115072
1655.2494545408
1709.58066430976
1508.23646672896
1325.68450939904
1410.87821892608
1866.60895159296
711.859014043648
1527.37867421696
1828.71212583936
1674.4941843968
1537.10576425984
1787.48654196736
1676.04478695424
1682.56103583744
1965.35750339584
2081.05310440448
1344.67246526464
1344.88863386624
1122.31094825984
1829.69948747776
1752.88632122368
1651.82073278464
2064.17895589888
2388.19748726784
1391.38595625984
1522.18770893824
1586.50829138944
1701.99870270464
1969.93355763712
1847.27361748992
1800.9088
1986.07648304128
1624.98384456704
1504.45819108352
1352.05820209152
1725.68476097536
1485.30972444672
889.538712836096
1557.65984882688
1522.3868235264
1179.27781756928
1477.90001251328
1199.19071711232
1269.5775361024
1051.38196806656
1487.56954701824
708.750955994112
1081.55641938944
1519.43101935616
1306.7869896192
1140.17912809472
1136.06235897856
904.334722597888
1208.27800000512
1361.84702350336
1655.77098795008
1342.27461328896
1283.10905905152
11520.2669646336
16182.6686846976
17232.4754859008
14731.99465728
13234.425461708799
13398.561359769601
12097.443110143999
12100.179489177599
19256.8667961344
18000.2443636224
14927.5918304256
15249.7460194304
15770.486929152
8063.5221333504
8757.2296528384
5689.9899641344
15425.220283955201
14387.614840064
12436.4540101632
11928.42194688
11477.8123554304
10046.9651063808
11572.294351155198
12340.7597350912
11794.834548070401
13476.0675555328
4987.83911845888
17182.6415325696
17021.5185275904
13758.7156314112
5004.55600605184
14616.0700235264
14892.5501195264
16234.0638532096
12586.0911627776
11325.670853478401
13563.316589158401
11512.1428931072
11724.115106048
13446.3954448384
7430.6541950464
10550.907365785599
11238.1204368384
11997.855475404798
15590.5796491264
15959.4551351296
16202.117077248
16967.1643165696
17451.41973888
20026.5772043264
22229.5771428352
21429.7763057152
16978.7589397504
17075.977253017598
19926.6720957952
19963.646763264
20936.479075123203
21111.184360908803
21425.0862385152
16684.1833739264
17488.5005940736
20035.0896551936
20295.18848
19913.0031460864
14158.9694915072
12334.973023232
17784.9131088896
17847.9210389504
17037.6117073408
16757.021293516802
14097.4430998528
16282.3144185856
17300.5375281152
14092.058827724799
11379.464827596801
9769.7606052864
13396.365373132801
13441.958657740799
13770.7209107968
15214.408715929601
15487.8751219712
14240.8868913664
13941.717685964799
13078.1927401984
18215.0227026944
20549.9216161792
20266.410300416
13125.286233753599
14445.385426380799
17307.3677473792
17326.3725714432
17284.8267302912
16487.7552941056
14036.2943676416
16727.4011618304
16920.7750383616
17400.083361331202
17265.7278521856
14184.4726252544
14408.0378036736
15223.4666666496
17853.7534693888
19895.9860869632
20244.7396056576
21049.7889693696
21078.2890666496
6490.996006144
9604.8469333504
10731.219706726399
9479.0724266496
3936.6656000000003
5153.263001343999
14409.994949068801
15507.8741531136
15717.0605906944
16257.4519403008
13377.633717708799
5386.9915596288
7839.0824778752
6682.237429708801
3443.72906666496
3778.83242566656
8829.5205031424
3803.4762214963202
1565.24807309312
1795.0595121971198
1602.2971574016
1827.73671469568
2535.41814020096
2257.7816216217598
2465.56113887232
6185.5241873407995
6736.715294105599
6384.2383548928
8048.175101542401
8591.6297184256
9758.0420905984
10421.3051776512
10564.353022617599
10476.3326984192
10790.278774374401
5949.711515136
8736.5401963008
7032.1413953536
6604.903783782401
8956.3170662912
10388.843715840001
10972.0184715264
8006.4752941055995
8181.557996953599
5102.04950470144
3290.64362369536
6612.7396292096
3856.08840144896
5462.4582591488
6503.1961394176005
7382.612028518401
6942.212755404799
4907.7373584895995
5135.4187006464
5688.7558383616
6477.4032950784
6395.261043609599
6602.660298496001
6395.2959527424
9933.957062144
7398.172685004801
4735.91389391872
3128.8126077491197
2798.84231111168
6573.2710187008
3297.41584081408
3302.90472260608
3463.6497113088
2870.1268954367997
2742.2593188864
2920.89351900672
3364.3877888716797
4429.3530550016
4218.50890147328
5287.6178640896
5160.2375460352005
5896.3890878464
4586.75117152256
5504.9697932288
4229.75934493184
3780.80467640832
5527.1407874048
5912.2389873664
4887.1143352012805
3905.6684577126402
7179.8752851456
5739.5895022592
2407.95826086912
5663.5877966336
6838.4056728576
5835.8551787008
5720.2494068736
4155.9270996531195
8205.021388543999
8907.1415442432
9107.505951232
7845.8488662528
7339.342386688
6101.7777503744
7865.401177651201
9027.1485057536
8276.247272704
8547.9033215488
7541.182333644801
6628.4225469952
7054.3910946304
9333.0447579648
3559.29507021824
7636.8933710848
9143.5606291968
8372.470921984
7685.5288212992
8937.4327098368
8380.2239347712
8412.8051791872
9826.7875169792
10405.2655220224
6723.3623263232
6724.4431693312
5611.5547412992
9148.4974373888
8764.4316061184
8259.1036639232
10320.8947794944
11940.987436339201
6956.9297812992
7610.938544691199
7932.5414569472005
8509.9935135232
9849.6677881856
9236.3680874496
9004.544
9930.3824152064
8124.9192228352
7522.2909554176
6760.291010457599
8628.4238048768
7426.5486222336
4447.69356418048
7788.2992441344
7611.9341176319995
5896.3890878464
7389.5000625664
5995.9535855616
6347.887680512
5256.9098403328
7437.8477350912
3543.75477997056
5407.7820969471995
7597.1550967808
6533.934948096001
5700.8956404736
5680.3117948928
4521.67361298944
6041.3900000256
6809.2351175168005
8278.854939750401
6711.373066444799
6415.5452952576
