712.614353924096
746.271800582144
1022.727382325248
914.621381342208
996.497420118016
873.846126559232
1092.90071414784
962.3424
949.022622009344
1033.9565953024
1064.20606593024
940.553197604864
957.729511058432
1120.79844324352
1080.88542916608
1000.004535433216
916.220915662848
789.67716325376
723.775905465344
533.034772120576
949.564639439872
882.630579439616
1144.1287245312
972.448647097344
1060.09022308352
841.28051791872
858.606093657088
822.120887259136
1101.72370085888
941.893383177216
690.968463707136
587.407069503488
696.094986964992
737.297066667008
574.982119522304
587.572397661184
711.9706368256
690.077557021696
723.75453776384
1236.80429459456
1147.63824319488
1067.08040403968
1068.7886053376
1042.54869515264
720.294257345536
724.169451200512
901.895883788288
1101.21517820928
1194.6190813184
908.522770732032
568.798579634176
882.485214426112
1196.29625806848
1295.52661060608
873.999800393728
1090.36276516864
1114.46488614912
1313.58480467968
1342.14620689408
1389.3418450432
1115.28875138048
945.927213524992
917.504
686.921426356224
684.73704918016
483.421329536
494.161272077312
576.826828960768
782.31497526784
949.4464496128
668.27158742528
704.100082966528
558.638672108544
691.702625980416
900.012218181632
535.042828729344
515.837057471488
1008.993370276864
837.52682285056
958.946177805312
859.273179972608
517.850432413696
512.750103343104
549.939717172224
600.740581615616
549.107217273856
613.654788824064
485.888
579.83810812928
598.761812089856
543.67399925248
471.04666016256
522.688745920512
620.23267958272
659.517984457728
689.528195935232
693.284571428864
484.514592352256
607.558097854464
604.483819894784
1052.88047903744
1069.31571580928
965.289766644736
756.51395368448
829.969713344512
593.754621596672
415.60249815552
321.519089488896
690.442626414592
1036.34173760512
928.702238532608
989.899755102208
995.120607594496
727.696653239296
583.846921629696
525.120176308224
1229.03191963648
991.722021111808
1025.54711433216
705.406304186368
814.682085756928
1011.734882681856
963.220418525184
653.24039160832
856.936618133504
896.618558375936
508.463736116224
685.648259459072
592.728187290624
423.512902408192
987.371895287808
1477.20084210688
923.892383193088
967.956692840448
1260.30356594688
1338.90790091776
1084.43681703936
1220.81097324544
1107.30343614464
1738.77223271424
1204.88649455616
667.328237918208
670.691281708032
822.808380952576
477.132768761856
476.550003751936
352.556031524864
316.129836495872
426.578312246272
733.5573768704
1139.74355181568
1223.33512953856
973.335833065472
1052.05629922304
1354.36568039424
1056.94647494656
1023.65263604224
647.605695306752
725.045519163392
3563.07176962048
3731.35900291072
5113.636911626239
4573.10690671104
4982.4871005900795
4369.23063279616
5464.5035707392
4811.7119999999995
4745.11311004672
5169.7829765120005
5321.030329651199
4702.76598802432
4788.64755529216
5603.992216217601
5404.4271458304
5000.02267716608
4581.10457831424
3948.3858162688
3618.8795273267197
2665.1738606028803
4747.82319719936
4413.15289719808
5720.643622656
4862.24323548672
5300.4511154176
4206.4025895936
4293.03046828544
4110.60443629568
5508.6185042944
4709.46691588608
3454.84231853568
2937.0353475174397
3480.47493482496
3686.48533333504
2874.9105976115197
2937.86198830592
3559.853184128
3450.38778510848
3618.7726888191996
6184.0214729727995
5738.191215974401
5335.402020198399
5343.943026688001
5212.7434757632
3601.4712867276803
3620.84725600256
4509.47941894144
5506.075891046401
5973.0954065920005
4542.61385366016
2843.99289817088
4412.42607213056
5981.4812903424
6477.6330530304
4369.99900196864
5451.8138258432
5572.324430745601
6567.9240233984
6710.7310344704
6946.709225216
5576.4437569024
4729.63606762496
4587.52
3434.6071317811197
3423.6852459008005
2417.1066476799997
2470.80636038656
2884.13414480384
3911.5748763392003
4747.2322480640005
3341.3579371264
3520.50041483264
2793.1933605427203
3458.51312990208
4500.06109090816
2675.21414364672
2579.1852873574403
5044.96685138432
4187.6341142528
4794.73088902656
4296.36589986304
2589.25216206848
2563.75051671552
2749.69858586112
3003.70290807808
2745.53608636928
3068.27394412032
2429.44
2899.1905406464
2993.80906044928
2718.3699962624
2355.2333008128
2613.44372960256
3101.1633979136004
3297.5899222886396
3447.64097967616
3466.42285714432
2422.57296176128
3037.79048927232
3022.41909947392
5264.4023951871995
5346.5785790464
4826.44883322368
3782.5697684224
4149.84856672256
2968.77310798336
2078.0124907776
1607.59544744448
3452.2131320729604
5181.7086880256
4643.51119266304
4949.49877551104
4975.60303797248
3638.48326619648
2919.23460814848
2625.60088154112
6145.1595981824
4958.61010555904
5127.7355716608
3527.0315209318396
4073.4104287846403
5058.67441340928
4816.10209262592
3266.2019580416
4284.68309066752
4483.09279187968
2542.31868058112
3428.2412972953603
2963.64093645312
2117.56451204096
4936.85947643904
7386.0042105344
4619.46191596544
4839.78346420224
6301.517829734401
6694.5395045888
5422.1840851968
6104.054866227199
5536.5171807232
8693.8611635712
6024.4324727808
3336.6411895910396
3353.45640854016
4114.04190476288
2385.66384380928
2382.75001875968
1762.78015762432
1580.64918247936
2132.89156123136
3667.786884352
5698.7177590783995
6116.6756476928
4866.67916532736
5260.2814961152
6771.828401971199
5284.732374732801
5118.2631802112
3238.0284765337597
3625.22759581696
