1196.88190761984
1483.29993723904
1681.08858715136
1766.59746258944
2249.18950250496
2486.0405571584
2718.98842718208
2311.0661763584
1498.3624400384
1636.3858512384
2347.70307878912
2013.7485128192
2312.0944761856
1935.245312
2154.32674379776
2495.0997249536
2280.2499550208
2351.1468153344
1957.37531824128
1113.9765950464
935.913623921664
1006.838720681984
1796.70584889344
420.1701736192
384.518226379776
359.717077607424
467.398670538752
674.386381955072
1061.67379592192
1060.86938947584
1005.47462614016
733.825134081024
819.29426411008
865.816738837504
1069.04082963456
1264.97151079424
1319.25944580096
1263.45519931392
1022.316153627648
1033.0655147008
1160.27279265792
1305.21649421312
1308.5622524928
1216.74012302336
1014.16609415168
777.826353458176
1097.71061951488
1211.52526027776
1237.7581037056
787.098438457344
1004.577728589824
1227.91054014464
1096.68248404992
1414.4771576832
1264.10417473536
1540.5311761408
1135.42660814848
1144.86749031424
1031.05271523328
1058.87477262336
1239.53583158272
886.00924340224
990.976
963.183304347648
1054.10624605184
982.745569499136
1061.00190431232
1471.79643373568
1002.69198086144
1592.51124349952
1366.96305202176
1628.23144185856
1657.8711601664
1697.07574759424
1701.41944576
1651.90195309568
1265.43713191936
863.298206896128
705.264326531072
1356.49715177472
2189.66510345216
2518.09059602432
2462.69757664256
2401.94258823168
1932.48986380288
2407.62395266048
2844.62265060352
2901.37906220032
2963.74508150784
1626.31052027904
3083.50698305536
3114.98597849088
3397.4768484864
3316.14444621824
2910.68857761792
2833.41457815552
2760.81322667008
2185.98250292224
2343.72577483776
2727.31676220416
2463.48217162752
2005.3499598848
1899.2796057088
2184.46278419456
1721.38365375488
1704.44385983488
1831.26257854464
1232.44400342016
1430.8292942336
792.123044011008
4937.97775609856
4927.50100317184
641.751248979968
1890.776169728
1230.36940049408
1429.19305716736
1688.56957590528
1426.35323076608
1067.24857831424
682.966493586432
485.45960411136
1460.48825806848
1184.720472576
1076.19096774656
1160.72661100544
1276.48676422656
1262.02653299712
1231.5041553408
886.12864
376.508935211008
1846.8904113152
1908.90140701696
1980.95844324352
1850.44259602432
1772.7164631552
1672.74700618752
1931.41936551936
2302.4266766336
1985.9397046272
1915.38271342592
1825.06953121792
1050.6513979904
1152.72048345088
1953.47777120256
2606.73536
2351.86251851776
2398.93804416
2489.95991143424
2773.56389434368
2617.3042330112
1391.07161709568
2176.07078340608
2425.552896
2539.63164565504
2834.8274758656
2622.36990270464
2527.8682024448
2385.46246808576
1547.12315241472
1706.37192804352
2110.3741754368
2194.99284805632
2538.56032598016
2328.30652632064
2477.60535622656
2654.0534339584
2910.0504615424
3115.62675744768
3992.71253332992
3946.14842819584
3786.51899401216
3781.33190156288
3118.45679653888
2910.01663618048
2297.02885945344
2065.88865306624
1918.61905562624
1524.85075862528
991.675632047104
645.291184062464
1007.231830912
1214.61187003392
1334.50472727552
961.537389416448
590.289000443904
880.655275439104
806.235031719936
711.733211660288
568.89997563904
698.973073952768
1103.09980327936
1137.53445783552
1324.75120626688
1033.38616909824
840.63315723264
977.140062176256
839.773830762496
546.437343936512
497.921292545024
815.042052026368
386.49169846784
587.735168940032
765.56760223744
787.47683573248
630.8329366784
537.641926439936
448.77824
371.672807237632
562.13554763776
769.326717166592
766.448859384832
1007.236238410752
1004.135619047424
1051.49418025984
657.919062843392
793.92867902464
753.121786284032
554.285396709376
887.887895176192
477.132889146368
1041.81481460736
992.101698629632
714.11933757952
812.44729721856
914.127818594304
1352.9699468288
1374.29861947392
1726.57278522368
1348.20035047424
1251.3339190784
1439.76286592
1476.512945152
932.109851049984
715.112692537344
1208.1333716992
537.482934126592
957.651762039808
1486.81841073152
1970.038180352
1846.57255064576
1778.16764868608
2152.79170041856
2473.8837482496
5984.409538099199
7416.4996861952
8405.442935756799
8832.9873129472
11245.9475125248
12430.202785792
13594.942135910402
11555.330881791999
7491.812200192
8181.929256191999
11738.5153939456
10068.742564096
11560.472380928
9676.22656
10771.6337189888
12475.498624767999
11401.249775104
11755.734076671999
9786.8765912064
5569.882975232
4679.56811960832
5034.19360340992
8983.5292444672
2100.850868096
1922.5911318988801
1798.58538803712
2336.9933526937602
3371.93190977536
5308.3689796096
5304.3469473792
5027.3731307008
3669.1256704051198
4096.4713205504
4329.0836941875195
5345.204148172799
6324.8575539712
6596.2972290048
6317.2759965696005
5111.580768138239
5165.327573504
5801.3639632896
6526.082471065601
6542.811262464001
6083.7006151168
5070.8304707584
3889.13176729088
5488.5530975743995
6057.6263013888
6188.790518528
3935.4921922867197
5022.88864294912
6139.552700723199
5483.4124202496005
7072.385788416
6320.5208736768
7702.655880704
5677.1330407424
5724.3374515712
5155.2635761664
5294.3738631168
6197.6791579136
4430.0462170112005
4954.88
4815.91652173824
5270.531230259199
4913.72784749568
5305.0095215616
7358.9821686784
5013.4599043072
7962.5562174976
6834.8152601087995
8141.1572092928
8289.355800832
8485.378737971201
8507.0972288
8259.5097654784
6327.185659596799
4316.49103448064
3526.32163265536
6782.4857588735995
10948.3255172608
12590.4529801216
12313.4878832128
12009.7129411584
9662.4493190144
12038.1197633024
14223.1132530176
14506.8953110016
14818.725407539201
8131.5526013952
15417.5349152768
15574.9298924544
16987.384242432
16580.7222310912
14553.442888089601
14167.0728907776
13804.0661333504
10929.912514611202
11718.6288741888
13636.5838110208
12317.4108581376
10026.749799424
9496.398028544001
10922.3139209728
8606.9182687744
8522.2192991744
9156.312892723201
6162.2200171008
7154.146471168
3960.61522005504
24689.8887804928
24637.505015859202
3208.7562448998397
9453.88084864
6151.8470024704
7145.9652858368
8442.8478795264
7131.7661538304
5336.2428915712
3414.83246793216
2427.2980205568
7302.4412903424
5923.60236288
5380.9548387328
5803.6330550272
6382.4338211327995
6310.1326649856
6157.520776704
4430.6432
1882.54467605504
9234.452056576
9544.5070350848
9904.7922162176
9252.2129801216
8863.582315776
8363.7350309376
9657.0968275968
11512.133383168
9929.698523136
9576.913567129599
9125.3476560896
5253.256989952
5763.6024172544
9767.3888560128
13033.676800000001
11759.312592588798
11994.690220800001
12449.7995571712
13867.819471718401
13086.521165056
6955.3580854784
10880.3539170304
12127.764480000002
12698.158228275199
14174.137379328
13111.8495135232
12639.341012223998
11927.3123404288
7735.615762073599
8531.8596402176
10551.870877184001
10974.964240281599
12692.801629900801
11641.5326316032
12388.026781132801
13270.267169792001
14550.252307712
15578.133787238401
19963.5626666496
19730.7421409792
18932.5949700608
18906.6595078144
15592.2839826944
14550.0831809024
11485.1442972672
10329.4432653312
9593.0952781312
7624.2537931264
4958.37816023552
3226.45592031232
5036.1591545599995
6073.0593501696
6672.5236363776
4807.68694708224
2951.44500221952
4403.27637719552
4031.1751585996803
3558.66605830144
2844.4998781952
3494.86536976384
5515.4990163968
5687.6722891776
6623.7560313344
5166.930845491201
4203.1657861632
4885.7003108812805
4198.86915381248
2732.1867196825597
2489.60646272512
4075.2102601318397
1932.4584923392001
2938.6758447001603
3827.8380111872
3937.3841786624002
3154.164683392
2688.20963219968
2243.8912
1858.36403618816
2810.6777381888005
3846.63358583296
3832.2442969241597
5036.18119205376
5020.67809523712
5257.470901299201
3289.59531421696
3969.6433951232
3765.6089314201604
2771.42698354688
4439.43947588096
2385.66444573184
5209.0740730368
4960.50849314816
3570.5966878976
4062.2364860928
4570.63909297152
6764.849734144
6871.493097369601
8632.8639261184
6741.0017523711995
6256.669595392
7198.8143296
7382.564725759999
4660.54925524992
3575.5634626867195
6040.666858496001
2687.41467063296
4788.2588101990395
7434.0920536576
9850.19090176
9232.8627532288
8890.8382434304
10763.9585020928
12369.418741248
