2046.77695946752
1888.8288370176
1628.78805332992
1442.77193803776
1139.81769204736
1285.24243478528
1491.64211984384
1388.72409469952
1269.4126592
1025.25663689728
1024.79102645248
815.430935755776
972.848495446016
576.194515283968
553.446997876736
250.989280632832
947.027845578752
952.405273112576
1113.62792727552
1190.20898895872
1053.43287507968
1176.10799502336
953.440603773952
780.91344997376
581.811725407232
794.874547241984
958.61580410368
858.30994066944
1117.25135033344
1313.12823452672
1413.6801367552
1050.1825460736
1170.87864682496
1113.77684342784
1053.4343941632
1138.98649393152
1314.30448074752
1571.18516738048
1480.30536766464
1112.94171428864
1527.41225120768
1231.96454810624
827.528454910976
962.352641683456
1199.8825856512
873.73589149184
906.637158878208
978.604082988032
756.524477645824
647.816236521472
610.467971176448
724.71187506688
906.844911197184
926.949713538048
1029.46766898176
907.239271131136
753.408399376384
693.709084619776
642.457881705472
864.270760359936
932.104781002752
1515.19133400064
1523.6627987968
1865.53397895168
1887.86259887104
1542.99298909184
1392.46218914816
1440.93307470848
1386.68402977792
1518.90023901184
1378.91899708416
1280.25512228864
877.349196580864
772.90103458304
825.0112
1122.00147139584
1144.42538433536
1115.0184217088
1021.417300492288
960.713277641728
979.942716049408
1174.46078764032
1248.43503422464
1087.269869824
1267.13201410048
1215.49947124736
1420.1725112832
1531.28339393536
1518.08938492928
1310.11947091968
1214.87086477312
1162.4947672576
1334.72304761856
1878.89899773952
1292.0845128192
1283.4186304512
1257.45541700608
1354.35872463872
1298.72510825472
1305.08375583744
1618.69772151808
2204.30594016256
1700.7486364672
2126.29661538304
1376.47982513152
1555.59328905216
1254.82951744512
1574.56507104256
1557.16847660032
1793.01496090624
1984.87341176832
1707.54985259008
1223.043650816
1503.68813498368
1466.51313385472
1349.51238230016
849.614868686848
1111.38564037632
702.68027367424
716.031036041216
683.336069449728
812.565536736256
1176.03665759232
1238.90419098624
1394.39032558592
1802.38628571136
2024.99431634944
2105.31000829952
1875.4045291008
1909.43817143296
611.636860540928
841.7414358016
1374.28992
1492.87710774272
1725.05059154944
1606.00752461824
1851.608647936
1358.10173318144
1396.80090140672
1204.57909049344
1484.18010728448
1147.56079634432
1296.3442330112
1010.747899721728
1162.85592267776
909.746246418432
809.434124534784
681.251020696576
431.8416169216
569.640435288064
711.032674530304
1196.9768314368
1197.21268312064
1331.03908571136
989.289973525504
1403.48630279168
1586.49340635136
1401.4592
957.827682393088
1917.3858168832
2004.85546667008
1990.97107692544
1972.57524011008
2033.92294252544
2378.9095384576
2313.56631578624
2302.19452632064
2302.42857862144
2120.02435398656
2399.00769523712
2465.2969668608
2432.02210071552
2875.70267464704
2646.90482459648
1503.02416913408
2274.79874157568
2499.45703059456
2517.90303203328
2493.99020895232
2665.43353131008
2757.59311392768
3058.61352727552
3030.61718709248
2971.29163940864
2938.41433995264
2941.26325979136
3037.32568553472
3043.67210840064
3409.24729926656
3389.89591519232
3189.7761805824
3166.97224318976
3428.24129729536
3408.18707692544
3427.19671794688
2698.39791415296
2874.0419584
2987.58678260736
2936.07879510016
2710.79378671616
2522.50248532992
2373.35430508544
1838.50488357888
2330.05260498944
2357.17485714432
2158.05575487488
1957.28827414528
1444.79844184064
1391.59538254848
1662.1054367744
2267.86742856704
2715.94057143296
2835.20645378048
3181.79407792128
3228.5309700608
3875.1280761856
3918.7332780032
2972.49129411584
2839.55004952576
2879.50952013824
2710.2705698304
2527.8682024448
2776.88510217216
2779.1394190336
2889.82342651904
2851.73406896128
2766.96203117568
2173.2733023232
1877.46733156352
1596.17156128768
1138.98649393152
819.996644405248
955.214987606016
1876.47064229888
1713.57692517376
1210.23669281792
1614.37952244736
2088.01020290048
1472.57381086208
901.05251204096
958.863069011968
1552.162816
1591.74522384384
1600.93263712256
1778.01592363008
1828.47600959488
1723.1625505792
2295.17425406976
1340.8761702912
1354.12176602112
1352.69226841088
1624.22012556288
1285.0286132736
1225.89732283392
1502.49106342912
1570.07872
2609.06003453952
2642.60266667008
2478.68151049216
2503.00883895296
2782.44637377536
3207.63611428864
2599.12987234304
2401.86388538368
2454.03371949056
10233.8847973376
9444.144185088
8143.940266649601
7213.8596901888
5699.0884602368
6426.2121739264
7458.2105992192
6943.6204734976
6347.063296
5126.2831844864
5123.9551322624
4077.1546787788798
4864.24247723008
2880.97257641984
2767.23498938368
1254.94640316416
4735.13922789376
4762.02636556288
5568.1396363776
5951.044944793601
5267.164375398399
5880.5399751168
4767.20301886976
3904.5672498688
2909.05862703616
3974.3727362099203
4793.0790205184
4291.5497033472
5586.256751667201
6565.6411726336
7068.400683776
5250.912730368
5854.3932341248
5568.884217139201
5267.171970816
5694.9324696576
6571.5224037376
7855.925836902399
7401.5268383232
5564.7085714432
7637.0612560384
6159.8227405312
4137.642274554881
4811.76320841728
5999.412928256001
4368.6794574592
4533.18579439104
4893.02041494016
3782.62238822912
3239.08118260736
3052.33985588224
3623.5593753344
4534.22455598592
4634.74856769024
5147.3383449088
4536.19635565568
3767.0419968819197
3468.5454230988803
3212.28940852736
4321.35380179968
4660.52390501376
7575.956670003199
7618.313993984
9327.6698947584
9439.312994355201
7714.9649454592
6962.3109457408
7204.665373542401
6933.4201488896
7594.501195059201
6894.5949854208
6401.2756114431995
4386.74598290432
3864.5051729152
4125.0560000000005
5610.0073569792
5722.1269216768
5575.0921085439995
5107.0865024614395
4803.56638820864
4899.71358024704
5872.3039382015995
6242.1751711232
5436.34934912
6335.6600705024
6077.4973562367995
7100.862556416
7656.4169696768
7590.4469246464
6550.5973545984
6074.3543238656
5812.473836288
6673.6152380928
9394.4949886976
6460.422564095999
6417.093152256
6287.2770850304005
6771.7936231936
6493.6255412736
6525.418779187201
8093.4886075904
11021.5297008128
8503.743182336
10631.4830769152
6882.399125657601
7777.966445260799
6274.1475872256
7872.8253552128
7785.8423830016
8965.0748045312
9924.3670588416
8537.7492629504
6115.21825408
7518.4406749184
7332.5656692736
6747.561911500799
4248.07434343424
5556.9282018816
3513.4013683712
3580.15518020608
3416.68034724864
4062.82768368128
5880.1832879615995
6194.5209549312
6971.9516279296
9011.9314285568
10124.971581747199
10526.550041497601
9377.022645504
9547.1908571648
3058.18430270464
4208.707179008
6871.4496
7464.3855387136
8625.2529577472
8030.037623091201
9258.043239679999
6790.5086659072
6984.0045070336
6022.8954524672
7420.9005364224
5737.8039817215995
6481.721165056
5053.73949860864
5814.2796133888
4548.73123209216
4047.17062267392
3406.2551034828803
2159.208084608
2848.2021764403203
3555.16337265152
5984.884157184
5986.063415603199
6655.1954285568
4946.44986762752
7017.4315139584
7932.4670317568
7007.296
4789.13841196544
9586.929084416
10024.2773333504
9954.8553846272
9862.8762005504
10169.6147126272
11894.547692287999
11567.8315789312
11510.9726316032
11512.1428931072
10600.1217699328
11995.0384761856
12326.484834304
12160.1105035776
14378.5133732352
13234.5241229824
7515.1208456704
11373.9937078784
12497.2851529728
12589.5151601664
12469.9510447616
13327.1676565504
13787.9655696384
15293.0676363776
15153.0859354624
14856.458197043201
14692.0716997632
14706.316298956799
15186.6284276736
15218.3605420032
17046.2364963328
16949.4795759616
15948.880902911998
15834.8612159488
17141.2064864768
17040.9353846272
17135.983589734402
13491.9895707648
14370.209792000001
14937.933913036799
14680.3939755008
13553.9689335808
12612.5124266496
11866.7715254272
9192.5244178944
11650.2630249472
11785.8742857216
10790.278774374401
9786.4413707264
7223.992209203199
6957.976912742401
8310.527183872
11339.3371428352
13579.7028571648
14176.0322689024
15908.9703896064
16142.654850304
19375.640380928002
19593.666390016002
14862.4564705792
14197.750247628801
14397.5476006912
13551.352849152
12639.341012223998
13884.4255108608
13895.697095168
14449.1171325952
14258.6703448064
13834.8101558784
10866.366511616
9387.3366578176
7980.8578064384
5694.9324696576
4099.983222026241
4776.07493803008
9382.3532114944
8567.884625868799
6051.1834640895995
8071.897612236799
10440.051014502402
7362.8690543104
4505.2625602048
4794.31534505984
7760.81408
7958.7261192192
8004.6631856128
8890.0796181504
9142.3800479744
8615.812752896
11475.8712703488
6704.380851456
6770.608830105601
6763.461342054399
8121.1006278144
6425.143066368
6129.4866141696
7512.4553171456
7850.393599999999
13045.3001726976
13213.0133333504
12393.407552460802
12515.0441947648
13912.2318688768
16038.1805714432
12995.649361715201
12009.3194269184
12270.1685974528
