1829.61430240256
1505.6799865856
1643.39601794048
1616.68369527808
2038.22165203968
2627.60675555328
2699.33308915712
2649.02854193152
2551.07045659648
2635.64310150144
2732.77607054336
3020.62276923392
2967.18791110656
2891.30275697664
2743.93195789312
2713.68752137216
2663.61947460608
2334.87590310912
2033.1796182528
2736.87650761728
2810.97373402112
2979.22624605184
2887.56297143296
2730.33658607616
2796.25839456256
2837.06685380608
2541.17277193216
2540.88920113152
2495.80886356992
2284.0247478784
1771.35824364544
1395.9168
1490.73981256704
1874.98061986816
2200.56689199104
2194.45915756544
2405.04170446848
2288.0384
2113.78898823168
2314.50972128256
2218.76727017472
2161.45186700288
2150.33886567424
2493.59176830976
2063.65872859136
1854.9733193728
1997.63554183168
2610.81458302976
2399.96185278464
2353.83466667008
2409.0821358592
2277.14035871744
2036.46964161536
1693.31674074112
1708.73131707392
2430.8675764736
1688.58316084224
1609.0472893952
1638.83115789312
1341.73502657536
1607.5891331072
1678.49528889344
2079.42504918016
2025.43689143296
1565.1132552704
1571.56693332992
1714.00403053568
1439.04703665152
1483.62919646208
1219.2439022592
828.317366024192
503.924080971776
668.365855670272
953.012506906624
1150.34241394688
1122.00147139584
940.553197604864
934.274910787584
794.435678160896
667.822893253632
755.955809523712
753.306944031744
1341.50921669632
953.300171206656
1901.81542151168
1645.6560080896
1056.39230425088
1533.21927686144
1755.90550765568
1679.4687803904
1764.13975272448
1694.11518129152
1711.70589313024
1878.89899773952
1830.33084222464
1926.06202038272
1782.44756384768
1661.34670222336
1627.1383540224
2315.30233155584
2900.30581443584
1587.00030838784
1700.7486364672
1427.38481826816
1537.51256155136
1588.8157587968
1463.42455411712
1499.19567117312
1415.60770599936
1420.4404235776
1360.07640690688
1467.07260491776
1445.41522369536
1382.397882112
1341.11372097536
1337.67455438848
1088.82682201088
854.600965433344
388.94240175616
883.279161247744
822.383060696064
1143.491990528
1269.0565062144
1323.13563739136
1347.38840449024
1464.32212228096
1530.5428166144
1479.24114285568
1406.55339682816
1375.10979424256
943.98903670784
1352.6176385536
1305.73864132608
1179.80365376512
998.713500370944
1051.62693941248
1083.38803868672
1241.73212903424
1011.323023582208
1183.87257399296
920.667874034688
769.020239901696
814.995662258176
993.452418890752
600.630267281408
713.085772038144
1770.57825378304
1103.481825024
1335.13974931456
1161.99282758656
1244.30718043136
2062.04087335936
1440.35207601152
527.703991504896
701.151358635008
643.989069026304
653.051614066688
916.17353217536
854.132638275584
1034.99452632064
906.304526027776
506.674531810304
1007.555277628416
693.58665752064
489.083915278336
367.943583572992
847.296774818816
1230.54166050816
1644.595551488
1297.31746609152
1092.13932988416
1320.512
1439.2877522432
890.35180535296
963.973467118592
1261.97650578432
1259.87241558016
1470.95790436352
1526.00314155008
1304.7087075328
1431.87698779136
1238.07723275264
1531.77933913088
1369.37788599296
1405.5984118272
1198.68741987328
1262.02469686272
1136.75608096768
1419.65617020928
1528.82955218944
1305.9804510208
1642.00626086912
1317.86938181632
1307.93895202816
1418.90309979136
1379.91242927104
1242.2380525568
1396.99102413824
1206.98415550464
1154.46830505984
1298.47416884224
1233.72602643456
1310.4236936192
1429.51876035584
1383.42489432064
1437.36923191296
1584.58899369984
1387.25668571136
1269.846005248
1096.80309677056
1119.93453262848
1015.983112892416
1171.49155555328
1004.090754098176
1113.9765950464
1058.22743303168
1100.71645687808
1135.55847190528
1110.85229210624
1194.044978944
1540.12200635392
1567.60658009088
1298.02299276288
1436.32831060992
915.16542111232
1289.67310721024
1085.03576593408
1172.71531921408
1331.71248165888
1232.63070747648
1026.00169219072
1182.208
1025.4513837568
1228.52693332992
1226.76529869824
1260.91460020224
939.030755555328
887.693801602048
817.730931843072
619.817290322944
785.152141828096
836.745453369344
648.515813015552
612.92010637312
785.024944151552
878.93313659904
985.2049428992
870.9746551296
728.317632065536
658.961235643392
1055.54913921024
837.459163005952
861.284515337216
721.896259659776
729.81403119104
9148.0715120128
7528.399932928
8216.9800897024
8083.4184763903995
10191.1082601984
13138.033777766399
13496.6654457856
13245.1427096576
12755.352282982401
13178.2155075072
13663.880352716802
15103.1138461696
14835.939555532801
14456.5137848832
13719.6597894656
13568.4376068608
13318.0973730304
11674.3795155456
10165.898091264
13684.3825380864
14054.8686701056
14896.1312302592
14437.814857164798
13651.6829303808
13981.2919728128
14185.3342690304
12705.8638596608
12704.4460056576
12479.0443178496
11420.123739392
8856.791218227201
6979.584
7453.6990628352
9374.9030993408
11002.8344599552
10972.2957878272
12025.2085223424
11440.192
10568.9449411584
11572.5486064128
11093.8363508736
10807.259335014402
10751.694328371199
12467.9588415488
10318.2936429568
9274.866596864
9988.1777091584
13054.0729151488
11999.8092639232
11769.1733333504
12045.410679296001
11385.701793587199
10182.348208076799
8466.583703705599
8543.656585369601
12154.337882368
8442.9158042112
8045.2364469760005
8194.1557894656
6708.6751328768005
8037.945665536
8392.4764444672
10397.1252459008
10127.1844571648
7825.566276352
7857.8346666496
8570.0201526784
7195.2351832576005
7418.1459823104
6096.219511296
4141.58683012096
2519.6204048588797
3341.8292783513602
4765.06253453312
5751.7120697344
5610.0073569792
4702.76598802432
4671.37455393792
3972.17839080448
3339.11446626816
3779.77904761856
3766.53472015872
6707.5460834816
4766.50085603328
9509.0771075584
8228.280040448
5281.9615212543995
7666.0963843072
8779.5275382784
8397.343901952001
8820.6987636224
8470.5759064576
8558.5294656512
9394.4949886976
9151.654211123201
9630.3101019136
8912.2378192384
8306.7335111168
8135.691770112
11576.5116577792
14501.5290721792
7935.0015419392
8503.743182336
7136.924091340799
7687.5628077568
7944.078793984
7317.1227705856
7495.9783558656
7078.0385299968
7102.202117888
6800.3820345344
7335.3630245888
7227.0761184768
6911.98941056
6705.568604876799
6688.3727719424
5444.1341100544005
4273.00482716672
1944.7120087808
4416.39580623872
4111.91530348032
5717.459952640001
6345.282531072
6615.6781869568
6736.9420224512
7321.6106114048
7652.714083072
7396.2057142784
7032.7669841408
6875.5489712128
4719.9451835392
6763.088192768
6528.6932066304
5899.018268825601
4993.56750185472
5258.1346970624
5416.9401934336
6208.6606451712
5056.61511791104
5919.3628699648
4603.33937017344
3845.10119950848
4074.97831129088
4967.26209445376
3003.15133640704
3565.42886019072
8852.8912689152
5517.409125120001
6675.6987465728
5809.9641379328
6221.5359021568
10310.2043667968
7201.7603800576
2638.5199575244797
3505.75679317504
3219.9453451315203
3265.2580703334397
4580.8676608768
4270.66319137792
5174.9726316032
4531.52263013888
2533.3726590515203
5037.77638814208
3467.9332876032
2445.41957639168
1839.7179178649599
4236.4838740940795
6152.7083025408
8222.97775744
6486.5873304576
5460.696649420799
6602.5599999999995
7196.438761216
4451.7590267648
4819.86733559296
6309.882528921599
6299.3620779008
7354.7895218176
7630.0157077504
6523.543537664
7159.3849389568
6190.3861637632
7658.896695654401
6846.8894299648
7027.992059136
5993.437099366401
6310.1234843136
5683.7804048384
7098.2808510464
7644.1477609471995
6529.902255104
8210.0313043456
6589.3469090816
6539.6947601408
7094.5154989568
6899.562146355201
6211.190262784001
6984.9551206912
6034.920777523201
5772.3415252992
6492.3708442112
6168.630132172801
6552.1184680960005
7147.5938017792
6917.124471603201
7186.8461595648005
7922.9449684992005
6936.2834285568
6349.23002624
5484.0154838528
5599.6726631424
5079.91556446208
5857.4577777664
5020.45377049088
5569.882975232
5291.1371651583995
5503.5822843904
5677.7923595264
5554.261460531199
5970.22489472
7700.6100317696
7838.0329004544
6490.1149638144
7181.6415530496
4575.827105561601
6448.3655360512
5425.1788296704
5863.576596070399
6658.5624082944005
6163.1535373824
5130.0084609536
5911.040000000001
5127.256918784
6142.6346666496
6133.8264934912
6304.5730010112
4695.15377777664
4438.46900801024
4088.65465921536
3099.0864516147203
3925.76070914048
4183.727266846719
3242.57906507776
3064.6005318656
3925.12472075776
4394.6656829952
4926.024714495999
4354.873275648
3641.5881603276803
3294.80617821696
5277.745696051199
4187.29581502976
4306.42257668608
3609.4812982988797
3649.0701559552003
