1866.17899245568
2369.75755145216
2411.03494736896
2154.88559382528
1913.728
1723.02082331648
2018.42023783424
2319.77075705856
2559.29971612672
2546.65836655616
2503.2052213248
2483.3578498048
2918.545486336
2285.7228094464
1891.22275211264
1990.60463949824
1970.11233160192
1947.41453390848
2008.1815081984
1989.53753505792
1448.00159430656
1070.76498866176
953.440603773952
1582.55177919488
1923.04086081536
1783.5971764736
1532.7708783104
1512.53606745088
1641.7204260352
1671.0067067392
1790.53397564416
1816.32449122304
1897.47719796736
1736.94523680768
1644.67819942912
1124.41912070144
1550.09332447232
1352.11872206848
1693.02298232832
1175.25260342272
1365.7638704128
1593.0776248832
1719.24467780608
1162.61983161344
1045.48592941056
1233.4200313344
1228.94918131712
1531.45184415744
1826.2004808704
1031.1261896192
1252.01066667008
1079.22209462272
1088.21389343744
1291.98369371136
1165.58817513472
1299.52040251392
894.323674074112
1041.850656768
1176.49088160768
1017.328254507008
949.644387096576
1435.97505702912
1300.97362051072
1270.43532616704
813.02111922176
841.076455897088
675.799933785088
1753.47996172288
519.523083978752
313.463125174272
485.096631794688
699.70220612096
414.328379414528
459.13362962944
513.459158508544
1240.57968934912
1112.0168778752
1447.4087371264
1656.88810958848
1537.89696754688
1168.35856485376
1258.0039040512
1305.18208123904
1390.71794134016
1493.53094736896
1432.70580281344
1533.14077922304
1647.79408695296
1652.73145897984
1453.75767993344
1287.97813805056
772.10473347584
979.18546724864
1688.34129006592
1568.60065370112
1184.60573679616
997.884298795008
975.350314416128
1219.30264254464
1691.256
1650.99568074752
1851.50035979264
2195.41915442176
2035.9440679936
2001.82099073024
2063.12780424192
2256.6827236352
1737.90957779968
1857.536
1895.81448532992
2030.37194269696
2259.33452110848
2630.2258438656
2498.65187290112
2365.04340317184
2222.95771428864
1987.87289807872
1954.55893481472
1938.85925033984
1571.5486375424
2061.08472817664
1934.31822696448
1733.20217283584
1680.09669064704
861.554148180992
824.428732788736
1636.6692957696
1743.57289347072
1687.8640761856
1777.4025531904
1530.47095401472
1305.4333023232
1623.97627179008
1521.32576406528
1164.44642351104
930.58379931136
763.094844686336
671.645731733504
759.581533748224
354.367226845184
307.55935529984
400.82267049472
276.636994475008
456.569356401664
338.537059740672
540.888313458688
282.647597101056
1030.98416500736
1620.71539580928
1791.24475747328
1782.64380284928
1653.9662346752
1504.68541935616
2169.96182823936
1716.28385803264
1581.97314782208
764.76688489984
593.210243386368
362.522759581696
659.78783633408
1081.93344889856
1413.38561092608
1240.8398605824
1315.62301858816
1182.9550163968
1230.66344707072
930.674382979072
1164.02589507584
1192.8435784192
1468.78022157312
1688.51447796736
1798.144
1816.80585119744
2162.09507828736
1719.29971463168
1501.27077965824
1630.42312604672
2231.9582082048
1926.1941671424
1655.53038222336
1657.55325217792
1705.69068694528
2106.48279820288
2256.85686624256
1946.05511110656
1824.49222075392
1813.27203003392
1768.68505196544
1868.26752
1804.96809783296
1818.624
1862.69514179584
1865.36658823168
1808.42579592192
1591.1984761856
1941.98202288128
1892.80950895616
1912.05554086912
2157.65893436416
1975.46116128768
2012.63496170496
2040.4794754048
1974.03569230848
1027.69807253504
440.005973332992
399.660570544128
419.139116744704
1297.39390445568
803.228546762752
400.93340579328
1115.99803163648
1732.26277904384
1925.19011697664
2109.0227603968
2555.28280568832
2369.07393304576
2216.93596243968
1670.49097521152
1877.5362418176
2073.39210088448
2127.80014034944
1886.02666667008
819.117705935872
793.472122020864
1203.374232832
964.43484548096
1454.76106791936
2310.9923214848
1640.33646350336
1817.25723400192
1767.14613065728
1965.91892134912
1911.67699216384
1744.38897087488
1786.49509220352
2107.82890667008
2460.342590976
2536.49126760448
2554.51722164224
2361.89512292352
2629.31283117056
2608.6770016768
2591.6877362688
2378.60987899904
2041.06485479424
1455.104
1933.60625287168
1904.37431351296
1807.7884081664
1888.08751205376
9330.8949622784
11848.7877572608
12055.1747368448
10774.4279691264
9568.64
8615.104116582399
10092.1011891712
11598.853785292798
12796.498580633599
12733.2918327808
12516.026106623998
12416.789249024001
14592.72743168
11428.614047232
9456.1137605632
9953.0231974912
9850.5616580096
9737.0726695424
10040.907540992
9947.6876752896
7240.0079715328
5353.8249433088
4767.20301886976
7912.758895974401
9615.2043040768
8917.985882368
7663.8543915519995
7562.6803372544
8208.602130176001
8355.033533696
8952.6698782208
9081.6224561152
9487.385989836801
8684.7261840384
8223.3909971456
5622.0956035072
7750.4666223616005
6760.593610342401
8465.1149116416
5876.263017113601
6828.819352064001
7965.388124416
8596.2233890304
5813.0991580672
5227.4296470528
6167.100156672
6144.7459065856
7657.2592207872
9131.002404352
5155.630948096
6260.053333350399
5396.1104731136
5441.0694671872
6459.9184685568
5827.940875673599
6497.6020125696
4471.61837037056
5209.253283839999
5882.4544080384
5086.64127253504
4748.22193548288
7179.8752851456
6504.8681025536
6352.176630835201
4065.1055961088005
4205.3822794854395
3378.99966892544
8767.3998086144
2597.6154198937597
1567.3156258713602
2425.48315897344
3498.5110306048
2071.64189707264
2295.6681481472
2567.29579254272
6202.898446745599
5560.084389375999
7237.043685631999
8284.440547942399
7689.4848377344
5841.7928242688
6290.019520256
6525.910406195199
6953.5897067008
7467.654736844799
7163.5290140672
7665.7038961152
8238.9704347648
8263.6572948992
7268.7883996672
6439.8906902528
3860.5236673792
4895.9273362431995
8441.7064503296
7843.0032685056
5923.0286839808
4989.42149397504
4876.75157208064
6096.513212723201
8456.28
8254.978403737601
9257.5017989632
10977.095772108802
10179.720339968
10009.1049536512
10315.6390212096
11283.413618176
8689.5478889984
9287.68
9479.0724266496
10151.8597134848
11296.6726055424
13151.129219327999
12493.2593645056
11825.2170158592
11114.788571443201
9939.3644903936
9772.7946740736
9694.2962516992
7857.743187712
10305.4236408832
9671.5911348224
8666.0108641792
8400.4834532352
4307.77074090496
4122.143663943681
8183.346478848
8717.8644673536
8439.320380928
8887.012765952
7652.3547700736
6527.166511616
8119.881358950401
7606.6288203264
5822.2321175552
4652.9189965568
3815.47422343168
3358.22865866752
3797.9076687411202
1771.83613422592
1537.7967764992
2004.1133524736001
1383.1849723750402
2282.8467820083197
1692.68529870336
2704.44156729344
1413.23798550528
5154.920825036799
8103.5769790464
8956.2237873664
8913.2190142464
8269.831173376
7523.427096780801
10849.8091411968
8581.4192901632
7909.8657391104
3823.8344244992
2966.05121693184
1812.61379790848
3298.9391816704
5409.667244492801
7066.9280546304
6204.199302912
6578.1150929407995
5914.775081983999
6153.317235353599
4653.37191489536
5820.1294753792
5964.217892096
7343.901107865599
8442.572389836801
8990.72
9084.0292559872
10810.475391436801
8596.4985731584
7506.3538982912
8152.1156302336
11159.791041024
9630.970835712
8277.6519111168
8287.7662608896
8528.4534347264
10532.4139910144
11284.2843312128
9730.2755555328
9122.4611037696
9066.3601501696
8843.4252598272
9341.3376
9024.8404891648
9093.12
9313.4757089792
9326.8329411584
9042.1289796096
7955.992380928
9709.9101144064
9464.0475447808
9560.2777043456
10788.2946718208
9877.3058064384
10063.1748085248
10202.397377024
9870.1784615424
5138.4903626752
2200.02986666496
1998.30285272064
2095.69558372352
6486.9695222784
4016.14273381376
2004.6670289663998
5579.9901581824
8661.3138952192
9625.9505848832
10545.113801984
12776.414028441599
11845.3696652288
11084.679812198401
8352.4548760576
9387.681209088001
10366.9605044224
10639.0007017472
9430.1333333504
4095.58852967936
3967.36061010432
6016.87116416
4822.1742274048
7273.8053395968
11554.961607424
8201.6823175168
9086.2861700096
8835.7306532864
9829.594606745599
9558.3849608192
8721.9448543744
8932.4754610176
10539.1445333504
12301.71295488
12682.4563380224
12772.5861082112
11809.4756146176
13146.5641558528
13043.385008384
12958.438681344
11893.0493949952
10205.3242739712
7275.52
9668.0312643584
9521.8715675648
9038.942040832
9440.4375602688
