1942.34956357632
1680.3332310528
1922.08380419072
1658.26013056
1738.40582193152
2304.35671619584
2599.12582831104
2429.582390528
2364.77768107008
2253.23115789312
2402.30082480128
2454.256
2729.61068483584
2851.54024361984
3048.8132865536
2926.28055299072
2848.17737827328
2902.27585376256
2905.11633201152
2822.85168586752
2830.52833391616
2853.21667674112
2833.58983177216
2695.77536347136
2639.16522632192
2470.99371137024
2506.00083045376
2592.294473984
2161.95391168512
2059.41439591424
2148.05942856704
2499.73028571136
2120.86813049856
1571.15468146688
1558.81741133824
1734.46155363328
2197.38504239104
2119.16725904384
2151.76124551168
2279.6000723968
2887.43685844992
2884.39481228288
2928.306991872
2910.01663618048
2907.69092842496
2886.35359674368
2885.06099628032
2870.30731034624
2874.79301505024
3170.16456170496
3217.19196624896
2792.09533609984
2779.56014200832
2634.39797769216
2594.74014815232
2546.97989522432
2285.1803659264
2255.2510200832
2865.44098159616
2855.18019047424
2831.80530661376
2731.7283182592
2370.93323364352
2316.67618300928
2336.72503496704
2819.42240531456
2797.93804361728
2797.5367328256
2827.15175716864
2922.48267245568
2714.31400860672
2629.632
1782.63136324608
1604.41438220288
2065.21708474368
2398.58209288192
2166.51564137472
1794.2681657344
2166.31937910784
2602.39802994688
2713.68752137216
2706.27530249216
2704.5255951872
2712.1565756416
2764.94703589376
2703.57772756992
2698.32777143296
2625.05724675072
2597.14943553536
1985.74871497728
2487.88939487232
2829.04
2802.9184
2605.17138028544
2705.57293960192
2768.21047698432
2836.45194520576
2758.69378597888
2711.897256704
2635.99108675584
2516.3655098368
2127.25573252096
2503.15312137216
2580.56824416256
2824.9997158912
2829.30054586368
2864.839593216
2586.58355475456
2476.71466667008
2342.43964414976
2137.55598189568
1984.862936064
2093.28624851968
2069.31695355904
2153.14645086208
2286.28034782208
2492.20361481216
2498.64714893312
2490.87190158336
2694.53784614912
2815.99651106816
2829.696
2843.32913417216
2901.03652173824
2876.58334032896
2523.3408
2586.72219177984
3056.50428915712
2953.76213332992
3037.7425454592
1881.69876718592
1742.26597866496
1739.60749367296
1951.68916414464
2115.01493250048
2120.9381883392
1792.3571712
2019.341429504
2141.38437786624
2051.84132642816
2009.70691569664
1839.79366325248
1693.74362790912
1610.91452164096
1667.42133902336
1791.26341325824
1364.0598385664
1612.37547430912
1899.21041860608
1614.26548502528
1466.2646774784
1422.31132529664
1423.44653520896
1332.22857551872
1130.81151031296
1177.5204660224
594.365400082432
874.20456920064
710.501285531648
697.75918303744
1166.84709700608
920.953263158272
745.741661845504
467.661172117504
509.067061728256
853.031121892352
861.374936614912
847.42162962944
845.515595293696
593.161243328512
454.436702838784
547.362487046144
373.148676508672
935.296081788928
943.504222959616
827.803514018816
942.418224651264
1072.8290401792
1429.70989518848
1432.67052307456
1532.61205226496
1401.86453332992
1295.25458823168
1221.81561378816
1492.26647533568
1530.54625184768
1657.67088329728
1634.81078311936
1276.1390163968
1517.94389873664
1423.03207250944
1607.06995744768
1845.0171345408
1895.46233155584
1914.9093409792
2074.92944743424
1971.76314380288
2024.73653039104
2419.19335064576
2050.63091629056
1847.536
1815.59681037312
1958.34383465472
1627.4521271808
1773.82027323392
1478.51529771008
1698.07982702592
1533.28370526208
1552.33581176832
1297.95951535104
1423.77327353856
1488.1866144768
1633.84778692608
1513.89172399104
1581.12807037952
1572.51574106112
1309.86785020928
1331.25845005312
1492.25603203072
1286.54142097408
1464.2004989952
1438.39968222208
1639.73288482816
1296.49884111872
1126.06248044544
939.109019162624
1902.55122818048
1401.3233664512
1479.21668547584
1567.28157828096
1405.24307692544
1339.45863349248
1410.73658573824
2050.46578031616
1879.81946268672
1718.33878260736
1790.52474575872
1900.69530343424
1640.9622959616
1921.4336
1165.46021052416
1376.03086524416
1449.85809836032
1354.38576697344
1635.54044346368
1532.61205226496
1113.14305376256
1391.15201579008
2021.83468188672
1713.12959588352
1804.57418340352
2081.61544827904
2111.11843608576
2094.47031390208
2150.98776681472
2271.81808360448
1458.15227799552
2062.51915447296
2025.43689143296
2050.01030674432
1670.56327559168
1923.20794860544
1605.01012554752
2085.20023880704
2245.44085332992
1847.536
9711.7478178816
8401.666155264
9610.4190209536
8291.3006528
8692.0291096576
11521.7835809792
12995.6291415552
12147.911952639999
11823.888405350399
11266.1557894656
12011.504124006402
12271.279999999999
13648.0534241792
14257.7012180992
15244.066432767999
14631.4027649536
14240.8868913664
14511.3792688128
14525.5816600576
14114.258429337598
14152.6416695808
14266.0833837056
14167.9491588608
13478.876817356799
13195.8261316096
12354.9685568512
12530.0041522688
12961.47236992
10809.7695584256
10297.0719795712
10740.2971428352
12498.651428556801
10604.3406524928
7855.7734073344
7794.0870566912
8672.3077681664
10986.9252119552
10595.8362952192
10758.8062275584
11398.000361983999
14437.1842922496
14421.974061414401
14641.534959359999
14550.0831809024
14538.4546421248
14431.7679837184
14425.304981401601
14351.536551731198
14373.965075251199
15850.8228085248
16085.9598312448
13960.4766804992
13897.8007100416
13171.989888460801
12973.7007407616
12734.8994761216
11425.901829632001
11276.255100416
14327.204907980798
14275.900952371201
14159.0265330688
13658.641591296
11854.6661682176
11583.3809150464
11683.625174835199
14097.112026572799
13989.6902180864
13987.683664128
14135.7587858432
14612.413362278401
13571.5700430336
13148.16
8913.1568162304
8022.0719110144
10326.0854237184
11992.910464409599
10832.5782068736
8971.340828672
10831.596895539202
13011.9901497344
13568.4376068608
13531.3765124608
13522.627975936
13560.782878208
13824.7351794688
13517.8886378496
13491.6388571648
13125.286233753599
12985.747177676802
9928.7435748864
12439.4469743616
14145.2
14014.592
13025.8569014272
13527.8646980096
13841.0523849216
14182.259726028798
13793.4689298944
13559.48628352
13179.9554337792
12581.827549184
10636.2786626048
12515.765606860801
12902.8412208128
14124.998579456002
14146.5027293184
14324.19796608
12932.917773772799
12383.5733333504
11712.1982207488
10687.779909478399
9924.31468032
10466.4312425984
10346.5847677952
10765.732254310402
11431.401739110399
12461.018074060801
12493.2357446656
12454.359507916799
13472.6892307456
14079.9825553408
14148.48
14216.6456708608
14505.1826086912
14382.9167016448
12616.704
12933.6109588992
15282.521445785602
14768.810666649599
15188.712727295999
9408.4938359296
8711.329893324799
8698.037468364799
9758.4458207232
10575.0746625024
10604.690941696
8961.785856
10096.70714752
10706.921889331199
10259.206632140798
10048.534578483199
9198.9683162624
8468.718139545601
8054.5726082047995
8337.1066951168
8956.3170662912
6820.299192832
8061.877371545599
9496.052093030401
8071.3274251264
7331.323387392
7111.5566264832
7117.2326760448
6661.1428775936
5654.057551564801
5887.602330111999
2971.8270004121596
4371.022846003199
3552.50642765824
3488.7959151872
5834.2354850304
4604.766315791359
3728.70830922752
2338.30586058752
2545.33530864128
4265.15560946176
4306.87468307456
4237.1081481472
4227.57797646848
2965.80621664256
2272.18351419392
2736.81243523072
1865.74338254336
4676.48040894464
4717.52111479808
4139.01757009408
4712.09112325632
5364.1452008960005
7148.5494759424
7163.3526153728
7663.0602613248
7009.3226666496
6476.2729411584
6109.078068940799
7461.332376678401
7652.7312592384
8288.3544164864
8174.0539155968
6380.695081983999
7589.7194936832
7115.1603625472
8035.3497872384005
9225.085672704
9477.311657779199
9574.546704896
10374.6472371712
9858.8157190144
10123.682651955201
12095.9667532288
10253.1545814528
9237.68
9077.9840518656
9791.7191732736
8137.260635904
8869.1013661696
7392.5764885503995
8490.399135129599
7666.4185263104
7761.6790588416
6489.7975767552
7118.8663676928
7440.933072384
8169.238934630401
7569.4586199551995
7905.6403518976
7862.5787053056
6549.3392510464
6656.2922502656
7461.2801601536
6432.7071048704
7321.002494976
7191.9984111103995
8198.6644241408
6482.494205593601
5630.3124022272
4695.5450958131205
9512.7561409024
7006.616832256
7396.0834273792
7836.4078914048005
7026.2153846271995
6697.2931674624
7053.6829286912
10252.3289015808
9399.0973134336
8591.6939130368
8952.6237287936
9503.4765171712
8204.811479807999
9607.168
5827.3010526208
6880.1543262208
7249.290491801599
6771.9288348672
8177.7022173184005
7663.0602613248
5565.7152688128
6955.7600789503995
10109.1734094336
8565.647979417601
9022.8709170176
10408.0772413952
10555.592180428801
10472.3515695104
10754.9388340736
11359.090418022399
7290.761389977601
10312.5957723648
10127.1844571648
10250.0515337216
8352.8163779584
9616.039743027199
8025.0506277376
10426.0011940352
11227.204266649602
9237.68
