724.825232571392
587.59444684288
975.538541259776
777.237363004416
855.949499364352
898.327095916544
817.681191240704
928.957972850688
881.047098278912
840.329710345216
795.831552131072
844.475182795776
920.322499713024
983.356357723136
860.782177215488
778.666928265216
954.75625863168
794.792857479168
764.027476091904
783.669581394944
859.320903907328
857.000653357056
899.685792284672
523.25860863488
677.461860732928
618.536037399552
730.074838709248
829.726075855872
873.860636220416
657.36709009408
675.449008677888
643.379571206144
483.730841798656
579.930507168768
700.01865157632
714.760325202944
828.24513136128
798.44306215936
684.139225131008
545.62268880896
489.813068939264
390.90086956544
333.57884695552
485.807622967296
745.600872574976
900.95334774272
792.3240510464
786.582270149632
1107.52174979072
938.864110901248
646.98726856192
770.784623138816
740.923760251904
689.0160972288
635.977876731904
547.347666225152
292.865241964544
260.281577751552
332.905830363136
270.236772958208
423.328594367488
633.660134227968
597.620391048192
693.642771037184
477.700757684224
600.811429380096
1131.15631234048
1142.86064032768
1359.69261314048
1482.1391771136
1632.3355168256
1349.66654457856
991.786048309248
636.48849739264
1228.87626377216
1762.78046871552
1039.35407113216
833.219694227456
1279.92414815232
1247.24179904512
1114.04014034944
824.79757049856
731.467898102784
555.55134693888
444.671894432768
585.451004316672
355.31027840512
522.748468965376
537.793569985536
559.632381211648
482.404804772864
453.638734732288
372.017373704192
293.857813238784
310.578095532032
541.187978732544
457.76195725824
626.39800251392
329.211713487872
493.966384483328
393.468061538304
270.689280990208
291.006473767936
273.005985184768
363.13667659776
459.555720930304
572.579728997376
886.055990160384
866.630176436224
575.41920841728
704.373566600192
1021.832005266432
986.105577700352
897.16694765056
806.701323227136
441.63017434112
248.575905430528
371.0471279616
225.793549785088
338.44436715008
308.393647761408
826.943123288064
912.359876523008
701.30162162176
643.205192088576
3624.12616285696
2937.9722342143996
4877.69270629888
3886.18681502208
4279.74749682176
4491.63547958272
4088.40595620352
4644.78986425344
4405.23549139456
4201.64855172608
3979.15776065536
4222.37591397888
4601.6124985651195
4916.78178861568
4303.9108860774395
3893.33464132608
4773.7812931584
3973.96428739584
3820.1373804595196
3918.34790697472
4296.60451953664
4285.00326678528
4498.428961423359
2616.2930431744003
3387.30930366464
3092.68018699776
3650.37419354624
4148.63037927936
4369.30318110208
3286.8354504704002
3377.2450433894396
3216.8978560307196
2418.65420899328
2899.6525358438403
3500.0932578816
3573.80162601472
4141.2256568063995
3992.2153107968
3420.69612565504
2728.1134440448
2449.0653446963197
1954.5043478272
1667.8942347776
2429.03811483648
3728.0043628748804
4504.7667387136
3961.620255232
3932.9113507481597
5537.608748953599
4694.32055450624
3234.9363428096003
3853.9231156940796
3704.6188012595203
3445.080486144
3179.88938365952
2736.73833112576
1464.32620982272
1301.40788875776
1664.5291518156798
1351.18386479104
2116.64297183744
3168.3006711398402
2988.10195524096
3468.2138551859202
2388.50378842112
3004.05714690048
5655.781561702401
5714.3032016383995
6798.4630657024
7410.695885568
8161.6775841280005
6748.3327228928
4958.93024154624
3182.4424869632003
6144.3813188608
8813.9023435776
5196.7703556608
4166.09847113728
6399.6207407616
6236.208995225599
5570.2007017472
4123.9878524928
3657.3394905139203
2777.7567346943997
2223.35947216384
2927.25502158336
1776.5513920256
2613.74234482688
2688.96784992768
2798.1619060582398
2412.02402386432
2268.1936736614402
1860.0868685209598
1469.28906619392
1552.89047766016
2705.9398936627204
2288.8097862912
3131.9900125696
1646.0585674393599
2469.83192241664
1967.3403076915201
1353.4464049510398
1455.0323688396797
1365.02992592384
1815.6833829888
2297.7786046515203
2862.8986449868803
4430.27995080192
4333.15088218112
2877.0960420864
3521.86783300096
5109.16002633216
4930.52788850176
4485.8347382528
4033.50661613568
2208.1508717056
1242.87952715264
1855.2356398079999
1128.96774892544
1692.2218357503998
1541.9682388070398
4134.71561644032
4561.79938261504
3506.5081081088
3216.02596044288
