936.089783998464
680.92351175168
832.272472369152
915.620421627904
869.202910967808
1121.44449555456
936.641498328064
865.026876404736
1067.09201344512
896.95441902592
874.92040203264
1144.42538433536
1323.1060875264
1170.5112774144
750.139671942144
1524.61675870208
1703.1654199296
1823.72739459072
1832.90382045184
1285.25547556864
1619.45650945024
1061.14013483008
1539.05640608768
1760.05168359424
1682.90679222272
1704.23336768512
1537.65231422464
1377.77862979584
1337.11205783552
1791.69052444672
673.044052898816
1502.2562902016
1775.78626127872
1734.816627456
1524.51245070336
1998.08
1567.45159238656
1732.95216094208
1979.8574545408
1757.41261394944
1342.56618259456
1338.28611243008
1138.01503949824
2064.51109732352
1523.96662808576
1807.65257143296
2344.65682174976
1849.7536
1448.2976728064
1544.01797305344
1615.41206779904
1801.59297456128
1938.4277744128
1835.88874611712
1798.78607567872
2010.9366812672
1515.4857238528
1525.97147826176
1464.15949843456
1470.25370728448
1584.16014349312
895.993926453248
1433.27602259968
1417.805824
1654.2162376192
1190.24704628736
1345.52526142464
1144.04988137472
1424.38487001088
1065.87382278144
975.19425979392
1185.42140952576
1475.20751137792
1404.21754336256
1105.38834891776
1047.65654631424
987.100606441472
1480.8516377088
1269.846005248
1092.2075530752
1626.12773367808
1662.2149945344
1152.48357984256
1397.32781749248
1643.79473170432
2097.36313402368
1745.6834011136
1732.53778285568
1727.42036616192
1639.282089728
1353.87469394944
1230.64441800704
1023.897132420096
1133.99489917952
1220.68241635328
1679.1936649728
1182.07987821568
1151.04852347904
915.660005174272
1069.70113897472
1096.37437256704
1308.16287102976
765.070311390208
711.220441365504
899.092711481344
1084.64609262592
1158.50264564736
890.987656153088
956.066863488
1017.067856937984
887.969684210688
859.923997784064
1045.86955210752
942.721263752192
893.27178896896
952.497808869376
905.036954942464
1053.24139910144
866.324029339648
706.90477748224
939.732775440384
805.338717065216
719.945517948928
472.739757084672
685.488062879744
760.94283683328
1005.086999334912
1006.705777777664
873.033142856704
949.29454545408
883.769051428864
855.369630476288
880.955076923392
1072.61739730944
786.494169293824
684.22309728768
707.211636363264
539.31623117312
759.945318007808
611.35526978048
653.514986082304
414.165811470336
331.872715824128
497.748279835648
764.81233056256
816.19907454976
649.13645753344
346.129333675008
355.413168278528
456.919213559808
660.265230020608
632.985737265152
577.787731300352
582.784900703232
567.7485966848
984.719415426048
756.380407310336
693.148290572288
1201.08550649856
2041.16642025472
1840.34020584448
2013.55907941376
1975.18101981184
1824.24016494592
1686.31562220544
1810.35819820032
1692.5444643328
1091.165853952
957.612599600128
797.138632911872
719.804976664576
1043.367506176
883.33969344
866.630176436224
747.560916929536
673.253974346752
766.87886166016
825.590142357504
951.443951601664
581.56804996096
686.295675967488
871.061457605632
751.994125933568
1185.0385551872
649.952
681.926547854336
624.484634482688
950.986458933248
1594.08491467776
1311.47032672256
1040.5529072128
1250.53456953344
960.946424242176
881.720039800832
703.477221052416
1438.38329491456
1290.4283218432
1218.88241242112
964.060374928384
1362.24925379584
1372.91499565056
1515.86364275712
1233.03130330112
658.135970137088
571.436329004032
603.146762164224
4680.44891999232
3404.6175587584003
4161.36236184576
4578.10210813952
4346.01455483904
5607.222477772801
4683.20749164032
4325.13438202368
5335.4600672256
4484.7720951296
4374.6020101632
5722.1269216768
6615.530437632
5852.556387072
3750.69835971072
7623.0837935104
8515.827099647999
9118.6369729536
9164.519102259199
6426.277377843199
8097.2825472511995
5305.700674150399
7695.2820304384
8800.258417971201
8414.5339611136
8521.166838425599
7688.261571123199
6888.8931489792
6685.560289177601
8958.4526222336
3365.22026449408
7511.281451008
8878.9313063936
8674.08313728
7622.5622535167995
9990.4
7837.2579619328
8664.7608047104
9899.287272704001
8787.063069747199
6712.8309129727995
6691.4305621504
5690.0751974912
10322.5554866176
7619.8331404288
9038.2628571648
11723.284108748801
9248.768
7241.488364032
7720.0898652672
8077.060338995199
9007.9648728064
9692.138872064
9179.4437305856
8993.9303783936
10054.683406336
7577.428619264
7629.8573913088
7320.7974921728
7351.2685364224
7920.8007174655995
4479.96963226624
7166.380112998399
7089.02912
8271.081188096
5951.2352314368
6727.6263071232
5720.2494068736
7121.9243500544
5329.3691139072
4875.9712989696
5927.1070476288005
7376.0375568896
7021.0877168128
5526.941744588799
5238.282731571199
4935.50303220736
7404.2581885439995
6349.23002624
5461.037765376
8130.6386683904
8311.074972671999
5762.4178992128
6986.6390874624
8218.9736585216
10486.815670118398
8728.417005568
8662.6889142784
8637.101830809599
8196.410448640001
6769.373469747199
6153.2220900352
5119.48566210048
5669.9744958976
6103.4120817664
8395.968324864
5910.3993910784
5755.242617395201
4578.30002587136
5348.5056948736
5481.8718628352
6540.8143551488
3825.35155695104
3556.10220682752
4495.463557406721
5423.230463129599
5792.5132282367995
4454.93828076544
4780.33431744
5085.33928468992
4439.84842105344
4299.61998892032
5229.347760537599
4713.60631876096
4466.3589448448
4762.489044346879
4525.18477471232
5266.2069955072
4331.62014669824
3534.5238874112
4698.66387720192
4026.6935853260798
3599.7275897446398
2363.6987854233603
3427.44031439872
3804.7141841664
5025.434996674559
5033.528888888321
4365.16571428352
4746.4727272704
4418.84525714432
4276.84815238144
4404.77538461696
5363.0869865472005
3932.4708464691203
3421.1154864384002
3536.05818181632
2696.5811558655996
3799.7265900390403
3056.7763489023996
3267.5749304115197
2070.82905735168
1659.3635791206402
2488.74139917824
3824.0616528128
4080.9953727488
3245.6822876672
1730.64666837504
1777.06584139264
2284.5960677990397
3301.32615010304
3164.9286863257603
2888.93865650176
2913.92450351616
2838.7429834239997
4923.59707713024
3781.90203655168
3465.74145286144
6005.4275324928
10205.8321012736
9201.7010292224
10067.7953970688
9875.9050990592
9121.2008247296
8431.5781110272
9051.7909910016
8462.722321664001
5455.829269759999
4788.06299800064
3985.6931645593604
3599.0248833228798
5216.8375308800005
4416.6984672
4333.15088218112
3737.80458464768
3366.26987173376
3834.3943083008003
4127.95071178752
4757.21975800832
2907.8402498048
3431.47837983744
4355.30728802816
3759.9706296678396
5925.1927759360005
3249.76
3409.6327392716803
3122.4231724134397
4754.93229466624
7970.4245733888
6557.3516336128
5202.764536064
6252.6728476672
4804.73212121088
4408.60019900416
3517.38610526208
7191.9164745728
6452.141609216
6094.412062105601
4820.30187464192
6811.246268979201
6864.5749782528
7579.3182137856
6165.1565165056
3290.6798506854398
2857.18164502016
3015.73381082112
