1485.32613685248
712.242753370112
575.317601255424
811.471922555904
1099.80776489984
1096.74021101568
1175.47033788416
1173.14121143296
1317.91181394944
1322.22162270208
1307.5814616064
1182.10637065216
1531.81785085952
1302.90303770624
1579.83961211904
1334.03966386176
1547.2296236032
1706.1419367936
1257.47550385152
1316.64144566272
1342.86616501248
1353.02968481792
1546.90873468928
1481.87254075392
1546.75440827392
1674.81622094848
1819.68402010112
1326.8252781056
1440.05580622848
871.633228107776
889.250408602624
608.406440743936
537.84605467648
576.858340668416
756.595082568704
631.917484276736
446.771232684032
376.825675759616
708.416220797952
829.969713344512
961.7470296576
1051.15383085056
813.510468662272
716.816047012864
916.147463917568
947.325946523648
869.55900056064
950.343521826816
1302.90326705152
1311.59977464832
1366.44174910464
1631.26054788096
1331.9820340224
1377.36259670016
1657.66089165824
1392.57788710912
1554.51110729728
1058.54383412224
810.88
1436.13853892608
1530.95433152512
1811.32585132032
2062.51915447296
2013.92872727552
1871.9982072832
1635.15634681856
1471.15169860608
1510.20870329344
802.537573958656
1152.49316680704
1128.13170185216
1147.76970491904
1402.95930752
1171.04488856576
1398.077232128
1161.53225787392
1015.827867420672
965.811616636928
1658.781696
950.784933738496
941.442372127744
851.582709966848
1274.37041737728
1206.88740886528
1199.47646718976
1293.76295071744
1411.68119581696
1634.46960647168
1528.98848820224
1073.23755613184
1301.80259034112
1080.14055182336
1141.13726209024
1225.85015611392
1358.4848121344
1651.94083395584
1611.36958754816
1339.79572759552
1111.15413500928
1041.39876368384
997.622921986048
909.508948668416
847.912319629312
759.311416799232
631.05421628416
651.234471678976
1600.62060606464
1389.32212150272
1499.73193442304
1604.80910157824
1452.04878688256
1395.82987049984
1676.6131564032
1442.04827616256
1432.67052307456
1613.70263703552
1734.2654020608
1526.8006413824
1562.63077397504
1512.61556363264
1396.10637838336
1424.58638348288
1452.9301526528
1308.31058823168
1222.8687622656
1239.53583158272
1011.141740294144
939.59205925888
930.318782152704
893.453689839616
516.641291833344
461.550021239808
1293.14891592704
1002.885615040512
1063.72907771904
922.53826976768
1003.18017986048
1022.087092347904
1005.2632576
1115.0184217088
921.545386667008
1014.952119402496
1016.818062449664
794.632560083968
899.705514667008
327.683652251648
447.625298463744
503.263386518528
642.022243372032
310.252353031168
463.54595024896
463.546641104896
334.27085346816
279.19592906752
243.665821244416
285.639072065536
564.015904862208
579.082979431424
706.692805460992
915.622799755264
1088.09405687808
1367.96693838848
988.509009135616
712.332962849792
864.430092089344
714.40184493056
439.99267772928
306.667639185408
330.063534466048
313.678867842048
233.525585195008
323.591457441792
299.682727003136
1171.44363471872
2187.11206181888
1526.00314155008
1052.2438870016
1149.17030293504
1174.33678185472
7426.6306842624
3561.21376685056
2876.5880062771203
4057.35961277952
5499.038824499201
5483.7010550784
5877.3516894208005
5865.7060571648
6589.559069747201
6611.1081135104
6537.9073080319995
5910.5318532608
7659.0892542976
6514.5151885312
7899.1980605952
6670.1983193088
7736.148118016
8530.709683968
6287.3775192575995
6583.207228313599
6714.3308250623995
6765.148424089601
7734.5436734464
7409.362703769601
7733.772041369601
8374.0811047424
9098.4201005056
6634.126390528
7200.2790311424
4358.1661405388795
4446.25204301312
3042.0322037196797
2689.2302733824
2884.29170334208
3782.97541284352
3159.58742138368
2233.85616342016
1884.12837879808
3542.08110398976
4149.84856672256
4808.735148288
5255.769154252801
4067.5523433113603
3584.0802350643203
4580.73731958784
4736.62973261824
4347.7950028032
4751.71760913408
6514.5163352576
6557.9988732415995
6832.2087455231995
8156.3027394048
6659.910170112
6886.8129835008
8288.3044582912
6962.8894355456
7772.555536486399
5292.7191706112
4054.4
7180.692694630399
7654.771657625601
9056.6292566016
10312.5957723648
10069.643636377601
9359.991036415999
8175.7817340927995
7355.758493030399
7551.0435164672
4012.6878697932802
5762.465834035201
5640.6585092608
5738.8485245952
7014.7965376
5855.2244428287995
6990.3861606400005
5807.661289369599
5079.13933710336
4829.05808318464
8293.90848
4753.92466869248
4707.211860638719
4257.91354983424
6371.852086886401
6034.4370443264
5997.3823359488
6468.814753587199
7058.4059790848005
8172.3480323584
7644.9424410112
5366.1877806592
6509.0129517056
5400.702759116801
5705.6863104512
6129.2507805696005
6792.424060672
8259.7041697792
8056.8479377408
6698.9786379776
5555.7706750464
5206.9938184192
4988.1146099302405
4547.5447433420795
4239.56159814656
3796.55708399616
3155.2710814208003
3256.1723583948797
8003.1030303232
6946.6106075135995
7498.6596721152
8024.0455078912
7260.243934412801
6979.149352499199
8383.065782016
7210.241380812799
7163.3526153728
8068.5131851776
8671.327010304
7634.003206912001
7813.1538698752
7563.0778181632
6980.531891916799
7122.931917414399
7264.650763264
6541.552941158399
6114.343811328
6197.6791579136
5055.70870147072
4697.9602962944
4651.59391076352
4467.26844919808
2583.20645916672
2307.75010619904
6465.7445796352
5014.42807520256
5318.6453885952005
4612.6913488384
5015.9008993024
5110.43546173952
5026.316288
5575.0921085439995
4607.72693333504
5074.7605970124805
5084.09031224832
3973.16280041984
4498.52757333504
1638.4182612582401
2238.12649231872
2516.31693259264
3210.11121686016
1551.26176515584
2317.7297512448004
2317.73320552448
1671.3542673408
1395.9796453376
1218.32910622208
1428.1953603276802
2820.07952431104
2895.41489715712
3533.46402730496
4578.11399877632
5440.4702843904
6839.8346919424
4942.54504567808
3561.6648142489603
4322.15046044672
3572.0092246527997
2199.9633886464
1533.33819592704
1650.31767233024
1568.39433921024
1167.62792597504
1617.95728720896
1498.41363501568
5857.2181735936
10935.5603090944
7630.0157077504
5261.219435007999
5745.8515146752
5871.683909273599
