1327.90627528704
1221.12591706112
1025.58949254144
1355.29587065856
1442.46735760384
1198.908025344
906.329475728384
467.121073947648
333.004370199552
343.754666667008
336.259555555328
560.472378233856
449.700104406016
420.949531322368
595.145059360768
397.000862769152
575.019553874944
464.244331613184
335.843925977088
640.338090261504
851.231062761472
792.959462636544
478.979639810048
728.623546432512
503.429251684352
652.652599103488
782.532944354304
862.436430769152
843.742783578112
1013.52700942848
927.913469845504
991.513130087424
733.666355250176
842.123954788352
706.299406198784
674.328053691392
732.461680795648
732.172288
1008.685271578624
1043.7671602176
887.506908069888
866.35333675008
966.282387659776
983.034498321408
817.631319148544
922.055703318528
908.228681100288
872.95589389312
784.955227245568
850.4436894976
800.918588235776
975.917296591872
808.976459242496
816.891130835968
907.363119291392
571.573289073664
513.578288549888
323.477824884736
721.896259659776
654.616543159296
400.076684032
617.34604004864
876.303474957312
681.637415385088
589.332768959488
1129.26965269504
1010.847621834752
995.86226086912
1083.71104847872
957.544073916416
977.209123966976
1013.776680543232
894.55212200448
569.141256814592
905.672672384
1048.36538023936
1173.27644444672
989.062637036544
1059.44086423552
832.379572112384
568.998996415488
715.057226139648
1070.22860587008
1260.71086106624
945.902933332992
1140.54225087488
1088.03539170304
812.308404554752
978.833733421056
659.526649017344
787.136449973248
1084.18299401216
1004.40524972032
1189.92459756544
1062.9673513472
791.863918611456
908.162245613568
1007.555277628416
875.99651485184
913.902978364416
767.821135371264
753.355367061504
448.2230107136
781.182886956032
518.126447720448
842.008884154368
1000.151100592128
937.973333332992
1159.85607607296
1136.57942765568
1063.16550337536
958.125195061248
871.880162661376
944.719966077952
834.721201120256
847.193884444672
1003.571925429248
1030.144
1039.08072727552
884.45295415296
972.347030588416
999.175415172096
910.141821717504
1120.06446043136
885.817676823552
830.241391304704
959.749529860096
904.420163992576
1048.67294674944
841.691889168384
686.884778632192
1058.5010159104
876.041383267328
823.428777996288
800.038308788224
808.149023494144
589.591174736896
368.581170556928
641.376646725632
983.253571694592
672.519111110656
834.381853917184
895.12931396608
840.436585987072
681.499440523264
827.365315960832
460.05042952192
725.56896344064
1278.25118608384
1270.11701296128
1209.17815155712
1353.02968481792
1201.95881863168
1023.876219780096
1219.73289020416
1028.56204663808
1314.39970961408
1157.33404903424
1112.77039571968
616.643010325504
2070.74273552384
1899.64212844544
1419.95444634624
1247.23380440064
1081.72776014848
1043.5076557824
1177.2365618176
6639.5313764351995
6105.6295853056
5127.9474627071995
6776.4793532928
7212.3367880192
5994.5401267199995
4531.64737864192
2335.60536973824
1665.0218509977599
1718.77333333504
1681.29777777664
2802.36189116928
2248.50052203008
2104.74765661184
2975.7252968038397
1985.00431384576
2875.09776937472
2321.22165806592
1679.21962988544
3201.69045130752
4256.15531380736
3964.7973131827202
2394.8981990502402
3643.1177321625596
2517.1462584217597
3263.26299551744
3912.6647217715204
4312.18215384576
4218.71391789056
5067.6350471424
4639.56734922752
4957.56565043712
3668.33177625088
4210.61977394176
3531.49703099392
3371.6402684569603
3662.30840397824
3660.8614399999997
5043.42635789312
5218.835801087999
4437.53454034944
4331.7666837504
4831.41193829888
4915.17249160704
4088.15659574272
4610.27851659264
4541.14340550144
4364.7794694656
3924.77613622784
4252.218447488
4004.59294117888
4879.586482959359
4044.8822962124805
4084.45565417984
4536.81559645696
2857.86644536832
2567.89144274944
1617.38912442368
3609.4812982988797
3273.0827157964804
2000.38342016
3086.7302002432
4381.51737478656
3408.18707692544
2946.66384479744
5646.3482634752
5054.23810917376
4979.3113043456
5418.5552423936
4787.72036958208
4886.04561983488
5068.88340271616
4472.7606100224
2845.70628407296
4528.36336192
5241.8269011968005
5866.3822222336
4945.31318518272
5297.2043211776
4161.89786056192
2844.99498207744
3575.2861306982404
5351.1430293504
6303.5543053312
4729.51466666496
5702.7112543744
5440.1769585152
4061.54202277376
4894.168667105279
3297.63324508672
3935.68224986624
5420.9149700607995
5022.0262486016
5949.622987827201
5314.836756736
3959.31959305728
4540.81122806784
5037.77638814208
4379.9825742592
4569.51489182208
3839.10567685632
3766.77683530752
2241.115053568
3905.9144347801603
2590.6322386022402
4210.04442077184
5000.75550296064
4689.86666666496
5799.280380364799
5682.8971382784
5315.8275168768
4790.6259753062395
4359.40081330688
4723.5998303897595
4173.606005601279
4235.96942222336
5017.85962714624
5150.72
5195.4036363776
4422.2647707648
4861.73515294208
4995.87707586048
4550.70910858752
5600.3223021568
4429.08838411776
4151.206956523521
4798.74764930048
4522.10081996288
5243.364733747199
4208.45944584192
3434.4238931609602
5292.505079552
4380.20691633664
4117.14388998144
4000.1915439411196
4040.74511747072
2947.95587368448
1842.90585278464
3206.88323362816
4916.26785847296
3362.59555555328
4171.90926958592
4475.6465698304
4202.18292993536
3407.4972026163196
4136.82657980416
2300.2521476096
3627.8448172032
6391.2559304192
6350.5850648064
6045.8907577856
6765.148424089601
6009.7940931584
5119.38109890048
6098.6644510208
5142.810233190399
6571.9985480704
5786.6702451712
5563.8519785984
3083.2150516275196
10353.7136776192
9498.2106422272
7099.7722317312
6236.169022003201
5408.6388007424
5217.538278911999
5886.182809088
