598.160580752384
655.594475849728
577.506369961984
713.593491525632
470.03151900672
724.594587322368
386.628459510784
477.366373044224
541.916354429952
517.70265018368
387.593791486976
439.945489291264
492.679560081408
465.34996013056
381.727009317888
389.881240707072
502.816047689728
581.253010675712
650.77208449024
569.672310815744
471.735624375296
529.596702183424
712.602187380736
568.140959225856
724.44763364864
691.063206107136
566.962002528256
478.776103537664
517.829631342592
974.377472753664
796.899263630336
1055.19550600192
1195.61686486016
972.9472719104
876.416398753792
778.49514571776
793.252749728768
497.706548476928
652.861705399296
780.677372839936
364.27917241344
452.489648241664
594.532237205504
389.231005748224
327.222261833728
252.220152095744
272.17955452928
361.97637476352
259.44233745408
241.327582212096
345.694824556544
360.510870299648
363.598284248064
489.55560720896
494.315177033728
656.161391304704
673.734257948672
730.934084506624
380.91742862848
334.850911848448
539.90198713344
730.042751079424
718.968470588416
815.004097560576
682.475768996864
1001.304131147776
818.204486090752
950.116016925696
926.93623909888
973.26084448256
912.443164444672
1267.38484344832
1126.61557895168
1141.00444182528
940.553197604864
1093.70748942336
1122.53208352768
1156.83521893376
1158.76437956608
1148.73619335168
1296.40564073472
1199.01212397568
1270.11701296128
1117.05819629568
983.765333332992
1034.7921911296
1174.7547486208
838.022393476096
928.198530612224
1028.74181818368
938.215364017152
1303.60572592128
986.855246021632
666.601817631744
566.256131267584
780.382062630912
546.145975308288
393.601396363264
548.187186282496
821.922649442304
851.363125581824
667.305715877888
693.927845730304
633.933505764352
752.897710468096
609.96064352256
661.427188431872
654.02983624704
731.646678368256
832.258882573312
853.474972255232
980.762107116544
932.401341677568
1074.6645468672
1117.76574086144
1204.4760615424
1227.10485886976
1186.3651479552
1078.27133202432
927.531595390976
995.669333332992
1262.34291892224
713.264344981504
420.5568
408.503450513408
2990.80290376192
3277.97237924864
2887.53184980992
3567.96745762816
2350.1575950336
3622.9729366118404
1933.1422975539201
2386.83186522112
2709.5817721497597
2588.5132509184
1937.96895743488
2199.7274464563197
2463.39780040704
2326.7498006528003
1908.6350465894402
1949.40620353536
2514.08023844864
2906.26505337856
3253.8604224512
2848.36155407872
2358.67812187648
2647.98351091712
3563.01093690368
2840.70479612928
3622.2381682432
3455.31603053568
2834.81001264128
2393.88051768832
2589.1481567129604
4871.88736376832
3984.49631815168
5275.9775300096
5978.084324300799
4864.736359552
4382.08199376896
3892.4757285888
3966.26374864384
2488.53274238464
3264.3085269964804
3903.3868641996796
1821.3958620672
2262.44824120832
2972.6611860275198
1946.15502874112
1636.11130916864
1261.10076047872
1360.8977726464
1809.8818738176
1297.2116872704
1206.6379110604798
1728.47412278272
1802.55435149824
1817.9914212403198
2447.7780360448
2471.57588516864
3280.80695652352
3368.6712897433604
3654.67042253312
1904.5871431424002
1674.25455924224
2699.5099356672
3650.2137553971197
3594.84235294208
4075.0204878028803
3412.3788449843196
5006.52065573888
4091.0224304537596
4750.58008462848
4634.6811954944005
4866.304222412799
4562.21582222336
6336.9242172416
5633.077894758399
5705.0222091264
4702.76598802432
5468.5374471168
5612.6604176384
5784.1760946688
5793.821897830399
5743.6809667584
6482.0282036736
5995.0606198784
6350.5850648064
5585.290981478401
4918.82666666496
5173.960955648
5873.7737431040005
4190.11196738048
4640.99265306112
5143.7090909184
4691.07682008576
6518.0286296064005
4934.27623010816
3333.00908815872
2831.28065633792
3901.91031315456
2730.7298765414403
1968.00698181632
2740.93593141248
4109.61324721152
4256.81562790912
3336.52857938944
3469.63922865152
3169.6675288217602
3764.48855234048
3049.8032176128
3307.1359421593597
3270.1491812351996
3658.2333918412796
4161.29441286656
4267.37486127616
4903.81053558272
4662.00670838784
5373.3227343359995
5588.8287043072
6022.380307712
6135.524294348799
5931.825739776
5391.3566601216
4637.65797695488
4978.34666666496
6311.7145946112
3566.32172490752
2102.784
2042.51725256704
