1129.30805699584
1284.36990088192
1261.5126486528
1253.10098880512
1525.73636923392
1481.7787689472
1551.03506706432
1606.8786086912
1179.0150640128
1953.47777120256
1231.52851653632
1110.14489510912
1444.37485280256
1118.1095874048
920.468919223296
960.22203383808
1100.44205003776
1104.57861988352
1006.45348381696
1034.53419570176
1053.97431794688
772.923683483648
1009.385700348928
1187.99190463488
1103.91545888768
1434.62764412928
1433.59112459264
1028.44863576064
822.448862486528
798.877182843904
1209.38976536576
1396.87022839808
1185.21106859008
874.75781123072
908.00790397952
1146.71839757312
1534.82687378432
1061.7181909504
1065.62650887168
1258.58845056
1243.97275940864
1245.34236906496
1281.71991411712
1016.56717241344
1196.75805908992
1064.26953143296
1005.903029023744
863.793293966336
1003.73005128192
1162.6793371648
1174.84703971328
989.221994015744
931.706978778112
1126.49449147392
855.43384615424
1065.34208106496
1011.50382820352
803.107793726464
854.17459932672
854.099893976064
821.011498771456
5646.5402849792
6421.849504409601
6307.5632432639995
6265.504944025601
7628.6818461696
7408.893844736
7755.1753353216
8034.393043456001
5895.075320063999
9767.3888560128
6157.6425826816
5550.7244755455995
7221.8742640128
5590.547937024001
4602.34459611648
4801.1101691904005
5502.2102501888
5522.893099417601
5032.2674190848
5172.6709785088
5269.871589734401
3864.61841741824
5046.92850174464
5939.959523174401
5519.5772944384
7173.1382206464
7167.9556229632
5142.2431788032
4112.24431243264
3994.38591421952
6046.9488268288005
6984.3511419904
5926.0553429504
4373.7890561536
4540.0395198976
5733.5919878656005
7674.1343689216
5308.590954752
5328.1325443584
6292.9422528
6219.8637970432
6226.7118453247995
6408.5995705856
5082.8358620672
5983.790295449599
5321.347657164801
5029.51514511872
4318.96646983168
5018.6502564096
5813.396685824
5874.235198566401
4946.10997007872
4658.53489389056
5632.4724573696
4277.1692307712
5326.7104053248
5057.5191410176
4015.53896863232
4270.8729966335995
4270.49946988032
4105.05749385728
