1435.77217522688
2055.23595423744
1116.1745543168
1444.01463566336
2145.32565605376
644.152830779392
299.204923076608
552.375906726912
495.245263420416
519.181089478656
364.412989651968
530.874132657152
442.986306884608
372.06715816448
481.836480591872
714.690917276672
704.458879111168
676.470311779328
732.79604386816
817.535514783744
913.329849607168
1167.38531520512
1221.32572809216
1800.43934299136
2017.4232343552
1220.98598658048
2020.17919107072
2385.46246808576
1926.74133332992
2054.16748025856
2436.8408987136
1380.40661332992
503.777638813696
969.596142466048
351.287250304
600.618411614208
968.004337482752
436.3362860544
364.077130698752
468.49809299456
482.708909923328
601.94279202304
705.201683798016
624.461761092608
919.703016817664
682.658774566912
981.13958027776
1231.55918537728
963.097083573248
1290.02367446016
668.837277193216
420.690825882624
684.42787372544
860.015844660224
1245.184
1133.7379643392
627.731521664
554.624695308288
606.580363636736
1375.39862938624
1021.74320173568
1400.04240963584
1872.24985977856
1817.6997743616
1344.67476860928
1121.80587442176
1510.7453523968
1065.34102325248
1469.32602278912
1384.6500637184
952.606678751232
1473.9779368448
1309.031107328
1620.80268028928
1797.98127582208
1450.82774532096
1287.47855737856
1482.2215282176
1636.34045546496
1741.69400444928
1339.66852320256
1173.55456790528
968.119276901376
1375.10651450368
697.496341526528
743.514751941632
769.067361563648
304.947560472576
333.131570056192
733.690288264192
407.565190703104
571.8391156736
989.993253863424
875.699375066112
1018.649066330112
1125.17398639616
1037.89970927616
736.920666338304
325.42767080448
270.727863686144
230.070055610368
207.891619188736
214.933887567872
284.911102477312
721.075786259456
1283.95669441536
1501.11488454656
1489.8935263744
1266.20966089728
387.850753954816
596.21355321856
1210.7354258944
1406.6217733632
1448.2976728064
1523.49421676544
939.586563154944
644.2268798464
706.738712136704
664.4660628224
928.891623168
720.571034001408
813.021521885184
659.10505164288
744.923253588992
1175.66243137536
961.272685714432
1064.584749824
1342.27437036544
1317.66340519936
1014.117389984768
897.96518050304
757.315633502208
735.56643234816
1076.10300864512
1028.21224708096
967.540136585216
878.060700664832
733.657212121088
769.491164727296
636.836833068032
622.665801801728
7178.8608761344
10276.1797711872
5580.872771584
7220.073178316799
10726.6282802688
3220.76415389696
1496.0246153830399
2761.87953363456
2476.22631710208
2595.9054473932797
1822.06494825984
2654.37066328576
2214.93153442304
1860.3357908224002
2409.18240295936
3573.45458638336
3522.2943955558403
3382.3515588966397
3663.9802193408004
4087.67757391872
4566.649248035839
5836.926576025599
6106.6286404608
9002.1967149568
10087.116171776
6104.9299329024
10100.8959553536
11927.3123404288
9633.7066666496
10270.8374012928
12184.204493567999
6902.0330666496
2518.88819406848
4847.98071233024
1756.43625152
3003.09205807104
4840.02168741376
2181.681430272
1820.38565349376
2342.4904649728
2413.54454961664
3009.7139601152003
3526.00841899008
3122.30880546304
4598.51508408832
3413.2938728345603
4905.6979013888
6157.795926886401
4815.48541786624
6450.1183723008
3344.18638596608
2103.45412941312
3422.1393686272
4300.07922330112
6225.92
5668.689821696
3138.65760832
2773.12347654144
3032.90181818368
6876.9931469312
5108.716008678401
7000.2120481792
9361.2492988928
9088.498871808
6723.3738430464
5609.0293721088
7553.7267619839995
5326.7051162624
7346.630113945601
6923.2503185919995
4763.03339375616
7369.889684224
6545.15553664
8104.0134014464
8989.9063791104
7254.1387266048005
6437.3927868928
7411.1076410880005
8181.702277324801
8708.4700222464
6698.3426160128
5867.7728395264
4840.59638450688
6875.5325725184
3487.48170763264
3717.5737597081597
3845.33680781824
1524.73780236288
1665.65785028096
3668.45144132096
2037.82595351552
2859.1955783679996
4949.96626931712
4378.49687533056
5093.24533165056
5625.8699319808
5189.4985463808
3684.60333169152
1627.1383540223999
1353.63931843072
1150.35027805184
1039.45809594368
1074.66943783936
1424.55551238656
3605.37893129728
6419.7834720768005
7505.5744227328
7449.467631871999
6331.0483044863995
1939.25376977408
2981.0677660928004
6053.677129471999
7033.108866816
7241.488364032
7617.471083827199
4697.9328157747195
3221.1343992320003
3533.6935606835195
3322.330314112
4644.45811584
3602.8551700070398
4065.10760942592
3295.5252582144
3724.61626794496
5878.3121568768
4806.36342857216
5322.92374912
6711.3718518272
6588.317025996801
5070.58694992384
4489.8259025152
3786.57816751104
3677.8321617408
5380.5150432256005
5141.0612354048
4837.70068292608
4390.3035033241595
3668.28606060544
3847.45582363648
3184.18416534016
3113.32900900864
