1406.395762432
1043.73981638656
1039.16062004224
1165.85604450304
1237.15749494784
1057.50523420672
643.436663986176
527.085268292608
548.105638687744
755.735450381312
1676.93077056512
1052.41128307712
1027.7623297024
1137.48744827904
541.378060228608
575.444386043904
1006.569636002816
1042.12993977344
1167.5844829184
774.10577458688
888.88792572416
377.313112265728
301.23607749632
431.730024905728
287.046078212096
315.434611183616
444.588238183424
400.238236502016
260.802837536768
240.208769849344
259.401020976128
332.71718050304
436.558257518592
420.811643281408
733.83311186432
634.769097473024
340.650832805888
515.4327969024
324.464223927296
271.244588657664
288.151593529344
225.217236508672
398.872380952576
253.768787794944
237.214024691712
279.361248964608
391.762447248384
906.509611787264
915.601884931072
1060.48209537024
1237.78327272448
1233.537994496
1277.64006528
1315.97596285952
1361.04467893248
1385.57414249472
1523.45357728768
1308.99185081344
1357.75255814144
1339.86109497344
1252.72238298112
1154.04565316608
1086.46619272192
1205.61719728128
1221.7611700224
1318.79742657536
1429.01847573504
1508.13708642304
1852.48728397824
1810.83939784704
1793.2482123264
2319.30275776512
2049.58115141632
1704.36715789312
1609.77795122176
1702.72970549248
1566.80682294272
1650.1353985536
1897.2993254912
1567.17556713472
1693.34101332992
1736.21771689984
1785.12998941696
2073.32702961664
1849.62151629824
1652.33887512576
2206.57644859392
2165.67222856704
1849.58284863488
2322.3162937856
2553.36016841728
1898.38595019776
1908.36997446656
2012.94378718208
1973.71049204736
2004.85546667008
2109.28005433344
2221.7117860352
2355.42490515456
2009.10225521664
1782.82423320576
1642.8806009344
1919.19341546496
1960.9502210048
1965.37691547648
1945.6882215424
2084.16197286912
2173.04229261312
2431.4590830592
1991.40177031168
1571.17474057216
1372.38091599872
1451.34513230848
1707.25255683072
1514.2046178816
1340.02547627008
1431.69143829504
1562.34699778048
1328.3093833216
1526.49277064192
1079.6799163904
785.6856572672
2115.094177024
3113.7792
2974.69936123904
1899.2887741952
2016.88352470016
2114.08213332992
2060.76427907072
1994.93540298752
2044.93046747136
2007.01254078464
2021.01458823168
2174.45005447168
2322.86984827904
2233.620854784
1301.07227874304
2195.71884491776
2319.8330760192
1927.03345985536
2173.18938569728
2268.19327075328
1792.26115436544
1828.00249874432
1992.40919235584
2447.02458573824
2182.1043328512
1953.051044864
2421.72794728448
2450.74850909184
1751.94164908032
1951.27008264192
2169.54641860608
1982.39863829504
1883.39053379584
1849.32057942016
1986.9252126208
2015.58177078272
2201.99009523712
1868.50692004864
1679.1936649728
1672.0941480448
1670.6279687168
1717.97374756864
1856.212372992
2201.32757433344
1754.05297243136
1639.80355654656
1683.11066979328
2045.16217591808
1706.74405398528
1612.83908397056
1694.97298823168
1540.77722947584
1788.50423144448
1685.13628537856
1541.37320357888
1429.3550545408
1306.72409775104
1438.20206949376
618.640564706304
931.987501384704
2131.97729501184
1389.51579608064
1218.95759707136
1229.9032380928
1290.1196366848
1207.65054623744
1093.83344262144
1051.3321030144
972.519509979136
956.104911392768
601.873916962816
529.822804185088
636.479390476288
1009.692021415936
633.383717912576
1008.653152293888
1124.41381086208
1318.26273189888
1490.84071237632
1955.01436649472
1752.20237838336
1463.80611069952
1579.28365303808
2134.27552617472
1613.066844672
1404.27824014336
1463.13909677056
1375.58594195456
7031.97881216
5218.6990819328
5195.8031002112
5829.2802225152
6185.7874747392
5287.5261710336
3217.18331993088
2635.42634146304
2740.52819343872
3778.6772519065603
8384.653852825599
5262.0564153856
5138.811648512
5687.4372413952005
2706.89030114304
2877.2219302195203
5032.84818001408
5210.6496988672
5837.922414592
3870.5288729344
4444.4396286208
1886.5655613286401
1506.1803874815998
2158.65012452864
1435.23039106048
1577.17305591808
2222.94119091712
2001.19118251008
1304.01418768384
1201.0438492467201
1297.00510488064
1663.5859025152001
2182.7912875929596
2104.05821640704
3669.1655593216
3173.84548736512
1703.25416402944
2577.163984512
1622.32111963648
1356.22294328832
1440.7579676467199
1126.0861825433599
1994.36190476288
1268.84393897472
1186.0701234585601
1396.80624482304
1958.81223624192
4532.54805893632
4578.00942465536
5302.4104768512
6188.9163636224
6167.6899724800005
6388.2003264
6579.8798142976
6805.2233946624
6927.8707124736
7617.2678864384
6544.959254067199
6788.7627907072
6699.3054748672
6263.6119149056
5770.2282658304
5432.3309636096
6028.0859864064
6108.8058501119995
6593.9871328768
7145.0923786752
7540.6854321152005
9262.436419891199
9054.196989235199
8966.241061632001
11596.5137888256
10247.9057570816
8521.8357894656
8048.889756108801
8513.6485274624
7834.0341147136
8250.676992768
9486.496627456001
7835.8778356736
8466.7050666496
8681.0885844992
8925.6499470848
10366.635148083202
9248.1075814912
8261.6943756288
11032.8822429696
10828.3611428352
9247.9142431744
11611.581468928
12766.800842086399
9491.9297509888
9541.849872332801
10064.718935910401
9868.5524602368
10024.2773333504
10546.4002716672
11108.558930176001
11777.124525772799
10045.5112760832
8914.1211660288
8214.403004672
9595.9670773248
9804.751105024
9826.8845773824
9728.441107712
10420.8098643456
10865.2114630656
12157.295415296001
9957.0088515584
7855.8737028608
6861.904579993599
7256.7256615424
8536.262784153601
7571.023089408
6700.127381350399
7158.4571914752
7811.7349889024
6641.546916608
7632.4638532096005
5398.399581952
3928.428286336
10575.470885120001
15568.896
14873.4968061952
9496.443870976
10084.4176235008
10570.4106666496
10303.8213953536
9974.6770149376
10224.6523373568
10035.062703923199
10105.0729411584
10872.250272358398
11614.3492413952
11168.10427392
6505.3613937152
10978.5942245888
11599.165380096
9635.1672992768
10865.9469284864
11340.9663537664
8961.3057718272
9140.0124937216
9962.0459617792
12235.1229286912
10910.521664256
9765.25522432
12108.6397364224
12253.7425454592
8759.7082454016
9756.3504132096
10847.7320930304
9911.9931914752
9416.9526689792
9246.6028971008
9934.626063104
10077.9088539136
11009.9504761856
9342.5346002432
8395.968324864
8360.470740224
8353.139843584
8589.8687378432
9281.06186496
11006.6378716672
8770.2648621568
8199.0177827328
8415.553348966401
10225.8108795904
8533.7202699264
8064.1954198528
8474.8649411584
7703.886147379199
8942.5211572224
8425.6814268928
7706.8660178944
7146.775272704
6533.6204887552
7191.0103474688
3093.2028235315197
4659.93750692352
10659.8864750592
6947.5789804032
6094.787985356799
6149.516190464
6450.598183424
6038.2527311872
5469.167213107201
5256.660515072
4862.5975498956805
4780.52455696384
3009.36958481408
2649.11402092544
3182.3969523814403
5048.46010707968
3166.91858956288
5043.26576146944
5622.0690543104
6591.3136594944
7454.2035618816
9775.0718324736
8761.0118919168
7319.0305534976005
7896.4182651904
10671.377630873601
8065.33422336
7021.3912007168
7315.6954838528
6877.9297097727995
