1044.55616529408
861.95423753216
859.224816326656
632.31178609664
583.4496
513.46322300928
596.528505263104
422.631137673216
405.305789170688
1024.942146816
1046.55876681728
1262.11650782208
840.882374193152
742.259357101056
585.873158706176
529.238538039296
431.461363076096
281.254393322496
456.664924804096
765.327974068224
578.890905966592
511.586745367552
755.606588235776
905.672243933184
924.947943805952
1063.97851483136
943.17536090624
764.953259962368
776.528525821952
663.30269727744
864.28441156096
946.89656722432
1064.4413915136
1376.36821917696
1603.36113631232
1914.1759163392
1759.3347760128
1457.44922661888
1246.00723547136
908.73944086016
832.309093009408
994.387478260736
615.524183549952
465.724487676928
766.87886166016
856.056566243328
557.455693077504
489.31932479488
392.82560329728
807.312508698624
943.896176825344
1312.32047407104
1350.00172008448
1196.95144967168
1320.69676572672
1844.19541543936
1680.09669064704
1552.33097734144
2137.77737972736
2098.11911110656
2265.088
2201.56183851008
2235.12829431808
5222.7808264704
4309.7711876608
4296.12408163328
3161.5589304832
2917.248
2567.3161150464002
2982.6425263155197
2113.15568836608
2026.52894585344
5124.71073408
5232.7938340864
6310.5825391104
4204.4118709657605
3711.2967855052802
2929.36579353088
2646.1926901964803
2157.30681538048
1406.2719666124801
2283.32462402048
3826.6398703411196
2894.45452983296
2557.93372683776
3778.0329411788803
4528.36121966592
4624.73971902976
5319.8925741568
4715.8768045312
3824.76629981184
3882.64262910976
3316.5134863872
4321.422057804801
4734.4828361216005
5322.206957568
6881.841095884801
8016.8056815616
9570.879581696001
8796.673880064
7287.2461330944
6230.0361773568
4543.6972043008
4161.54546504704
4971.93739130368
3077.62091774976
2328.62243838464
3834.3943083008003
4280.28283121664
2787.2784653875196
2446.5966239744002
1964.1280164864
4036.56254349312
4719.48088412672
6561.6023703552
6750.0086004223995
5984.7572483584
6603.4838286336
9220.9770771968
8400.4834532352
7761.654886707201
10688.8868986368
10490.5955555328
11325.44
11007.809192550401
11175.6414715904
