242.871312060416
477.80614341632
336.444108368896
363.732319654912
546.94329690624
970.730703639552
1010.498992616448
1084.59728229376
1300.5102660096
1298.813103104
1449.34149019648
1171.25838596096
1452.88687086592
1423.14942311424
1595.48462311424
1290.01418150912
1523.203467264
1536.0385203712
1471.11779535872
1624.30518163456
1704.71971119104
1619.19418958848
1077.9203008
676.90404940288
890.707035495424
1420.06713725952
1275.8661280256
1178.96920113152
1086.60476550144
949.21420946944
1093.632
663.065202660352
692.907669113856
761.920872855552
1494.84412326912
1594.23037812736
1040.75662828544
694.04949879296
1133.8145896448
1580.87168
1320.512
856.555909630976
603.852462046208
642.503779484672
783.849345132544
427.8287805952
489.471291594752
392.592878707712
764.875433265152
489.079214881792
444.595293029376
402.524133676032
774.484214207488
1201.35532130304
1336.28937105408
1283.2633764352
1242.38385841152
1258.94037735424
1318.6811601408
1568.33612430336
2069.37775342592
1858.53374358528
1827.06936082432
1871.9982072832
859.070766880768
979.430874591232
1086.39519367168
979.264598130688
1615.42507433984
1102.4923449856
1017.459792915456
714.085954782208
1327.83750962176
1145.35177440256
807.443476810752
532.674468842496
895.629665734656
766.7374453248
1479.6984068096
1552.57427872768
1828.03692307456
2145.561640704
2177.76128
2089.7855503872
2465.99059393536
2434.05855670272
1755.10339796992
1833.65778105344
1734.38811813888
1485.11764897792
1233.78916525056
1296.14723699712
1362.278651392
1265.71544113152
1016.286181259264
1187.73035564032
889.477710885888
869.53953808384
1073.6801884672
865.629735385088
894.97076214784
1135.15083410432
1542.24947639296
767.584991366144
708.513918206976
891.4848945152
1184.80842104832
715.4146471168
346.541765537792
265.641914901504
301.332326926336
296.410034353152
245.641079015424
290.840785477632
264.794060080128
306.279005917184
308.569518721024
300.404008477696
296.9220825344
312.0026334464
392.736338302976
859.965549770752
1091.27775700992
1366.5819715072
1607.5891331072
2063.72371585024
2295.83580090368
2161.28936585216
2220.27694352384
2162.15578089472
1978.27777973248
1998.96715636736
2812.92112751616
2095.27917884416
2029.9107982848
2462.02908132352
3041.47721481216
2999.55732325376
2712.3655890432
3282.80515254272
3549.65839548416
3743.64829906944
3860.19676596224
3134.35113426944
2841.176196864
3379.83715555328
3425.27480203264
3043.4552049664
3054.75734844416
3903.00669544448
3902.54016529408
3652.9411084288
3491.25006089216
3369.26216393728
3330.46978489344
3204.5762831872
3226.38089208832
3140.95190943744
3131.10965436416
3113.42260706304
3113.69912781824
3477.23728371712
3478.15815233536
2834.44540752896
2669.16189753344
2535.75049275392
2077.08450496512
1966.31533789184
1988.65111578624
2026.75856410624
2071.391372544
1893.2024178688
2016.1685509632
1713.08537831424
1001.554498939904
2164.80169595904
2864.49697166336
2868.62393133056
2904.43926705152
2782.75363504128
2724.27115789312
2503.0852433408
1985.02256582656
885.04102127616
881.124707889152
1498.24648603648
4820.23608584192
4815.12247422976
4796.70272
1365.28584347648
1568.68718587904
2079.42504918016
2025.43689143296
1525.8067579904
1838.88655254528
1998.08256284672
2082.2574545408
2271.68156097536
756.46519483392
658.731498607616
871.09116018688
506.496
699.323853679616
1214.35656030208
2389.0307170816
1682.22054184448
1818.6615982745598
2734.7164845312
4853.65351819776
5052.49496308224
5422.9864114688
6502.551330048
6494.06551552
7246.7074509824
5856.2919298048
7264.4343543296
7115.747115571201
7977.4231155712005
6450.0709075456
7616.01733632
7680.192601856001
7355.5889767936005
8121.5259081728
8523.5985559552
8095.9709479424
5389.601504
3384.5202470144
4453.53517747712
7100.3356862976
6379.330640128
5894.8460056576005
5433.0238275072
4746.0710473472
5468.16
3315.32601330176
3464.53834556928
3809.6043642777604
7474.2206163456
7971.1518906368
5203.7831414272005
3470.2474939648
5669.072948224
7904.3584
6602.5599999999995
4282.77954815488
3019.26231023104
3212.51889742336
3919.24672566272
2139.143902976
2447.35645797376
1962.9643935385598
3824.37716632576
2445.39607440896
2222.97646514688
2012.6206683801602
3872.42107103744
6006.7766065152
6681.4468552704
6416.316882175999
6211.9192920576
6294.7018867711995
6593.405800704
7841.6806215168
10346.888767129602
9292.6687179264
9135.3468041216
9359.991036415999
4295.35383440384
4897.15437295616
5431.975968358401
4896.32299065344
8077.1253716992
5512.461724928
5087.29896457728
3570.42977391104
6639.187548108801
5726.758872012801
4037.2173840537603
2663.37234421248
4478.14832867328
3833.687226624
7398.492034048
7762.871393638399
9140.1846153728
10727.80820352
10888.806400000001
10448.927751936
12329.952969676799
12170.2927835136
8775.5169898496
9168.2889052672
8671.9405906944
7425.5882448896
6168.9458262528005
6480.7361849856
6811.39325696
6328.577205657601
5081.43090629632
5938.651778201601
4447.38855442944
4347.6976904192
5368.400942336
4328.14867692544
4474.8538107392
5675.7541705216
7711.2473819648
3837.92495683072
3542.56959103488
4457.424472576
5924.0421052416
3577.073235584
1732.70882768896
1328.2095745075198
1506.66163463168
1482.05017176576
1228.20539507712
1454.2039273881599
1323.97030040064
1531.39502958592
1542.84759360512
1502.0200423884799
1484.610412672
1560.0131672320001
1963.68169151488
4299.82774885376
5456.388785049599
6832.909857536
8037.945665536
10318.618579251199
11479.1790045184
10806.4468292608
11101.384717619201
10810.7789044736
9891.3888986624
9994.8357818368
14064.6056375808
10476.395894220801
10149.553991424
12310.145406617601
15207.3860740608
14997.7866162688
13561.827945216
16414.0257627136
17748.2919774208
18718.2414953472
19300.9838298112
15671.7556713472
14205.88098432
16899.1857777664
17126.3740101632
15217.276024832
15273.7867422208
19515.0334772224
19512.700826470398
18264.705542143998
17456.250304460802
16846.3108196864
16652.348924467202
16022.881415935999
16131.9044604416
15704.759547187201
15655.5482718208
15567.113035315198
15568.4956390912
17386.1864185856
17390.7907616768
14172.2270376448
13345.8094876672
12678.752463769599
10385.422524825599
9831.5766894592
9943.255578931201
10133.7928205312
10356.95686272
9466.012089344
10080.842754816
8565.4268915712
5007.7724946995195
10824.0084797952
14322.4848583168
14343.1196566528
14522.196335257599
13913.768175206402
13621.355789465599
12515.426216704
9925.112829132799
4425.2051063808
4405.62353944576
7491.2324301824
24101.1804292096
24075.6123711488
23983.513600000002
6826.429217382401
7843.4359293952
10397.1252459008
10127.1844571648
7629.033789952
9194.4327627264
9990.412814233601
10411.287272704001
11358.407804876799
3782.3259741696
3293.6574930380802
4355.4558009344
2532.48
3496.6192683980803
