372.439606883328
276.16979050496
566.385470270464
1035.56073174016
752.536540971008
500.099657143296
881.114643776512
649.51527793664
694.441693993984
743.514410748928
440.595747545088
578.858913294336
340.95231007744
350.839213997056
294.664909512704
485.919079872512
538.316023932928
468.447694072832
453.84231649792
558.529098146816
442.348814988288
468.796462311424
343.890144405504
679.14082445312
774.157072339968
869.951039039488
984.5597014272
839.487903176704
612.660133738496
477.518804763648
372.970865205248
489.751730101248
538.254892775424
545.635206048768
689.871662579712
674.895984570368
866.476080473088
855.072285544448
715.274419308544
721.447429549056
470.29920979456
311.710739939328
359.640876658688
330.127899698176
375.01974490624
420.298623341568
313.274630064128
247.3226183168
333.328264877056
438.203733332992
406.214896467968
669.789444867072
448.798642179072
324.184533853184
367.98529652736
423.25572655616
531.274838221824
626.095013404672
623.353179986944
504.128022833152
795.495397577728
896.4305865728
950.272
1123.19892436992
664.302265362432
692.206637379584
338.39086980608
420.281020807168
693.037300411392
897.474793168896
895.462215827456
1026.49856
1071.41514112
1066.68114747392
1140.16485062656
1225.93080195072
1048.61352879104
1019.981717497856
1167.19493731328
1286.73329281024
1320.24888889344
1051.05784423424
942.30055384576
979.409031789568
929.499595659264
990.991311647744
809.597094793216
690.168414815232
572.891963762688
427.309247210496
476.156633793536
413.71489298944
687.04272059392
756.697077428224
931.834230985728
859.76882491392
846.186775325696
712.436018117632
742.007773778944
822.601356725248
873.741742821376
906.71490774016
960.813176470528
818.28632809984
1056.55584293888
936.9486474496
856.555909630976
842.681846862848
796.114705486848
783.849345132544
845.404583877632
781.37023964672
889.40702062592
805.393158919168
873.896270487552
999.101671863296
1043.87925332992
1129.32757927936
838.753431631872
969.495573020672
858.805187907584
612.719589743616
423.83564428288
465.925470616576
395.707322318848
1862.19803441664
1380.8489525248
2831.92735135232
5177.8036587008
3762.68270485504
2500.49828571648
4405.5732188825605
3247.5763896832
3472.20846996992
3717.5720537446396
2202.9787377254397
2894.2945664716804
1704.7615503872
1754.19606998528
1473.3245475635201
2429.59539936256
2691.5801196646403
2342.23847036416
2269.2115824896
2792.64549073408
2211.74407494144
2343.9823115571203
1719.45072202752
3395.7041222656
3870.78536169984
4349.75519519744
4922.798507136
4197.43951588352
3063.30066869248
2387.59402381824
1864.85432602624
2448.75865050624
2691.27446387712
2728.17603024384
3449.35831289856
3374.47992285184
4332.38040236544
4275.3614277222405
3576.37209654272
3607.23714774528
2351.4960489728
1558.55369969664
1798.20438329344
1650.63949849088
1875.0987245312
2101.49311670784
1566.37315032064
1236.613091584
1666.6413243852799
2191.0186666649597
2031.07448233984
3348.9472243353603
2243.99321089536
1620.92266926592
1839.9264826367998
2116.2786327808003
2656.37419110912
3130.47506702336
3116.7658999347204
2520.6401141657598
3977.47698788864
4482.152932864
4751.360000000001
5615.9946218496
3321.51132681216
3461.03318689792
1691.9543490304
2101.40510403584
3465.1865020569603
4487.37396584448
4477.31107913728
5132.4928
5357.0757056
5333.4057373696
5700.824253132801
6129.6540097536
5243.0676439552
5099.90858748928
5835.9746865664
6433.666464051201
6601.2444444672
5255.289221171201
4711.5027692287995
4897.04515894784
4647.49797829632
4954.95655823872
4047.98547396608
3450.8420740761603
2864.4598188134396
2136.54623605248
2380.78316896768
2068.5744649472
3435.2136029696
3783.48538714112
4659.17115492864
4298.844124569599
4230.93387662848
3562.18009058816
3710.0388688947205
4113.006783626241
4368.70871410688
4533.5745387008
4804.06588235264
4091.4316404992
5282.7792146944
4684.743237248
4282.77954815488
4213.40923431424
3980.57352743424
3919.24672566272
4227.0229193881605
3906.8511982336004
4447.0351031296
4026.9657945958397
4369.48135243776
4995.50835931648
5219.3962666496
5646.6378963968
4193.76715815936
4847.47786510336
4294.02593953792
3063.59794871808
2119.1782214144
2329.62735308288
1978.5366115942402
