521.45260646912
757.602793757696
551.093702255616
1084.41202587648
1211.56880575488
1077.99251510272
1093.968
1057.33757253632
1027.0328957952
699.038616064
714.706656826368
1045.40688186368
1171.25838596096
1019.981717497856
747.62964435968
568.235239373824
1170.8442802176
1262.4492722176
1268.32516306944
695.696350967808
1064.45637148672
1297.27296703488
1318.23526956032
1419.77502476288
1227.93124421632
965.769937624064
828.169514007552
636.123324822528
418.057386237952
514.525038927872
529.705607686144
540.15910956544
859.317259769856
877.62577061376
655.009888048128
694.984347826176
529.801011354624
855.84136528384
929.739011643392
467.194697991168
583.616679279616
1057.73176470528
841.054897840128
909.154265838592
890.332413275136
432.732707175424
533.206051528704
575.462181374976
612.358567109632
544.5823625728
511.041887399936
577.840254186496
594.113403035648
587.849901285376
461.547051317248
520.954917112832
616.25025606144
619.137270121472
736.698548895744
675.354131643392
597.492958985216
531.543194933248
695.040701370368
418.973352246272
592.9932209408
1139.12234093568
942.43243651584
858.260683840512
846.290253407232
591.424280947712
438.035856448512
338.538299184128
472.496460299264
833.385411764224
910.880680851456
1051.92398642176
1015.0073279488
790.079621302272
581.970322373632
516.696800792576
1198.1186415104
1083.28113959936
992.322258823168
756.556286155776
772.995945520128
904.196551110656
1075.64318906368
795.26324459008
837.037493542912
974.629481920512
571.199095760896
535.4781811456
434.140313649152
669.901212071936
1380.5834520576
1285.91312731136
805.68479377408
1192.35409250304
1167.0324550656
1304.10101204992
1165.4087158272
1143.57375163392
1244.1330297344
1648.3675596288
1221.80666774528
493.444145142784
865.466134152192
754.702482975744
423.045771098112
500.479008799744
296.299313401856
334.301704932352
586.432450890752
924.466633472
1343.53232101376
1003.916387096576
1025.75453658112
1294.06519008256
1320.88174464
875.7248
1256.07139209216
1073.18840889344
1216.80932611072
1197.60738461696
1070.69257143296
713.67214545408
942.97488139776
709.62197482496
660.058577281024
788.093584905216
528.586822796288
365.46820427264
945.341303525376
833.25099005952
877.696750488576
793.239775261696
1085.48762790912
1124.92992876544
1050.83829403648
1175.09013649408
1350.90151002112
1231.94026667008
1236.3282962944
1636.34045546496
1100.66236171264
695.893567123456
682.029919282176
1121.82732502016
1428.5606064128
1503.94608647168
1600.34787807232
1571.4055241216
1473.60443256832
1300.84099127296
1268.6727901184
1559.93064951808
1463.09947474944
922.771489712128
842.03566616064
1164.27543104512
894.057167567872
700.714016920576
2607.2630323456
3788.01396878848
2755.46851127808
5422.060129382399
6057.8440287744
5389.9625755136
5469.84
5286.687862681601
5135.164478975999
3495.1930803200003
3573.53328413184
5227.034409318399
5856.2919298048
5099.90858748928
3738.1482217984003
2841.17619686912
5854.221401088
6312.246361088
6341.625815347199
3478.48175483904
5322.2818574336
6486.3648351744
6591.1763478016
7098.8751238144005
6139.6562210816
4828.84968812032
4140.84757003776
3180.6166241126402
2090.2869311897603
2572.6251946393595
2648.5280384307202
2700.7955478271997
4296.58629884928
4388.1288530688
3275.0494402406403
3474.92173913088
2649.0050567731205
4279.2068264192
4648.69505821696
2335.9734899558403
2918.0833963980804
5288.658823526401
4205.274489200639
4545.7713291929595
4451.66206637568
2163.66353587712
2666.03025764352
2877.31090687488
3061.79283554816
2722.911812864
2555.20943699968
2889.2012709324804
2970.56701517824
2939.2495064268796
2307.73525658624
2604.77458556416
3081.2512803072004
3095.6863506073605
3683.49274447872
3376.77065821696
2987.46479492608
2657.7159746662396
3475.20350685184
2094.8667612313598
2964.966104704
5695.6117046784
4712.1621825792
4291.30341920256
4231.45126703616
2957.1214047385597
2190.17928224256
1692.69149592064
2362.48230149632
4166.92705882112
4554.40340425728
5259.6199321088
5075.036639744
3950.3981065113603
2909.85161186816
2583.4840039628803
5990.593207552
5416.405697996799
4961.61129411584
3782.78143077888
3864.9797276006398
4520.982755553279
5378.2159453183995
3976.3162229504
4185.18746771456
4873.14740960256
2855.9954788044797
2677.3909057280002
2170.70156824576
3349.5060603596803
6902.917260288
6429.5656365568
4028.4239688704
5961.7704625152
5835.162275328001
6520.505060249599
5827.043579136
5717.8687581695995
6220.665148672
8241.837798144
6109.0333387264
2467.22072571392
4327.33067076096
3773.51241487872
2115.22885549056
2502.39504399872
1481.4965670092802
1671.50852466176
2932.16225445376
4622.3331673600005
6717.661605068801
5019.58193548288
5128.7726829056
6470.3259504128
6604.4087232
4378.624
6280.3569604608
5365.9420444672005
6084.046630553599
5988.0369230848
5353.4628571648
3568.3607272704003
4714.8744069888
3548.1098741248
3300.29288640512
3940.4679245260795
2642.9341139814396
1827.3410213631998
4726.70651762688
4166.2549502976
4388.483752442879
3966.19887630848
5427.4381395456
5624.649643827201
5254.1914701824
5875.4506824704
6754.5075501056
6159.7013333504
6181.641481471999
8181.702277324801
5503.3118085631995
3479.46783561728
3410.14959641088
5609.1366251008
7142.803032064001
7519.7304323584
8001.7393903616
7857.027620608
7368.022162841599
6504.204956364801
6343.363950592
7799.6532475904
7315.497373747201
4613.85744856064
4210.1783308032
5821.3771552256
4470.28583783936
3503.57008460288
