791.603756877824
1588.21947302912
4678.43377020928
1942.64309617664
1084.75403542528
510.490249325568
573.591004608512
675.328
1066.37488172032
1096.20865329152
1028.1911293952
1186.57136165888
1122.83214575616
756.349131839488
1074.94241649664
994.522913077248
1101.32275163136
1071.07799364608
991.895319837696
1083.74808441856
1231.12994855936
809.961166381056
710.472435852288
885.77764468224
1194.91274418176
956.88053648896
676.538290518016
689.418822444032
643.986271566848
883.573409314816
1007.005028919296
1031.00908879872
1013.70307254272
1139.78290499584
1256.78239767552
1148.28434285568
1085.06532713472
1097.709577216
1227.4778070016
1020.50968804864
1209.0796787712
1096.1448508416
1060.13763060736
1006.005751202816
1198.87088026624
1036.72246964224
1123.12794211328
1010.758217143296
1268.2910360576
1010.154131525632
1063.4232859136
1226.79120510976
1158.912
837.65136643072
782.080902467584
849.866299229184
836.009435660288
890.654249009152
899.936184971264
967.564845184
1231.97109677056
1544.62756645888
1725.78133332992
1417.805824
1440.30896551936
1149.14846852096
1170.212523776
1233.93034343424
1200.93194269696
1254.436230912
1145.20391283712
1041.09965799424
1050.126404096
1102.68646559744
1287.82236097536
1143.53065092096
1044.5378819584
967.561275362304
974.770976494592
1046.88167068672
1178.11294990336
978.087922829312
949.056450070528
680.865615562752
684.219126903808
671.710190672896
744.806561514496
752.342709677056
703.854474032128
817.603150670848
864.774388591616
1006.57990270976
789.5544788736
908.681502183424
746.192259139584
700.108258200576
849.190671223808
566.368193939456
660.57413345792
653.773553794048
643.774974828544
433.89159082496
285.948950595584
227.721247148032
232.626573495296
252.38422350848
334.90298395136
259.310122390528
310.640570458112
539.810502658048
468.805695004672
485.506041914368
306.290368831488
328.446867813376
346.264778991616
331.294588746752
851.227041113088
1990.44772881408
2595.79873992704
3656.87279120384
3739.79627149312
4163.23089654784
4206.42325093376
3924.93176470528
3559.70517254144
3699.13834555392
3975.38357895168
4026.82311110656
4027.8574545408
4773.59542856704
4180.52287684608
4167.69425521664
3969.0683610112
3944.7082164736
4132.71322699776
4139.77431947264
4029.5799712256
3973.54281290752
3805.19382254592
3341.81751899136
3570.23970506752
3902.41947826176
4005.70368
4358.660612608
4332.52414404608
4364.2809622016
4383.07412104192
4139.74930061312
3930.4515080192
3921.1976145408
3341.99957289984
3348.9883687936
3950.41188273152
3943.81951323136
4141.56155163648
4243.19328279552
4235.28795321344
4250.87150710784
4268.47310769152
4232.33982152704
4282.21555987456
4328.80122648576
4371.96500584448
4382.6946377728
3797.90821052416
3822.41391304704
4129.0096519168
4148.28491784192
4106.79003428864
4140.75300822016
4301.6916462592
4543.69720430592
4559.26278480896
4279.93674853376
4269.85244444672
4255.85470270464
4240.8820109312
4262.2334457856
4340.19075324928
4331.32948837376
4189.42030769152
4205.5936
3992.17278186496
3883.03044383744
3781.53890909184
3673.31100444672
3667.85911899136
3694.4572631552
3706.88
3586.31979065344
3541.53094736896
3488.78928406528
3573.09656338432
3441.27627184128
3612.45059459072
3722.13221052416
3734.46200416256
3159.28717241344
2920.73343553536
3871.44974712832
3845.27817885696
3930.60783158272
3922.92443312128
3937.38417865728
3969.97870676992
4131.95741867008
4188.59690667008
3995.71439401984
3712.10737596416
3579.04168421376
3386.68202667008
3595.57144208384
4077.21532325888
4060.74271822848
4245.39111811072
4260.6120209408
4088.3754112512
3924.84287378432
3923.06256841728
4455.82638482432
4450.81130274816
4235.28795321344
4230.82022641664
4203.79927272448
4199.27466667008
4214.027414016
3894.56411285504
3863.5969819136
3667.38437305344
3608.0128
3534.29226130432
3499.33568
3135.64149036032
3045.28922034176
3641.86710361088
3676.44576744448
4034.02233889792
4116.36297143296
3753.17530256384
3599.64775696384
3326.75966196736
3174.15708793856
3082.92266667008
3101.57483062272
3097.66599583744
3144.22472577024
4041.41126726656
4049.53158621184
3342.70309434368
3286.67085431808
3992.7293526528
4058.27549580288
4054.56681588736
4061.45113043968
4056.40821987328
4543.63616719872
4577.71442423808
4697.9602962944
3731.06795789312
3797.17818181632
4426.75016815616
3665.86984489984
3123.38618181632
2851.19216326656
2212.25699835904
3958.01878438912
7941.097365145601
23392.1688510464
9713.2154808832
5423.7701771264
2552.45124662784
2867.95502304256
3376.64
5331.8744086015995
5481.0432664576
5140.955646976
5932.8568082944
5614.160728780799
3781.74565919744
5374.7120824832
4972.6145653862395
5506.6137581568
5355.3899682304
4959.47659918848
5418.7404220928
6155.6497427968
4049.8058319052802
3552.36217926144
4428.8882234112
5974.5637209088
4784.4026824448
3382.6914525900797
3447.0941122201602
3219.93135783424
4417.86704657408
5035.0251445964805
5155.0454439936
5068.5153627136
5698.9145249792
6283.9119883776
5741.4217142784
5425.3266356736
5488.54788608
6137.389035008
5102.5484402432
6045.3983938559995
5480.724254207999
5300.6881530368
5030.02875601408
5994.3544013312
5183.6123482112
5615.6397105664
5053.79108571648
6341.455180288
5050.77065762816
5317.116429568
6133.9560255488
5794.56
4188.2568321536
3910.40451233792
4249.33149614592
4180.04717830144
4453.27124504576
4499.6809248563195
4837.82422592
6159.8554838528
7723.1378322944
8628.9066666496
7089.02912
7201.5448275968
5745.7423426048
5851.06261888
6169.6517171712
6004.6597134848
6272.181154559999
5726.0195641856
5205.4982899712
5250.6320204799995
5513.432327987201
6439.1118048768
5717.6532546048
5222.689409792
4837.80637681152
4873.85488247296
5234.4083534336005
5890.5647495168
4890.43961414656
4745.2822503526395
3404.3280778137605
3421.0956345190402
3358.55095336448
3724.03280757248
3761.71354838528
3519.27237016064
4088.0157533542397
4323.87194295808
5032.899513548799
3947.7723943680003
4543.40751091712
3730.9612956979204
3500.54129100288
4245.95335611904
2831.84096969728
3302.8706672895996
3268.86776897024
3218.8748741427203
2169.4579541248
1429.74475297792
1138.60623574016
1163.13286747648
1261.9211175424
1674.5149197568
1296.55061195264
1553.20285229056
2699.05251329024
2344.02847502336
2427.53020957184
1531.45184415744
1642.23433906688
1731.32389495808
1656.47294373376
4256.135205565441
9952.2386440704
12978.9936996352
18284.3639560192
18698.9813574656
20816.1544827392
21032.1162546688
19624.6588235264
17798.5258627072
18495.691727769597
19876.9178947584
20134.1155555328
20139.287272704
23867.977142835196
20902.6143842304
20838.4712760832
19845.341805056
19723.541082368
20663.5661349888
20698.8715973632
20147.899856128
19867.7140645376
19025.9691127296
16709.0875949568
17851.1985253376
19512.097391308802
20028.5184
21793.30306304
21662.620720230403
21821.404811008
21915.370605209602
20698.7465030656
19652.257540096
19605.988072704
16709.9978644992
16744.941843968
19752.0594136576
19719.0975661568
20707.807758182396
21215.9664139776
21176.4397660672
21254.357535539202
21342.3655384576
21161.6991076352
21411.0777993728
21644.0061324288
21859.825029222404
21913.473188864
18989.5410526208
19112.0695652352
20645.048259584
20741.4245892096
20533.950171443197
20703.7650411008
21508.458231295997
22718.486021529603
22796.3139240448
21399.6837426688
21349.2622222336
21279.2735135232
21204.410054656
21311.167228928003
21700.9537662464
21656.6474418688
20947.101538457602
21027.968
19960.863909324802
19415.1522191872
18907.694545459202
18366.5550222336
18339.2955949568
18472.286315776
18534.4
17931.5989532672
17707.6547368448
17443.9464203264
17865.482816921598
17206.3813592064
18062.2529729536
18610.661052620802
18672.310020812798
15796.435862067201
14603.6671776768
19357.2487356416
19226.3908942848
19653.039157913598
19614.6221656064
19686.9208932864
19849.8935338496
20659.787093350402
20942.984533350398
19978.571970099198
18560.5368798208
17895.2084210688
16933.4101333504
17977.8572104192
20386.0766162944
20303.7135911424
21226.955590553596
21303.060104704
20441.877056256002
19624.2143689216
19615.3128420864
22279.131924121597
22254.0565137408
21176.4397660672
21154.1011320832
21018.9963636224
20996.3733333504
21070.13707008
19472.8205642752
19317.984909568
18336.9218652672
18040.064
17671.4613065216
17496.6784
15678.2074518016
15226.4461017088
18209.3355180544
18382.2288372224
20170.1116944896
20581.814857164798
18765.8765128192
17998.2387848192
16633.7983098368
15870.7854396928
15414.6133333504
15507.8741531136
15488.3299791872
15721.123628851201
20207.0563363328
20247.6579310592
16713.515471718398
16433.3542715904
19963.646763264
20291.3774790144
20272.8340794368
20307.2556521984
20282.0410993664
22718.180835993597
22888.572121190402
23489.801481472
18655.3397894656
18985.8909090816
22133.750840780798
18329.349224499198
15616.9309090816
14255.9608163328
11061.2849917952
