919.224867756032
762.102767925248
937.28212787712
805.622773666816
564.89078071296
769.681393002496
1051.8528
1214.79119526912
1080.90314986496
929.590084506624
1133.49234235392
802.413200510976
1138.79280171008
1076.73144213504
711.898596268032
421.50871556608
482.068690966528
757.32787429888
1126.42824827904
1311.83618491392
1179.38680580096
1207.69145780224
1114.68423529472
1233.05523241984
1266.71797842944
1289.11895128064
1156.0003830784
999.926296544256
1095.2003368448
1201.58082861056
1046.01154782208
1168.73560865792
1028.34390095872
390.405506894848
921.194757446656
1129.83800803328
1297.25141056512
1220.28714667008
887.269451851776
862.656876711936
1115.2533897728
1148.2713043456
682.162424242176
555.920382833664
486.272525307904
424.184261000192
471.352206498816
696.388535433216
1043.54313192448
1268.06582467584
1126.25479468032
969.589302593536
915.683555555328
923.32645732864
1070.017440512
935.478184493056
613.3803353088
598.994670932992
718.564430769152
584.251244823552
492.35918048768
374.014795741184
306.019126659072
384.437587852288
237.155202271232
431.441862734848
298.63278869504
501.108448495616
1319.04090637312
1433.26011915264
1549.44870106112
1319.46199292928
1420.75925259264
1625.78465573888
2033.40372785152
1864.60172322816
1742.82811650048
1398.1513717248
2070.5192353792
1928.53417508864
1725.5513043456
1651.38623236096
1766.43752879104
1725.3390422528
1191.52413702144
1252.92824634368
1308.05362880512
1186.66971428864
1110.85229210624
979.273338892288
993.45753993216
1386.094239232
1912.43899360256
1979.43461593088
2056.7875918336
1601.94262469632
1645.51781722112
1934.29758344192
2054.58689115136
1230.00436363264
1507.6616505856
1285.33909274624
1313.31352108032
1414.74066142208
1409.86459701248
1538.5612457472
1413.25698996224
1468.63102956544
1570.53472961536
1610.2614541312
1468.60063834112
1652.99554419712
1791.21709367296
1565.31469789184
1714.5884280832
1622.28616170496
1671.78876024832
1533.44612840448
1484.09016963072
1963.27683775488
1473.25307664384
1496.69871074304
1874.98331886592
1516.45090909184
1615.0514208768
1844.7400104448
1840.0070158336
1974.2401245184
1926.3666086912
1369.47409836032
1251.6904778752
1291.35602013184
1352.3148044288
1213.97609847808
972.754160288768
1016.591544331264
705.874752362496
676.440566721536
1033.05066667008
655.366778651648
731.5788630784
941.25773183488
928.858824347648
913.42604405248
982.437949749248
936.582418879488
758.5669426432
632.111602809856
560.636485126144
714.598637508608
646.367669578752
1306.24442600448
1349.02830700544
1032.3848864256
1280.52954517504
1116.97259862016
982.678751695872
886.2983083008
782.28595488768
831.625307890688
1061.11035124736
916.199079646208
793.636959660032
677.974314176512
767.662297872384
794.71656497152
565.092560355328
879.486231831552
977.142428279808
807.789870657536
736.1451362048
608.662355059712
741.496160576512
786.110831364096
760.353403208704
612.97561245696
631.98811726336
638.853952144384
460.958190345216
650.361127891968
740.985904761856
863.793293966336
760.516455477248
717.260178138112
699.475405150208
918.838216786944
1105.1139222016
984.325160385536
941.667096774656
1110.99078633472
1024.70692385792
979.031600777216
1171.77762586624
984.587377777664
895.849008043008
4596.1243387801605
3810.51383962624
4686.4106393856
4028.11386833408
2824.4539035648
3848.4069650124798
5259.263999999999
6073.9559763456
5404.5157493248
4647.95042253312
5667.461711769601
4012.06600255488
5693.964008550401
5383.6572106752
3559.4929813401595
2107.5435778304
2410.34345483264
3786.6393714944
5632.1412413952
6559.1809245696
5896.9340290048
6038.4572890111995
5573.421176473601
6165.2761620992
6333.589892147201
6445.594756403199
5780.001915392
4999.63148272128
5476.001684224
6007.9041430528005
5230.0577391104
5843.6780432896
5141.7195047936
1952.02753447424
4605.97378723328
5649.1900401664
6486.2570528256
6101.4357333503995
4436.3472592588805
4313.28438355968
5576.2669488639995
5741.356521727999
3410.81212121088
2779.60191416832
2431.36262653952
2120.9213050009603
2356.7610324940797
3481.94267716608
5217.7156596223995
6340.329123379201
5631.2739734015995
4847.94651296768
4578.41777777664
4616.6322866432
5350.087202559999
4677.39092246528
3066.901676544
2994.97335466496
3592.8221538457597
2921.25622411776
2461.7959024384
1870.0739787059201
1530.0956332953601
1922.18793926144
1185.77601135616
2157.2093136742396
1493.1639434752
2505.54224247808
6595.2045318656
7166.3005957632
7747.2435053056
6597.309964646401
7103.7962629632
8128.9232786944
10167.0186392576
9323.0086161408
8714.140582502401
6990.7568586239995
10352.596176896
9642.6708754432
8627.756521728
8256.931161804801
8832.1876439552
8626.695211264
5957.6206851072
6264.6412317184
6540.2681440256
5933.348571443201
5554.261460531199
4896.366694461441
4967.2876996608
6930.4711961600005
9562.1949680128
9897.1730796544
10283.937959167999
8009.713123481601
8227.5890861056
9671.4879172096
10272.9344557568
6150.0218181632
7538.308252928
6426.695463731201
6566.5676054016
7073.7033071104
7049.3229850624
7692.806228736
7066.284949811199
7343.1551478272
7852.6736480767995
8051.307270656
7343.0031917056
8264.9777209856
8956.0854683648
7826.573489459201
8572.942140416
8111.4308085248
8358.9438012416
7667.2306420224
7420.4508481536
9816.3841887744
7366.265383219199
7483.4935537152
9374.9165943296
7582.2545454592
8075.257104384
9223.700052224
9200.035079168
9871.200622592001
9631.833043456001
6847.370491801601
6258.452389376
6456.7801006592
6761.574022144
6069.880492390401
4863.77080144384
5082.95772165632
3529.37376181248
3382.20283360768
5165.253333350401
3276.83389325824
3657.894315392
4706.2886591744
4644.29412173824
4567.1302202624
4912.18974874624
4682.91209439744
3792.834713216
3160.55801404928
2803.18242563072
3572.99318754304
3231.8383478937603
6531.222130022399
6745.1415350272
5161.924432127999
6402.6477258752
5584.8629931008
4913.39375847936
4431.491541504
3911.4297744384
4158.12653945344
5305.5517562368
4580.99539823104
3968.18479830016
3389.8715708825603
3838.31148936192
3973.5828248576
2825.46280177664
4397.43115915776
4885.71214139904
4038.94935328768
3680.725681024
3043.31177529856
3707.48080288256
3930.5541568204803
3801.76701604352
3064.8780622848
3159.9405863168
3194.26976072192
2304.79095172608
3251.8056394598398
3704.92952380928
4318.96646983168
3802.58227738624
3586.3008906905598
3497.3770257510396
4594.19108393472
5525.569611008
4921.62580192768
4708.33548387328
5554.9539316736
5123.5346192895995
4895.15800388608
5858.8881293312
4922.93688888832
4479.24504021504
