1102.250932736
1049.83999065088
1487.72927739904
1215.73675997184
1178.70910936064
1081.69060262912
1143.0849306112
1399.77076363264
1212.19696257024
1010.217795918848
1346.20680452096
1296.77922806784
1858.79521114112
1803.02358260736
1707.46857641984
1581.5762889216
1315.68055363584
1455.83416612864
2044.49077051392
2085.74341198848
2263.635315712
2005.12679405568
1783.4947764736
1916.1488123392
1948.10418957312
1982.85462670336
2034.36584269824
2024.68146275328
1928.9739420672
2357.48753216512
2487.22670676992
1905.4692515328
1839.129190656
1789.64648293376
1838.47785987072
1794.19428571136
1449.00028156928
1116.96763997184
1299.61709945856
1391.6895469568
1189.74350328832
858.433397663744
749.988047891456
701.024122605568
608.1526364416
997.325556649984
915.190339622912
895.608546835456
703.197660178432
901.377703569408
663.59834290688
549.302021224448
787.283235753984
544.908155324416
550.269407193088
496.244356649984
539.792977645568
1329.13018697728
1541.4748514816
1551.07606144
1496.89708474368
1322.80714535936
1470.6658318848
1435.0261376512
1455.99860566016
1383.28629828608
1292.2850532352
1323.02278700032
1269.11505828864
1384.6500637184
1567.42076553216
1795.2295384576
1680.48877490176
1695.26263247872
1733.065102848
1917.67825742848
1534.28458119168
1928.13654874112
2195.81540696064
2218.49817872384
2156.20672325632
2094.94038567936
1674.38991563776
1697.4467251712
1764.8598101504
1594.07815083008
2127.06018018304
2323.32652873728
1948.710818304
1889.8849839104
2058.5789193728
1220.27673125888
1590.30831205376
949.09037172224
1105.223764224
1070.55388996608
1053.74550636544
1218.5917131264
788.201763919872
457.676042283008
478.94052434432
754.16717241344
786.858987640832
555.400506954752
519.551339979776
595.993093308416
647.855638175744
972.150499324928
763.556790818816
459.109093961728
899.238335025152
1021.832005266432
1143.94624413696
1228.65694117888
1041.94219859968
1253.03943468032
1306.59218640896
1275.32759456768
1176.18764481536
1112.96128428032
1085.35124885504
1414.848
1214.17838702592
1232.3664379904
925.111421408256
773.437793103872
999.765559232512
1231.5041553408
1074.09532121088
1076.17288245248
574.574234258432
866.51047949824
993.163447154688
1223.72335182848
1277.02797345792
1141.74825829376
1289.09462831104
1325.94001291264
1297.4373049856
1225.07463573504
1131.83640029184
1150.71343589376
1386.05663668224
1046.45564816384
1039.92102127616
1046.99568013312
920.657820823552
1200.67461921792
976.088223107072
825.673310872576
1015.317399875584
1313.51143254016
1156.1262611968
1572.53562868736
1132.3691019264
1169.94798713856
1485.60869743616
1405.85248903168
1234.0285485568
1070.02088387584
1324.52913714176
1145.03774377984
1152.8234633728
1140.70134408192
1202.67093332992
1217.87733332992
1360.285978624
1175.2364173312
1263.07250615296
1181.6847912448
1054.79344787456
1038.87852489728
1098.11512195072
1174.74989406208
1178.98910779392
1407.34817874944
1154.88304761856
1211.52526027776
1025.1370797568
1240.61394171904
1423.85526797312
971.689496029184
1101.82720249856
1120.40008853504
1365.23250871296
1158.36717028352
1264.22718324736
1037.04063526912
1158.97488833536
1127.97242092544
1249.39951194112
1142.69724659712
1792.8611731456
1754.71017822208
1772.6879575552
695.326623514624
1144.12498343936
1138.1282981376
1457.82694956032
1562.95187006464
1332.30765070336
1376.19561670656
1380.93976681472
1741.78465861632
1403.03056155648
1345.03822222336
1532.41350244352
1533.28370526208
1598.495577088
1737.82357332992
1422.1789025792
1669.51341382656
1556.58393540608
1523.30452228096
1626.43943287808
1372.30505227264
1484.92880502784
1408.56730313728
1460.1016415232
1864.17226303488
1890.1497350656
2011.76177777664
2125.43575355392
1949.30270726144
1849.22187155456
1807.65656830976
1580.61825953792
1752.88632122368
1812.5612906496
1486.56321373184
1375.02279569408
1546.66770386944
1200.28243934208
1503.53191631872
1134.66580179968
2004.27471314944
2139.56374683648
2131.2530177536
2191.22510179328
2225.1343724544
1805.34982930432
1190.30890797056
430.502435047424
5511.254663680001
5249.1999532544005
7438.6463869952
6078.6837998592
5893.5455468032
5408.4530131455995
5715.424653055999
6998.853818163199
6060.9848128512
5051.08897959424
6731.0340226048
6483.8961403392
9293.9760557056
9015.1179130368
8537.3428820992
7907.8814446080005
6578.4027681791995
7279.170830643199
10222.4538525696
10428.7170599424
11318.17657856
10025.633970278399
8917.473882368
9580.744061696001
9740.5209478656
9914.273133516801
10171.829213491199
10123.4073137664
9644.869710336
11787.437660825599
12436.1335338496
9527.346257664
9195.64595328
8948.232414668799
9192.389299353601
8970.9714285568
7245.001407846401
5584.8381998592
6498.0854972928
6958.447734784
5948.7175164416
4292.1669883187205
3749.94023945728
3505.1206130278397
3040.7631822079998
4986.62778324992
4575.95169811456
4478.04273417728
3515.9883008921597
4506.88851784704
3317.9917145344
2746.5101061222404
3936.4161787699195
2724.54077662208
2751.34703596544
2481.22178324992
2698.96488822784
6645.650934886399
7707.374257408
7755.380307200001
7484.485423718399
6614.0357267968
7353.329159424
7175.130688256
7279.9930283008
6916.4314914304
6461.425266176
6615.1139350016
6345.5752914432005
6923.2503185919995
7837.1038276608
8976.147692288
8402.443874508801
8476.3131623936
8665.32551424
9588.3912871424
7671.4229059583995
9640.6827437056
10979.077034803198
11092.490893619199
10781.0336162816
10474.7019283968
8371.9495781888
8487.233625855999
8824.299050752
7970.3907541503995
10635.3009009152
11616.6326436864
9743.55409152
9449.424919552
10292.894596864
6101.383656294401
7951.541560268799
4745.4518586112
5526.11882112
5352.769449830401
5268.7275318271995
6092.958565632
3941.00881959936
2288.38021141504
2394.7026217216
3770.8358620671997
3934.2949382041597
2777.00253477376
2597.75669989888
2979.96546654208
3239.27819087872
4860.75249662464
3817.78395409408
2295.54546980864
4496.1916751257595
5109.16002633216
5719.7312206848
6143.284705894401
5209.7109929984
6265.197173401601
6532.9609320448
6376.6379728384
5880.9382240768
5564.806421401599
5426.7562442752005
7074.24
6070.891935129601
6161.832189952001
4625.55710704128
3867.18896551936
4998.82779616256
6157.520776704
5370.4766060544
5380.8644122624
2872.8711712921604
4332.5523974912
4965.81723577344
6118.6167591424
6385.1398672896
5708.7412914688
6445.4731415552
6629.7000645632
6487.186524928
6125.3731786752
5659.1820014591995
5753.5671794688005
6930.2831834112
5232.2782408192
5199.6051063808
5234.9784006656
4603.28910411776
6003.3730960896
4880.44111553536
4128.36655436288
5076.58699937792
6567.5571627008
5780.6313059839995
7862.6781434368
5661.845509631999
5849.7399356928
7428.043487180799
7029.262445158401
6170.142742784
5350.1044193791995
6622.6456857088
5725.1887188992
5764.117316864
5703.5067204096
6013.3546666496
6089.3866666496
6801.429893120001
5876.182086656
6315.3625307648
5908.423956224
5273.9672393728
5194.3926244864
5490.5756097536005
5873.7494703104
5894.9455389696
7036.7408937472
5774.415238092801
6057.6263013888
5125.6853987839995
6203.0697085952
7119.2763398656
4858.44748014592
5509.1360124928
5602.000442675199
6826.1625435648
5791.8358514176
6321.1359162368
5185.2031763456
5794.8744416768
5639.8621046272
6246.9975597056
5713.4862329856005
8964.305865728
8773.5508911104
8863.439787776
3476.6331175731198
5720.6249171968
5690.641490688
7289.1347478016
7814.7593503232
6661.5382535168
6880.9780835328
6904.698834073601
8708.9232930816
7015.1528077824005
6725.1911111168
7662.0675122176
7666.4185263104
7992.477885439999
8689.1178666496
7110.894512896
8347.5670691328
7782.9196770304
7616.5226114048
8132.1971643904
6861.5252613632
7424.6440251392005
7042.8365156864
7300.508207616
9320.8613151744
9450.748675327999
10058.808888883199
10627.178767769601
9746.5135363072
9246.1093577728
9038.2828415488
7903.0912976896
8764.4316061184
9062.806453248
7432.8160686592
6875.1139784704
7733.3385193471995
6001.412196710399
7517.6595815936
5673.329008998399
10021.3735657472
10697.8187341824
10656.265088768
10956.1255089664
11125.671862272
9026.7491465216
5951.544539852801
2152.51217523712
