2823.22115687424
2878.64779487232
2863.104
2822.39224242176
2585.92036851712
2268.43748680704
2398.76495075328
2420.03589783552
1875.6097210368
771.188658228224
2406.0311055872
2673.5724936192
2757.79943545856
2702.85658100736
2655.41802377216
2634.8667219968
2848.17737827328
2883.67152137216
2939.977728
2914.4036324352
2875.53673498624
2667.83819208704
2526.6176
2855.8693026816
2957.19412950016
2793.50344721408
2722.6851127808
2717.98147878912
2659.2723833856
2600.84108387328
2419.02122120192
2393.76869363712
2407.74884379648
3124.96769978368
2853.123795712
2539.076389888
1906.99492098048
1641.64190134272
1484.89309090816
1632.1542635008
1737.22162637824
1947.29880184832
2043.58445389824
2106.0983712256
2422.25019420672
2548.92017266688
2557.10513344512
2443.97496373248
2246.6869781504
2187.92561526784
2216.49562790912
2442.45000363008
2600.06825092096
2768.176
2694.53784614912
2736.73833112576
2874.61180952576
2793.81842786304
2763.70934910976
2694.77680899072
2636.32620895232
2309.85590213632
2338.15535483904
2461.46844444672
2484.39910780928
14116.1057843712
14393.2389743616
14315.519999999999
14111.9612121088
12929.6018425856
11342.1874340352
11993.824753766401
12100.179489177599
9378.048605184
3855.94329114112
12030.155527936
13367.862468096
13788.9971772928
13514.2829050368
13277.090118860799
13174.333609984002
14240.8868913664
14418.3576068608
14699.88864
14572.018162176
14377.683674931199
13339.1909604352
12633.088
14279.346513408
14785.9706475008
13967.5172360704
13613.425563904
13589.9073939456
13296.361916928
13004.205419366399
12095.1061060096
11968.843468185602
12038.7442189824
15624.8384989184
14265.61897856
12695.38194944
9534.9746049024
8208.2095067136
7424.4654545408
8160.771317504
8686.1081318912
9736.4940092416
10217.9222694912
10530.491856128001
12111.250971033602
12744.600863334399
12785.5256672256
12219.8748186624
11233.434890752
10939.628076339199
11082.4781395456
12212.2500181504
13000.3412546048
13840.88
13472.6892307456
13683.6916556288
14373.059047628798
13969.0921393152
13818.5467455488
13473.8840449536
13181.6310447616
11549.2795106816
11690.7767741952
12307.3422222336
12421.9955390464
