1095.6623174656
681.440145675264
955.197164205056
1011.158620023808
1500.29455679488
1059.87499383808
912.977369193472
938.155576542208
855.399366037504
969.413405140992
981.30717669376
444.96426062336
346.289490382848
900.952193668096
868.429325930496
1115.99803163648
818.582734123008
901.508531730432
1157.47154646016
1038.85293256704
873.151175965696
944.41472
965.586343949312
909.002302439424
623.039005683712
573.675717777408
750.501803108352
604.40288948736
385.526751273984
850.037676331008
1087.26754971648
1089.79469473792
1073.37547164672
1417.02739539968
1381.05753110528
1091.2710007808
890.416203561984
868.531776987136
939.46177254912
1268.99651385344
881.936781032448
901.469525332992
804.875441340416
833.563990888448
866.988331707392
828.771705263104
916.27084769792
697.418188270592
613.201262385152
520.971099300864
792.18129454592
613.116151252992
623.280403361792
268.887518876672
656.685592501248
936.007900340224
816.227803943936
874.0194614784
959.06956878848
1064.16033721344
1041.3197111296
1041.8246620672
1068.16781473792
1045.57951622144
1042.59494540288
979.960905312256
1216.16535138304
1085.3227403776
1251.12014328832
1310.56859144192
1048.71223059456
1262.93487260672
1273.83482109952
1270.42900240384
1379.80967247872
1479.92744221696
990.992958990336
1381.27713103872
1168.62639613952
1174.20511711232
1289.3459492352
1370.20425225216
1496.18433702912
1382.86816932864
1084.8383742464
1304.12964102144
1043.5521767936
1331.25845005312
1101.82097265664
1353.25097613312
1317.1179149312
1312.01855072256
1238.85896132608
1034.62057924608
1302.52138287104
1352.9699468288
923.005907874816
803.87743655936
1023.579441793024
1049.60372363264
875.325650280448
1008.454086455296
843.030843983872
807.51489438208
859.22390449152
824.981959556096
971.969729729536
1047.80148363264
1114.80454532096
1228.92036646912
1280.21645528064
1107.10614550528
1253.376
968.680255072256
1113.5854588928
1271.85070225408
1035.22304
1248.2169991168
1238.90394405888
1254.57275778048
1073.37009869824
1037.82546704384
998.324451555328
1015.362782608384
1070.69257143296
1037.49695154176
999.104338624512
1054.84347609088
897.345458228224
842.753291298816
948.207982123008
911.352726535168
843.769712969728
1019.149539209216
842.566924327936
1071.88490877952
1185.42140952576
1165.37206433792
1092.81392837632
881.481081802752
916.312260201472
930.799312592896
920.322499713024
1092.1248939008
1103.76938320896
1022.548921095168
1119.15137601536
1267.19086572544
1066.7553439744
847.743194968064
1216.407916288
1221.75254851584
1185.50972434432
1261.22146869248
1177.793650432
1267.78335888384
1118.50847876096
1067.7784380928
1065.75192829952
1240.40113230848
971.515864904704
1208.52719066112
1277.95900171264
1414.1961718272
1204.34363282432
1264.97151079424
1054.81105651712
1131.64186707968
977.142428279808
992.36693893632
1108.4113444352
1210.78464183296
1034.26205312
826.503878035456
943.504222959616
1377.25910204416
926.664367761408
1002.168203966464
954.841965714432
1024.03941168128
918.090904274944
797.268928910336
1030.89758010368
982.875251040256
760.629540571136
567.258048044032
705.701096931328
676.575306023936
438.149043151872
431.261202067456
581.989640856576
509.836571042816
1027.084437248
1307.93895202816
1333.9388423168
1106.44868839424
1056.63307293696
5478.311587327999
3407.20072837632
4775.98582102528
5055.79310011904
7501.4727839744
5299.3749691903995
4564.8868459673595
4690.77788271104
4276.99683018752
4847.0670257049605
4906.5358834687995
2224.8213031168
1731.44745191424
4504.76096834048
4342.14662965248
5579.9901581824
4092.91367061504
4507.54265865216
5787.357732300799
5194.2646628351995
4365.75587982848
4722.0736
4827.93171974656
4545.01151219712
3115.1950284185605
2868.3785888870398
3752.5090155417597
3022.0144474368
1927.63375636992
4250.18838165504
5436.3377485824
5448.973473689601
5366.8773582336
7085.1369769984
6905.2876555264
5456.355003904
4452.08101780992
4342.65888493568
4697.3088627456
6344.9825692672
4409.68390516224
4507.34762666496
4024.37720670208
4167.81995444224
4334.94165853696
4143.85852631552
4581.3542384896
3487.0909413529603
3066.0063119257597
2604.85549650432
3960.9064727296
3065.58075626496
3116.40201680896
1344.43759438336
3283.42796250624
4680.03950170112
4081.13901971968
4370.0973073919995
4795.3478439424
5320.8016860672
5206.598555647999
5209.123310336
5340.8390736896
5227.8975811072
5212.9747270144
4899.80452656128
6080.826756915199
5426.613701888
6255.6007164416
6552.8429572096
5243.561152972799
6314.6743630336005
6369.1741054976
6352.1450120192
6899.0483623936
7399.6372110848
4954.96479495168
6906.3856551936
5843.1319806976
5871.025585561601
6446.729746175999
6851.021261260799
7480.921685145599
6914.3408466432
5424.191871232
6520.6482051072
5217.760883968
6656.2922502656
5509.1048632832
6766.2548806656005
6585.589574656
6560.092753612799
6194.2948066304
5173.102896230401
6512.6069143552
6764.849734144
4615.02953937408
4019.3871827968
5117.89720896512
5248.0186181632
4376.6282514022405
5042.27043227648
4215.15421991936
4037.5744719104
4296.1195224576
4124.9097977804795
4859.8486486476795
5239.0074181632
5574.0227266048
6144.601832345599
6401.0822764032
5535.5307275264
6266.88
4843.401275361281
5567.927294464
6359.2535112704
5176.1152
6241.084995584
6194.5197202944
6272.8637889024
5366.850493491201
5189.1273352192
4991.62225777664
5076.81391304192
5353.4628571648
5187.484757708799
4995.5216931225605
5274.2173804544
4486.72729114112
4213.76645649408
4741.03991061504
4556.76363267584
4218.848564848639
5095.74769604608
4212.83462163968
5359.4245438975995
5927.1070476288005
5826.8603216896
5464.069641881601
4407.40540901376
4581.56130100736
4653.996562964479
4601.6124985651195
5460.624469504
5518.8469160448
5112.74460547584
5595.7568800768
6335.9543286272
5333.776719871999
4238.71597484032
6082.03958144
6108.762742579201
5927.548621721599
6306.1073434623995
5888.968252160001
6338.9167944192
5592.542393804801
5338.892190463999
5328.7596414976
6202.0056615424
4857.57932452352
6042.635953305599
6389.7950085632
7070.980859136
6021.718164121599
6324.8575539712
5274.0552825856
5658.2093353984
4885.71214139904
4961.8346946816
5542.056722175999
6053.9232091648
5171.3102656
4132.51939017728
4717.52111479808
6886.2955102208
4633.32183880704
5010.84101983232
4774.20982857216
5120.1970584064
4590.454521374721
3986.3446445516797
5154.487900518399
4914.3762552012795
3803.14770285568
2836.29024022016
3528.50548465664
3382.87653011968
2190.74521575936
2156.30601033728
2909.94820428288
2549.18285521408
5135.422186240001
6539.6947601408
6669.694211584
5532.2434419712
5283.1653646848
