1594.4287010304
1816.25502931968
1262.26399081472
1575.65882706944
1113.4417454592
1324.84374230016
1386.41489108992
1289.8411225088
1177.12598219776
1510.03003241472
1951.49122417664
2080.42892715008
1401.82106037248
1405.06678025216
1612.41362473984
1400.22685776896
1237.53191212032
1425.087932416
1518.58353719296
1422.59807916032
1563.45224976384
1625.4986574848
1645.55827408896
1711.5542778368
1419.86177547264
1692.34336744448
1371.65575757824
1259.7386067456
1208.05842670592
1059.47534297088
1273.53667757056
1214.43397067776
544.30725591552
1149.96780504064
1159.97732350976
1285.78457038848
1244.20824177664
1102.6691084288
864.847480144896
615.882171149312
483.816887528448
451.457094017024
585.18563769344
792.066216450048
866.988331707392
964.081371428864
1043.12017204224
1044.32583320576
923.189745856512
657.246292016128
702.417776140288
1076.6319616
1142.9334890496
1045.21099705344
911.089456536576
850.303473251328
818.071345002496
949.378704987136
979.175849056256
842.635523935232
842.61827549184
805.2482729216
899.60941843968
768.875175704576
657.132114061312
731.27629814784
1188.01337566208
1193.7371726336
985.597291004928
1135.97345025024
646.353557909504
750.819860589568
653.127397666816
992.348858036224
1256.16296906752
759.550996078592
709.931679095808
565.178649735168
600.262193548288
926.016113676288
1282.83410101248
879.148393063424
1224.64452994048
1295.14437356544
1393.1903669248
1282.54829944832
1133.7511644672
1231.24512487424
1201.26009347072
1270.63364451328
1007.905329639424
1421.46072620032
1131.06417149952
1483.6938609664
1214.24809638912
1051.83196184576
1112.23451387904
842.37297577472
920.422866060288
962.136746667008
1003.315492154368
1275.96560801792
1156.67028119552
1022.316153627648
989.767418467328
920.449304221696
1172.97387925504
1129.98199216128
859.505794480128
791.241437952
583.449821325312
485.202505783296
1171.40852979712
916.229439341568
918.605020961792
1079.99220397056
976.625509434368
865.624687961088
611.171242776576
1124.24129729536
927.603789000704
738.056215996416
969.037970664448
1170.59368421376
961.7449062656
650.884775678976
498.398469151744
622.551793864704
650.36964403712
628.695540922368
1115.90551479296
1058.5010159104
827.885493976064
872.268986472448
853.779792142336
727.085651037184
330.937439291392
603.526835864576
697.786202287104
642.605072616448
933.424115662848
887.414598870016
1033.06348936192
1138.37959529472
1112.40484779008
1113.0637686272
1158.360030464
1190.08665961472
1499.98863673344
1203.49257143296
1105.67513043968
1002.56339702784
909.12777211392
832.828925139968
666.747743714304
653.531789851648
857.58939017216
1230.36198628352
1328.57502952448
1574.728
1226.32493790208
1311.89646462976
981.110257217536
1323.00034392064
1354.06266145792
1198.16722317312
1128.81796128768
1293.59061484544
1028.16631759872
1220.81974798336
1224.29558955008
1366.41500403712
1194.63270315008
1062.21942524928
1065.06431760384
1131.9485750784
1227.97691139072
1143.94624413696
1055.073995264
1030.41310096384
1010.569245857792
945.077213483008
1013.839562590208
1149.47778751488
1120.4559730688
1131.40996030464
919.292101522432
954.21835853824
924.884910891008
947.029164857344
715.841361701888
734.035840621568
932.683294117888
913.53468041216
920.528044077056
839.412605341696
1092.62544038912
995.86226086912
1048.46841275392
1356.76184491008
1730.90289478656
1547.26965745664
1742.28892786688
1902.59691126784
1881.26069358592
1691.576454144
1764.85824718848
7972.143505151999
9081.2751465984
6311.3199540736005
7878.2941353472
5567.208727296001
6624.2187115008
6932.0744554496005
6449.205612544
5885.6299109888005
7550.1501620736
9757.4561208832
10402.144635750401
7009.1053018624
7025.3339012608
8062.0681236992
7001.1342888448
6187.6595606016
7125.43966208
7592.9176859648
7112.990395801599
7817.2612488192
8127.493287424
8227.7913704448
8557.771389184001
7099.3088773632
8461.7168372224
6858.2787878911995
6298.693033728
6040.2921335296005
5297.3767148544
6367.6833878528
6072.1698533888
2721.5362795776
5749.8390252032
5799.8866175488
6428.9228519424
6221.0412088832
5513.345542143999
4324.23740072448
3079.4108557465597
2419.08443764224
2257.2854700851203
2925.9281884672
3960.3310822502403
4334.94165853696
4820.40685714432
5215.6008602112
5221.629166028801
4615.94872928256
3286.23146008064
3512.08888070144
5383.159808
5714.667445248
5226.0549852672
4555.44728268288
4251.51736625664
4090.3567250124797
4746.89352493568
4895.8792452812795
4213.17761967616
4213.0913774592
4026.241364608
4498.0470921984
3844.37587852288
3285.6605703065597
3656.3814907391998
5940.0668783104
5968.685863168001
4927.98645502464
5679.867251251199
3231.7677895475204
3754.0993029478395
3265.6369883340803
4961.74429018112
6280.8148453376
3797.75498039296
3549.6583954790403
2825.8932486758404
3001.31096774144
4630.08056838144
6414.1705050624005
4395.74196531712
6123.2226497024
6475.7218678272
6965.951834624
6412.7414972416
5668.755822335999
6156.2256243712
6006.3004673536
6353.1682225664
5039.52664819712
7107.3036310016005
5655.3208574976
7418.4693048320005
6071.240481945601
5259.1598092287995
5561.172569395199
4211.8648788736
4602.11433030144
4810.6837333350395
5016.57746077184
6379.8280400896
5783.3514059776
5111.580768138239
4948.83709233664
4602.24652110848
5864.8693962751995
5649.9099608064
4297.52897240064
3956.20718976
2917.2491066265598
2426.01252891648
5857.0426489856
4581.14719670784
4593.025104808959
5399.9610198528
4883.12754717184
4328.123439805439
3055.85621388288
5621.2064864768
4638.01894500352
3690.28107998208
4845.18985332224
5852.9684210688
4808.724531328
3254.42387839488
2491.99234575872
3112.75896932352
3251.8482201856
3143.4777046118397
5579.5275739648005
5292.505079552
4139.42746988032
4361.34493236224
4268.89896071168
3635.42825518592
1654.68719645696
3017.6341793228803
3488.93101143552
3213.02536308224
4667.1205783142395
4437.07299435008
5165.3174468095995
5691.8979764736005
5562.0242389504
5565.318843136
5791.80015232
5950.4332980736
7499.9431836672
6017.4628571648
5528.3756521984005
5012.8169851391995
4545.638860569599
4164.14462569984
3333.7387185715197
3267.6589492582398
4287.9469508608
6151.809931417601
6642.8751476224
7873.64
6131.6246895104
6559.4823231488
4905.55128608768
6615.0017196032
6770.3133072896
5990.8361158656
5644.0898064384
6467.9530742272
5140.8315879936
6104.0987399168
6121.4779477504
6832.075020185601
5973.163515750401
5311.0971262464
5325.3215880192
5659.742875391999
6139.884556953601
5719.7312206848
5275.369976319999
5152.0655048192
5052.84622928896
4725.38606741504
5069.19781295104
5747.3889375744
5602.2798653439995
5657.0498015232
4596.46050761216
4771.0917926912
4624.4245544550395
4735.14582428672
3579.2068085094397
3670.1792031078403
4663.41647058944
4567.6734020608
4602.64022038528
4197.06302670848
5463.1272019456
4979.3113043456
5242.3420637696
6783.8092245504
8654.514473932799
7736.3482872832
8711.4446393344
9512.9845563392
9406.3034679296
8457.88227072
8824.291235942399
