546.923050944512
833.925823584256
850.953510836224
1043.2489060352
1001.6836520448
776.951484188672
905.596792239104
767.475558878208
660.877061224448
681.592729776128
730.199826578432
915.87395918336
991.510811881472
1026.47382177792
830.611373340672
1065.44107382784
853.494231200768
1176.59831909376
803.272603278336
798.762477036544
977.509784984576
808.574246575104
790.082376547328
842.715531938816
800.876734534656
911.914345864192
777.910032223232
880.209899901952
902.768173536256
564.806119789568
507.363730061312
339.351530182656
649.809661886464
512.90230724608
502.712959071232
754.6396566528
601.26042611712
892.348918951936
1091.40205922304
1051.75702714368
1027.37395938304
1053.11860435968
906.687879169024
1052.2921409024
1016.340860614656
746.680514225152
612.776476904448
900.739340547072
1073.71787309056
1186.28769426432
976.279764404224
1049.75815288832
834.361747779584
564.21421656064
728.971355969536
1067.13360361472
1292.42136664064
972.393946319872
1319.39796610048
1049.03285292032
845.643834829824
914.988346457088
790.311077881856
538.680024315904
653.917181996032
1082.45681632256
1094.62292748288
1153.65365791744
903.28717241344
851.083077700608
999.934917548032
901.225448109056
870.528814134272
891.441474157568
793.99574135296
522.767892037632
556.254569278464
690.638565517312
565.861202338816
1082.38146436096
842.178885941248
1119.15137601536
1204.96274285568
1002.720916780032
1101.46000408576
936.991244675072
865.641356553216
939.408557707264
834.694163493888
851.03516356096
1011.40743293952
1019.33038705152
1038.11792592896
917.698187430912
966.739491606528
1003.187724033024
929.219111443456
873.881959088128
987.86487648256
846.454615835648
944.69329751552
750.527759785984
697.306940952576
800.766859053056
1044.48849205248
815.933770322944
854.527482305536
803.977142856704
777.75683740672
555.4144
346.249600781312
1060.94519206912
902.46269387776
627.301150633984
884.784646080512
868.42197722112
855.556231404544
677.192211436544
855.344666264576
436.283741723648
758.948554637312
1278.73287908352
1271.9309263872
1269.20347826176
1264.78647857152
1158.25479344128
1032.56716336128
1132.544
1347.72416730112
1361.1066395136
1178.6752
1160.38515762176
493.682952851456
1213.97609847808
753.503642057728
532.923060281344
442.077044987904
477.626317176832
372.043569519616
479.28033403904
1062.01784236032
1270.55517896704
1160.23278203904
1075.93327205376
1098.3435505664
1124.89438441472
1102.92002900992
822.399921998848
862.6695211264
623.67226373632
897.713067843584
801.71028862464
606.995219219456
551.726045891584
344.985299203072
381.298217448448
348.105859168256
315.599538353152
368.215994691584
505.334212472832
875.135322750976
785.313496839168
2734.61525472256
4169.62911792128
4254.76755418112
5216.244530176
5008.418260224
3884.75742094336
4527.98396119552
3837.37779439104
3304.38530612224
3407.96364888064
3650.9991328921597
4579.369795916799
4957.55405940736
5132.369108889599
4153.05686670336
5327.2053691392
4267.47115600384
5882.9915954688
4016.3630163916796
3993.8123851827204
4887.548924922879
4042.87123287552
3950.4118827366397
4213.57765969408
4004.3836726732798
4559.57172932096
3889.55016111616
4401.04949950976
4513.84086768128
2824.03059894784
2536.81865030656
1696.75765091328
3249.04830943232
2564.5115362304
2513.5647953561597
3773.198283264
3006.3021305856
4461.74459475968
5457.0102961152
5258.7851357184
5136.8697969152
5265.5930217984
4533.43939584512
5261.460704512
5081.70430307328
3733.40257112576
3063.88238452224
4503.696702735359
5368.5893654528
5931.4384713215995
4881.39882202112
5248.7907644416
4171.80873889792
2821.0710828032
3644.85677984768
5335.6680180736
6462.106833203199
4861.96973159936
6596.9898305024
5245.1642646016
4228.21917414912
4574.941732285441
3951.55538940928
2693.40012157952
3269.58590998016
5412.284081612799
5473.1146374144
5768.268289587199
4516.4358620672
4255.41538850304
4999.67458774016
4506.12724054528
4352.64407067136
4457.20737078784
3969.9787067648
2613.83946018816
2781.2728463923204
3453.1928275865603
2829.30601169408
5411.907321804801
4210.89442970624
5595.7568800768
6024.8137142784
5013.60458390016
5507.3000204288
4684.95622337536
4328.20678276608
4697.04278853632
4173.470817469441
4255.1758178048
5057.0371646976
5096.6519352576
5190.5896296448
4588.49093715456
4833.69745803264
5015.93862016512
4646.09555721728
4369.409795440641
4939.3243824128
4232.273079178241
4723.4664875776
3752.63879892992
3486.53470476288
4003.83429526528
5222.4424602624
4079.66885161472
4272.637411527679
4019.8857142835195
3888.7841870336
2777.072
1731.24800390656
5304.7259603456
4512.3134693888
3136.50575316992
4423.92323040256
4342.1098861056
4277.7811570227195
3385.9610571827197
4276.72333132288
2181.41870861824
3794.74277318656
6393.6643954176
6359.654631936
6346.0173913088
6323.9323928576005
5791.2739672064
5162.8358168064005
5662.72
6738.620836505599
6805.533197568
5893.375999999999
5801.925788108801
2468.41476425728
6069.880492390401
3767.51821028864
2664.61530140672
2210.38522493952
2388.13158588416
1860.2178475980802
2396.4016701952
5310.0892118016
6352.7758948352
5801.1639101952005
5379.6663602688
5491.717752832
5624.4719220736
5514.6001450496
4111.99960999424
4313.347605632
3118.3613186816
4488.56533921792
4008.5514431232004
3034.97609609728
2758.63022945792
1724.9264960153598
1906.49108724224
1740.5292958412801
1577.99769176576
1841.07997345792
2526.67106236416
4375.67661375488
3926.56748419584
