229.61475444224
265.884385973248
370.333773360128
425.81052844544
518.180461243392
684.733026894848
634.947562886144
344.574554614784
517.82330957824
308.29367926784
274.122834205696
246.694606928896
262.893313529856
328.166432228352
253.494163673088
257.565913632768
265.295512482816
461.970101822464
972.343862939648
927.381078063104
1017.688275862528
1251.57528173568
1221.93752131584
1264.7691815424
1306.47692639232
1358.7884427776
1371.45854434304
1475.80187234304
1365.38651312128
1358.52629157888
1320.26137300992
1252.27138358272
1152.7771726336
1156.8778516992
1206.3879245312
1305.72226866176
1395.94335176704
1469.71013496832
1692.46903471104
1963.81575155712
1649.0296195072
2163.2538138112
2319.71215213568
1706.91580312576
1628.9650758656
1642.5003343872
1664.77824
1529.495139584
1871.83083416576
1707.66964389888
1596.42936180736
1731.24937591808
1758.44430769152
1907.02248710144
2081.85132493824
1607.99595116544
1977.31515493376
2213.58710900736
2017.54057623552
1901.8450174976
2543.17468013568
2588.672
2301.63283117056
1903.99817663488
2001.25624261632
2146.08867861504
2364.36975483904
2177.27401558016
1981.27134117888
1611.47944122368
1924.78218556416
1915.70493313024
1983.45728
1948.36593357824
2004.5071565312
2129.7950372864
2318.78650072064
2435.2919194624
1602.5012459008
1403.32128177152
1416.13288640512
1569.2538046464
1644.28284563456
1409.5808418304
1293.76295071744
1606.14748299264
1541.01200507904
1338.2080574464
1479.92793519104
1023.498801687552
779.584757804032
2960.17784818688
3065.75416574976
2245.85163231232
1906.6348818432
2091.52517172224
2028.78159023104
1999.44967231488
2032.68326760448
2026.87077810176
1993.92346438656
2172.61806528512
2225.04104025088
2399.00769523712
1629.76461855744
1695.34138415104
2338.84259740672
1951.65115732992
2031.22980571136
2278.45597427712
1892.88148292608
1811.85851984896
1811.353322496
2450.62063158272
2324.61736585216
1953.25101886464
2276.63488206848
2469.17441115136
1806.10813569024
1919.8489570304
2165.62683408384
1900.36380371968
1914.2085245952
1852.0087721984
1922.54537143296
2003.50896551936
2235.15291629568
2187.97195061248
2205.62165016576
1664.01204706304
1669.40169517056
1696.65422222336
1757.3385660416
2197.82138988544
1907.13393548288
1630.60150218752
1653.42049933312
1921.024
1881.26069358592
1566.71792922624
1716.63807649792
1569.3256336896
1689.67867753472
1735.89480133632
1589.49406758912
1459.6225719808
1316.64221658112
1398.65733967872
881.708376124416
592.053034558464
2136.68488687616
2127.67797895168
1337.00787085312
1207.19525403648
1251.43189682176
1273.93885664256
1210.43709581312
962.256943352832
1105.9818052096
994.890682706944
648.078222222336
642.549218736128
939.356581286912
817.294074563584
625.733238433792
1072.59331187712
1175.2364173312
1267.52778835968
971.945239871488
562.087708444672
418.069591886848
982.090688480256
438.902059370496
406.710773455872
423.297376344064
389.990657286144
514.007084635136
730.480192350208
422.5687305728
372.665931574272
630.937624003584
732.832549141504
847.671119617024
1569.69539622912
1764.13015154688
1678.79994437632
1456.699102464
886.2749146112
647.109979088896
452.907323076608
850.110163195904
637.411698492416
421.966019047424
578.617627705344
289.393399488512
1148.0737722112
1329.4219298662401
1851.66886680064
2129.0526422272
2590.90230621696
3423.66513447424
3174.7378144307204
1722.8727730739201
2589.1165478912
1541.4683963392
1370.61417102848
1233.47303464448
1314.46656764928
1640.83216114176
1267.47081836544
1287.8295681638401
1326.4775624140798
2309.85050911232
4861.71931469824
4636.90539031552
5088.4413793126405
6257.8764086783995
6109.6876065792
6323.845907712001
6532.3846319616
6793.942213888
6857.292721715201
7379.0093617152
6826.932565606399
6792.6314578944
6601.3068650496
6261.3569179136
5763.885863168
5784.3892584959995
6031.939622656
6528.611343308799
6979.7167588352
7348.5506748416
8462.3451735552
9819.078757785599
8245.148097536001
10816.269069056
11598.5607606784
8534.5790156288
8144.825379328
8212.501671936
8323.8912
7647.47569792
9359.1541708288
8538.348219494399
7982.1468090368
8656.2468795904
8792.2215384576
9535.1124355072
10409.2566246912
8039.979755827199
9886.5757746688
11067.9355450368
10087.7028811776
9509.225087488001
12715.8734006784
12943.36
11508.1641558528
9519.9908831744
10006.2812130816
10730.4433930752
11821.848774195201
10886.3700779008
9906.356705894399
8057.3972061183995
9623.9109278208
9578.5246656512
9917.2864
9741.8296678912
10022.535782656
10648.975186432
11593.9325036032
12176.459597312001
8012.506229504001
7016.6064088576
7080.6644320256
7846.269023232
8221.4142281728
7047.9042091520005
6468.814753587199
8030.7374149632005
7705.0600253952
6691.040287232
7399.6396759552
5117.49400843776
3897.9237890201603
14800.8892409344
15328.7708287488
11229.2581615616
9533.174409216
10457.6258586112
10143.907951155199
9997.2483615744
10163.4163380224
10134.353890508799
9969.6173219328
10863.0903264256
11125.2052012544
11995.0384761856
8148.823092787199
8476.706920755201
11694.2129870336
9758.255786649599
10156.1490285568
11392.2798713856
9464.407414630401
9059.2925992448
9056.76661248
12253.1031579136
11623.086829260801
9766.2550943232
11383.174410342399
12345.8720557568
9030.5406784512
9599.244785152001
10828.1341704192
9501.8190185984
9571.042622976
9260.043860992
9612.7268571648
10017.5448275968
11175.7645814784
10939.859753062401
11028.1082508288
8320.060235315199
8347.008475852801
8483.2711111168
8786.692830208
10989.106949427201
9535.6696774144
8153.0075109376
8267.1024966656
9605.119999999999
9406.3034679296
7833.5896461311995
8583.1903824896
7846.628168448
8448.393387673601
8679.4740066816
7947.4703379456005
7298.112859904
6583.2110829056
6993.2866983936
4408.54188062208
2960.26517279232
10683.424434380799
10638.3898947584
6685.0393542656
6035.9762701824
6257.159484108799
6369.694283212801
6052.185479065601
4811.284716764159
5529.909026048
4974.453413534719
3240.39111111168
3212.7460936806397
4696.782906434561
4086.47037281792
3128.66619216896
5362.9665593856
5876.182086656
6337.6389417984
4859.726199357439
2810.43854222336
2090.34795943424
4910.45344240128
2194.5102968524798
2033.55386727936
2116.48688172032
1949.9532864307203
2570.03542317568
3652.40096175104
2112.843652864
1863.32965787136
3154.68812001792
3664.16274570752
4238.35559808512
7848.4769811456
8820.6507577344
8393.999721881599
7283.49551232
4431.3745730559995
3235.54989544448
2264.53661538304
4250.55081597952
3187.05849246208
2109.83009523712
2893.0881385267203
1446.96699744256
