1952.3103305728
1515.84491476992
1367.45265671168
1428.02469506048
1157.4437388288
1168.54654971904
1718.13379140608
2293.85153072128
4482.38933332992
4474.63701694464
702.39530009088
766.67423550976
546.108204498944
1267.62793362432
492.611406614528
760.938142600192
1074.10079095808
1440.29698185216
1268.32516306944
977.633131459584
680.4154648832
582.612412091392
824.457136642048
503.126485318656
591.864627789824
1406.19835362304
2908.57124498432
2622.61370760192
2430.22556495872
1622.2550020096
2441.33691512832
2063.73081728
1331.44437399552
764.781398163456
880.00312195072
829.391698113536
2034.49748837376
2235.64057404416
760.919275807744
900.700147794944
1584.83376441344
1272.78265060352
655.770159307776
539.130153959424
486.106278290432
1251.94312367104
1111.06858696704
2246.12937143296
1237.7581037056
413.537980571648
748.624934708224
681.757827761152
879.6735280896
692.382077186048
597.442412925952
498.489129071616
1157.19197444096
1160.24277686272
928.562385685504
606.601671830528
1485.87891482624
1407.87116495872
1287.7657665024
1352.86815266816
1318.15258382336
1068.823858944
1539.22555613184
1477.73109677056
1481.00794346496
1448.67151827968
746.008227129344
1126.98514285568
1131.12788980736
925.767691949056
1154.53462390784
1360.38984372224
1203.61980077056
731.969608040448
1212.55971930112
1442.84245018624
1115.99803163648
926.829201705984
899.705514667008
820.306285714432
934.42750779904
1058.91593493504
1049.34968889344
1722.69381818368
1022.471725651968
1111.69704935424
1169.94798713856
1464.57884732416
1751.824
1401.26642423808
1372.3586995712
980.151561481216
492.416152200192
678.716310486016
1023.579441793024
1009.822824489984
1158.68889621504
993.42389779968
708.782466601984
881.285415083008
1164.38740215808
1143.48765280256
819.716469446656
832.790196532224
715.06515290624
324.47760474624
453.794305475584
1164.41321530368
1811.85851984896
1540.06768663552
1624.8389792768
1560.84850767872
1440.88859957248
1866.53906225152
1864.8764631552
2026.02997869568
2248.96592108544
2090.62677056512
1696.54835045376
1692.2713043456
2322.85846004736
1556.24542731264
2011.51233022976
1669.01221052416
1317.66340519936
1415.89694915584
1723.22656267264
1522.26798644224
1512.28601925632
1167.47979943936
1436.31611087872
1905.21335750656
2055.45547155456
1863.53747654656
1755.27192920064
1848.33314352128
1924.82488446976
2000.92208917504
1265.62517535744
1330.37028781056
1482.50352227328
1554.47461444608
1452.65207259136
1487.93635280896
1312.49005714432
854.460652932096
788.92573533696
1026.53773913088
753.745461777408
920.224553085952
731.731168669696
1394.0759540224
1275.06028169216
1104.59838424064
1364.51189508096
1475.31699176448
1554.88203055104
1669.84670967808
754.395576185856
1223.51803629568
1459.01107329024
1466.78656933888
1271.32994732032
1301.63962310656
1070.27290543104
1564.57023602688
1893.25949700096
2038.90875753472
1905.72359788544
1567.17170021376
1405.00085376
1396.25577930752
1223.13854688256
1062.35848648704
1315.72711811072
1691.23421565952
1393.92046800896
1833.5012969984
1691.76109484032
1234.58720557056
1272.56376290304
1281.38755969024
1213.40397989888
969.037970664448
1096.4011267584
1245.8968103936
1527.64416
1393.58464945152
1037.58632310784
1083.94940673024
1099.18315789312
1402.7208991744
735.274753990656
781.957280227328
821.41155904
1495.29912541184
1336.0712316416
1519.9772483072
1401.36322184192
1323.40769307648
1580.85978442752
1160.66219625472
1218.79638409216
1091.47239236608
1195.5798879744
1272.61286899712
911.705498923008
1087.93041487872
1326.9992841728
1300.87510088704
1202.1508851712
1185.39970284544
1086.7833371648
1179.74362645504
1295.19007471616
1593.21699224576
1315.92703074304
1527.92033755136
1079.34282551296
1311.82388652032
1419.4731267584
1441.39935511552
1537.58162376704
1302.4495052288
670.270060606464
1538.0516376576
2184.23652173824
1621.94006025216
1753.70607903744
9761.551652864
7579.2245738496
6837.2632835584
7140.1234753024
5787.2186941439995
5842.7327485952
8590.6689570304
11469.2576536064
22411.9466666496
22373.185084723198
3511.9765004544
3833.3711775488
2730.54102249472
6338.139668121599
2463.05703307264
3804.69071300096
5370.503954790401
7201.484909260799
6341.625815347199
4888.16565729792
3402.077324416
2913.06206045696
4122.28568321024
2515.63242659328
2959.32313894912
7030.9917681152
14542.8562249216
13113.0685380096
12151.1278247936
8111.275010048001
12206.6845756416
10318.6540864
6657.2218699776
3823.9069908172796
4400.0156097536
4146.95849056768
10172.4874418688
11178.2028702208
3804.5963790387204
4503.50073897472
7924.1688220671995
6363.9132530176
3278.85079653888
2695.65076979712
2430.53139145216
6259.7156183552
5555.342934835199
11230.6468571648
6188.790518528
2067.68990285824
3743.12467354112
3408.78913880576
4398.367640448
3461.9103859302404
2987.21206462976
2492.44564535808
5785.9598722047995
5801.2138843136
4642.81192842752
3033.00835915264
7429.3945741312
7039.355824793601
6438.828832512
6764.340763340801
6590.7629191168
5344.11929472
7696.1277806592
7388.6554838528
7405.039717324799
7243.3575913984
3730.0411356467202
5634.925714278399
5655.639449036799
4628.8384597452805
5772.673119539199
6801.949218611199
6018.0990038528
3659.8480402022396
6062.7985965056
7214.2122509312
5579.9901581824
4634.14600852992
4498.52757333504
4101.53142857216
4672.1375389952
5294.5796746752
5246.748444467201
8613.4690909184
5112.35862825984
5558.485246771201
5849.7399356928
7322.8942366208
8759.12
7006.332121190399
6861.793497856001
4900.75780740608
2462.08076100096
3393.58155243008
5117.89720896512
5049.11412244992
5793.444481075199
4967.1194889984
3543.91233300992
4406.42707541504
5821.9370107904
5717.4382640128
4098.5823472332795
4163.950982661119
3575.3257645311996
1622.3880237312
2268.97152737792
5822.0660765184
9059.2925992448
7700.3384331776
8124.1948963840005
7804.2425383936
7204.442997862399
9332.6953112576
9324.382315776
10130.1498934784
11244.829605427201
10453.133852825598
8482.7417522688
8461.356521728
11614.2923002368
7781.2271365632005
10057.5616511488
8345.0610526208
6588.317025996801
7079.4847457792
8616.1328133632
7611.3399322112
7561.4300962816005
5837.3989971968
7181.5805543936
9526.0667875328
10277.2773577728
9317.6873827328
8776.3596460032
9241.6657176064
9624.1244223488
10004.6104458752
6328.1258767872
6651.8514390528
7412.5176113664
7772.373072230401
7263.260362956799
7439.6817640448
6562.450285721599
4272.30326466048
3944.6286766847998
5132.6886956544
3768.7273088870397
4601.12276542976
3658.6558433484797
6970.379770112
6375.3014084608
5522.9919212032
6822.5594754048
7376.5849588224
7774.4101527552
8349.2335483904
3771.97788092928
6117.5901814784
7295.055366451199
7333.932846694401
6356.649736601599
6508.1981155328
5351.3645271552
7822.851180134399
9466.2974850048
10194.5437876736
9528.6179894272
7835.8585010688
7025.004268799999
6981.2788965376
6115.6927344128
5311.7924324352
6578.6355905536
8456.1710782976
6969.602340044799
9167.506484992
8458.805474201601
6172.9360278528
6362.8188145152
6406.9377984512
6067.019899494399
4845.18985332224
5482.0056337920005
6229.484051968
7638.2208
6967.9232472575995
5187.9316155392
5419.747033651201
5495.9157894656
7013.604495872
3676.37376995328
3909.78640113664
4107.0577952
7476.495627059199
6680.356158208
7599.886241536
7006.8161092096
6617.0384653824
7904.2989221376
5803.310981273599
6093.9819204608
5457.3619618304
5977.899439872
6363.0643449856
4558.52749461504
5439.6520743936
6634.996420863999
6504.3755044352
6010.754425855999
5926.9985142272
5433.9166858240005
5898.718132275199
6475.9503735808
7966.084961228799
6579.6351537151995
7639.6016877568
5396.7141275648
6559.1194326016
7097.365633792
7206.9967755776
7687.908118835199
6512.247526144
3351.35030303232
7690.2581882879995
10921.182608691199
8109.7003012608
8768.530395187201
