1626.92527547392
1188.01337566208
1707.19244720128
2398.42774248448
2454.03371949056
2512.45267463168
2654.55742180352
3191.18723315712
2885.02877090816
2364.2112
2102.42066757632
2305.64967339008
2285.70823395328
2100.4833342976
1935.69457425408
1848.62556041216
2160.40727272448
2166.22515569664
1842.09130826752
2089.7855503872
1979.9924476928
2211.74407494656
2813.86646867968
2126.62450213888
1832.99881381888
1563.28173577216
1156.92370607104
1274.05381818368
1021.291111656448
726.688360522752
764.858154913792
543.229537385472
551.331870206976
510.866246120448
668.150518518784
1213.67413286912
1167.41807506432
1334.86287693824
1259.75154425856
1978.2393298432
1571.0526012416
2086.73501234176
1725.42160479232
1150.7377106944
828.59024708608
1743.17295940608
1883.69273786368
1549.90307119104
2341.11865498624
2516.85362161664
2191.01866667008
2014.655616768
2396.66155102208
2679.2176030208
1498.98839640064
2261.27216415744
2201.83032218624
2310.9362304512
2780.16
2788.7806511616
2950.04352400384
3173.62554621952
3405.23296644096
3343.88166037504
3341.5168
3160.69327374336
2846.71350872064
2384.88489370624
2374.64729745408
2397.26781494272
2519.1436271616
3155.5584
3102.7664282112
2890.2838324224
2353.67236849664
2143.13144121344
2326.99828148224
2907.95185480704
2986.48967901184
3224.82724947968
2953.50176744448
2626.81644214272
1936.2385538048
1719.28522104832
2023.13197748224
2608.25928205312
2131.86167043072
2181.2526043136
2492.91601337344
1652.46224723968
1812.47234869248
1567.60658009088
2043.12958541824
2047.60702582784
1952.2051719168
1797.83234782208
1813.672922624
1773.6797532672
2375.18518120448
2509.92194782208
2494.05730496512
2582.53555719168
2280.9105545216
1913.95008256
2249.06971428864
1890.429512704
2076.48078623744
1987.20971034624
1767.79996135424
1761.90937298944
1793.92356455424
5297.48401364992
5319.78009022464
3031.24433560576
2010.76564642816
1683.16665783296
1314.248
2233.33913153536
2342.65473057792
2584.66348737536
2825.6238495744
2307.01329936384
1868.74377370624
1583.27755932672
1818.655059712
2228.81837223936
1964.42881664
1845.0171345408
2363.00970667008
2796.24836819968
2290.5428987904
2143.52771360768
2416.3339252736
2348.04060504064
2314.88747766784
2318.4765490176
2309.73862267904
2264.33505882112
2273.30347278336
2114.8484699648
1793.3842962944
1356.99683801088
1233.47303463936
1128.64228926464
1554.71293837312
1956.86557780992
2207.44081276928
2536.76366917632
3161.2663741952
3267.66467878912
2113.70622338048
2498.45164020736
3117.6772442112
3011.64399192064
2884.56129122304
2798.87556923392
2717.5768855552
2498.42308634624
2672.07786838016
2937.197581056
2554.44905019392
2469.91242942464
2218.41547774976
2339.851847936
2624.00930909184
2918.35751036928
3159.67104288768
3176.45244251136
3194.17002667008
3208.86379618304
3284.92816623616
3177.17172932608
3065.37668084736
3005.62293223424
2993.39129263104
2934.1606956544
2586.93802667008
1727.7918241792
1885.44252750848
1209.3971948032
1078.46463366144
1224.55864604672
1904.37431351296
1560.90981497856
2044.70306605056
2119.2178871808
1745.54741204992
1400.39277805568
1662.15971530752
1765.11599632384
897.18784
1176.51538940928
1838.33228985344
2025.43689143296
2050.01030674432
2153.92422335488
2519.32149228544
2734.9053134336
3492.7104
3385.08671356928
3046.50058614784
3146.69447190528
3166.57653470208
3541.888
3780.48091646976
2540.13775737856
2189.16214634496
2222.30439944192
2215.92974656512
2286.60996491264
2451.74857143296
3091.31447154688
2595.30436923392
2184.23308172288
2294.3177531904
2029.36881795072
1739.25362799616
1379.72292150272
1224.94969268224
585.958637205504
863.235644128256
1554.15072961536
698.003025681408
567.383950920704
1318.4967064576
2423.4516630016
2275.39551648768
1754.94369952768
1627.1383540224
1571.54822504448
1476.0213221376
1690.5003284992
1884.61335392256
1906.33489654784
1584.25036478464
1600.88271392768
2247.68
2354.12915033088
2312.3828878336
2057.68576556032
1996.05579718656
1945.06618546176
2275.0184951808
2585.64555512832
2267.84983866368
2606.7504136704
2833.24200421376
2643.9718424064
2595.79873992704
2525.80966982656
2452.50734717952
2559.72500353024
2807.78752
2813.65590361088
2092.34578843648
2479.0716631552
2787.1692988928
3231.71791082496
3109.22329824256
3122.91289719808
3550.82068619264
3606.98036947968
3997.93431272448
3963.35931915264
2903.58731034624
2879.56904718336
8134.6263773696
5940.0668783104
8535.9622360064
11992.1387124224
12270.1685974528
12562.263373158401
13272.7871090176
15955.936165785599
14425.1438545408
11821.056
10512.1033378816
11528.2483669504
11428.541169766399
10502.416671488
9678.4728712704
9243.1278020608
10802.036363622401
10831.1257784832
9210.4565413376
10448.927751936
9899.962238463999
11058.7203747328
14069.3323433984
10633.1225106944
9164.9940690944
7816.408678860799
5784.6185303552
6370.2690909184
5106.45555828224
3633.44180261376
3824.29077456896
2716.14768692736
2756.65935103488
2554.33123060224
3340.75259259392
6068.370664345601
5837.0903753216
6674.314384691201
6298.7577212928
9891.196649216
7855.263006208001
10433.6750617088
8627.1080239616
5753.688553472
4142.9512354304
8715.864797030401
9418.4636893184
7749.5153559552
11705.5932749312
12584.268108083199
10955.0933333504
10073.27808384
11983.3077551104
13396.088015104
7494.941982003201
11306.360820787198
11009.151610931202
11554.681152256
13900.8
13943.903255808
14750.2176200192
15868.1277310976
17026.1648322048
16719.4083018752
16707.584
15803.4663687168
14233.567543603202
11924.424468531199
11873.236487270402
11986.3390747136
12595.718135808
15777.792
15513.832141056
14451.419162111999
11768.3618424832
10715.6572060672
11634.9914074112
14539.759274035201
14932.4483950592
16124.1362473984
14767.508837222398
13134.082210713601
9681.192769023999
8596.4261052416
10115.6598874112
13041.2964102656
10659.308352153601
10906.263021568
12464.5800668672
8262.3112361984
9062.3617434624
7838.0329004544
10215.647927091199
10238.0351291392
9761.025859584
8989.161739110401
9068.36461312
8868.398766336
11875.925906022401
12549.6097391104
12470.286524825598
12912.6777859584
11404.552772608
9569.7504128
11245.3485714432
9452.14756352
10382.4039311872
9936.048551731199
8838.9998067712
8809.5468649472
8969.6178227712
26487.420068249598
26598.900451123198
15156.2216780288
10053.8282321408
8415.8332891648
6571.24
11166.6956576768
11713.2736528896
12923.317436876801
14128.119247872
11535.0664968192
9343.7188685312
7916.3877966335995
9093.27529856
11144.0918611968
9822.144083199999
9225.085672704
11815.0485333504
13981.2418409984
11452.714493952
10717.638568038401
12081.669626368
11740.2030252032
11574.4373883392
11592.382745088
11548.6931133952
11321.6752941056
11366.5173639168
10574.242349824
8966.921481472
6784.984190054401
6167.3651731968
5643.211446323201
7773.5646918656
9784.3278890496
11037.2040638464
12683.8183458816
15806.331870976
16338.3233939456
10568.531116902399
12492.2582010368
15588.386221056
15058.2199596032
14422.806456115199
13994.3778461696
13587.884427776
12492.1154317312
13360.3893419008
14685.98790528
12772.2452509696
12349.562147123199
11092.077388748801
11699.25923968
13120.0465454592
14591.7875518464
15798.3552144384
15882.2622125568
15970.8501333504
16044.318980915199
16424.6408311808
15885.8586466304
15326.8834042368
15028.114661171201
14966.9564631552
14670.803478272
12934.6901333504
8638.959120896
9427.2126375424
6046.985974015999
5392.323168307201
6122.7932302336
9521.8715675648
7804.5490748928005
10223.5153302528
10596.089435904
8727.7370602496
7001.963890278401
8310.7985765376
8825.5799816192
4485.939200000001
5882.5769470464
9191.6614492672
10127.1844571648
10250.0515337216
10769.621116774399
12596.6074614272
13674.526567167999
17463.552
16925.4335678464
15232.5029307392
15733.4723595264
15832.882673510401
17709.44
18902.404582348798
12700.688786892799
10945.8107317248
11111.5219972096
11079.648732825599
11433.0498245632
12258.7428571648
15456.572357734402
12976.5218461696
10921.165408614399
11471.588765952
10146.8440897536
8696.2681399808
6898.6146075136
6124.748463411201
2929.7931860275203
4316.17822064128
7770.753648076799
3490.01512840704
2836.9197546035202
6592.483532288001
12117.258315008
11376.977582438401
8774.718497638401
8135.691770112
7857.7411252224
7380.106610688
8452.501642496
9423.0667696128
9531.6744827392
7921.2518239231995
8004.4135696384
11238.4
11770.6457516544
11561.914439167998
10288.4288278016
9980.2789859328
9725.3309273088
11375.092475904
12928.2277756416
11339.249193318401
13033.752068352002
14166.2100210688
13219.859212031999
12978.9936996352
12629.0483491328
12262.5367358976
12798.6250176512
14038.9376
14068.279518054402
10461.728942182399
12395.358315776
13935.846494464
16158.589554124801
15546.116491212799
15614.564485990399
17754.1034309632
18034.9018473984
19989.6715636224
19816.7965957632
14517.9365517312
14397.8452359168
