1040.384
844.908854185984
1276.92443205632
1222.83077462016
1537.97318721536
1411.84840597504
1798.11112680448
1855.11787952128
1998.4456221696
2038.63771428864
1927.21894526976
1842.49130791936
2056.84399486976
2163.09088524288
2184.41510614016
2078.56916530176
990.831739413504
858.497628498944
2491.50654915584
2445.19125623808
2164.30025532416
1955.30997929984
1708.1358422528
1713.52158160896
1992.96961939456
1633.46273400832
1632.9971589632
1705.19750569984
1811.4303721472
1988.31254253568
1945.88912941056
1762.22120851456
1892.6734582272
1659.56666822656
1468.91106361344
1618.69772151808
1497.04200213504
1807.8328098816
1484.89309090816
1810.02975808512
2266.48269534208
1678.50581926912
1458.225748992
1802.6334581248
1793.01496090624
1984.87341176832
2384.27467895808
2112.03209551872
2082.20989408256
1963.07950460928
1821.92233213952
1933.60625287168
2001.75709090816
2084.27369411584
1758.39061559296
1622.1687458304
1579.93931515904
1513.63208625152
1729.87733332992
1508.39708176384
1733.82926135296
1446.9786973184
2215.63193013248
2148.19064242176
2114.8840506368
1797.9791186432
1980.45890187264
2448.62346548224
2069.75431110656
1921.91799144448
2102.08540444672
2388.535675904
2368.84283076608
2514.68434865152
2703.10836859904
2671.52419310592
2749.62597812224
2902.68382608384
2348.59867961344
2270.01627866112
2317.52875912192
2239.95098674176
2371.80715641856
2433.75639735296
2478.9180321792
2496.24814724096
2531.94294905856
1599.96892875776
1851.88046707712
2270.9943867392
2518.01954325504
2707.41771962368
2512.41985434624
1864.17078610944
1652.17363934208
1822.59587878912
1535.68102843392
2129.93166951424
1758.5221962752
1335.27073554432
2194.45915756544
1664.36893221888
1621.64404872192
2164.72366265344
2293.43679514624
2090.40883305472
1892.78315789312
2049.3983499264
1829.67296
1704.86914148352
1789.3934545408
2108.91686956032
2721.27212307456
2580.65396139008
2380.15550159872
1637.96884210688
974.503947864064
520.974858409984
476.725903801344
1343.19040968704
1144.72988365824
1482.9113121792
2202.18629019648
1605.04082473984
1470.25370728448
1243.90039436288
1343.9908896768
1774.05493706752
1754.71017822208
1614.25932366848
1552.87492040704
1637.44414220288
1440.93307470848
1465.47289510912
1921.91799144448
1211.96467905536
1101.49776991232
1233.03130330112
1390.67995091968
1034.63194252288
899.816511033344
914.540809316352
556.927866527744
479.179261802496
864.588842454016
1285.43093116928
1216.741376
1120.89557475328
983.270143143936
1318.25103178752
1322.13955483648
1174.64517412864
739.949022574592
476.891802943488
718.304908693504
923.486862944256
722.428169576448
675.402024096768
1075.39051162624
1326.0867368448
1212.8364876288
1249.86514285568
1460.168
1371.71547286528
1411.44755012608
1219.98986990592
1275.96560801792
1772.81425666048
1058.45103976448
1186.32248666112
945.214756353024
736.173937282048
1071.172520448
1141.76159750144
866.988331707392
1181.98466721792
1132.13918016512
1549.90307119104
1319.6236446208
1361.95369652224
1625.74519402496
1329.83196837888
1221.17590294528
985.609257302016
1147.5014620672
1159.99294877696
792.562555798528
989.528641410048
727.51850467328
425.33387009536
695.066821445632
1086.01420560384
1059.2478329856
945.203882667008
681.942204081152
622.402745874432
1074.32788516864
952.7139826688
1122.90756329472
909.085365722112
1304.74266482688
1452.94842022912
1193.60297674752
891.942565486592
829.765062336512
1016.721805773824
977.122139968512
1331.9047980032
902.63307462656
891.6996670464
1329.84896334848
830.200174672896
687.147796333568
1246.80989313024
1347.91168
1153.47540184064
1086.7833371648
1016.577072925696
595.59080143872
999.513638905856
1158.77014012928
1070.56059127808
1084.56334703616
1074.69626339328
1425.74842793984
648.311909848064
990.722449760256
854.895387078656
1518.89524463616
1455.33289411584
840.793974895616
778.928365052928
936.880726807552
524.973159970816
928.933526735872
1146.59777334272
1077.28193754112
994.977237569536
1181.38689910784
1314.10431053824
1197.97093490688
1744.00316404736
1568.80432816128
1632.2084883968
1491.46881281024
1719.22096054272
1655.33819433984
1301.23452632064
1332.05461654528
1078.68857050112
1298.49956952064
1371.97381818368
1475.8410092032
1511.5433009664
1027.68135404544
879.869768368128
950.091672955904
1046.14373608448
1139.71529260032
1142.39890597888
1106.44868839424
1156.64921056256
1282.8844060672
5201.92
4224.54427092992
6384.6221602816
6114.1538731007995
7689.8659360768
7059.2420298751995
8990.5556340224
9275.5893976064
9992.228110848
10193.1885714432
9636.0947263488
9212.4565395968
10284.2199743488
10815.4544262144
10922.0755307008
10392.845826508801
4954.15869706752
4292.48814249472
12457.5327457792
12225.9562811904
10821.5012766208
9776.5498964992
8540.679211264
8567.6079080448
9964.848096972799
8167.3136700416
8164.985794816001
8525.9875284992
9057.151860736
9941.5627126784
9729.4456470528
8811.1060425728
9463.367291135999
8297.8333411328
7344.5553180672005
8093.4886075904
7485.2100106752005
9039.164049408
7424.4654545408
9050.1487904256
11332.4134767104
8392.5290963456
7291.12874496
9013.167290624
8965.0748045312
9924.3670588416
11921.3733947904
10560.1604775936
10411.0494704128
9815.3975230464
9109.6116606976
9668.0312643584
10008.7854545408
10421.3684705792
8791.953077964801
8110.843729152
7899.6965757952
7568.1604312576
8649.3866666496
7541.9854088192005
8669.1463067648
7234.893486592
11078.159650662401
10740.9532121088
10574.420253184
8989.895593216
9902.294509363199
12243.1173274112
10348.771555532801
9609.5899572224
10510.4270222336
11942.67837952
11844.2141538304
12573.4217432576
13515.5418429952
13357.6209655296
13748.1298906112
14513.419130419199
11742.9933980672
11350.0813933056
11587.6437956096
11199.7549337088
11859.0357820928
12168.7819867648
12394.590160896001
12481.2407362048
12659.7147452928
7999.844643788801
9259.402335385601
11354.971933695999
12590.097716275199
13537.0885981184
12562.0992717312
9320.8539305472
8260.8681967104
9112.9793939456
7678.4051421695995
10649.658347571201
8792.610981376
6676.3536777215995
10972.2957878272
8321.8446610944
8108.2202436095995
10823.6183132672
11467.183975731201
10452.0441652736
9463.9157894656
10246.991749632
9148.364800000001
8524.3457074176
8946.967272704
10544.5843478016
13606.3606153728
12903.2698069504
11900.7775079936
8189.8442105344
4872.51973932032
2604.87429204992
2383.62951900672
6715.952048435201
5723.649418291199
7414.556560896
11010.9314509824
8025.2041236992
7351.2685364224
6219.501971814399
6719.954448384
8870.274685337601
8773.5508911104
8071.2966183424
7764.3746020352
8187.220711014399
7204.665373542401
7327.3644755456
9609.5899572224
6059.8233952768
5507.488849561601
6165.1565165056
6953.3997545984
5173.159712614401
4499.08255516672
4572.70404658176
2784.6393326387197
2395.89630901248
4322.94421227008
6427.1546558464
6083.70688
5604.4778737664
4916.35071571968
6591.255158937601
6610.6977741824
5873.2258706432
3699.7451128729604
2384.45901471744
3591.52454346752
4617.43431472128
3612.14084788224
3377.0101204838397
5376.952558131199
6630.433684224
6064.182438143999
6249.3257142784005
7300.839999999999
6858.5773643264
7057.2377506304
6099.949349529599
6379.8280400896
8864.071283302399
5292.2551988223995
5931.6124333056
4726.07378176512
3680.86968641024
5355.862602239999
5708.8079875072
4334.94165853696
5909.9233360896005
5660.6959008256
7749.5153559552
6598.118223104
6809.7684826112
8128.7259701248
6649.1598418943995
6105.879514726401
4928.04628651008
5737.507310336
5799.964743884801
3962.8127789926402
4947.64320705024
3637.5925233663997
2126.6693504768
3475.3341072281596
5430.071028019201
5296.239164928001
4726.01941333504
3409.71102040576
3112.01372937216
5371.6394258432
4763.569913344
5614.537816473599
4545.42682861056
6523.7133241344
7264.742101145601
5968.0148837376
4459.71282743296
4148.82531168256
5083.60902886912
4885.61069984256
6659.523990016
4513.1653731328
4458.498335232
6649.244816742401
4151.00087336448
3435.7389816678397
6234.0494656512
6739.5584
5767.3770092032
5433.9166858240005
5082.885364628481
2977.9540071936
4997.56819452928
5793.8507006464
5352.8029563904
5422.8167351808
5373.4813169664
7128.7421396991995
3241.55954924032
4953.612248801281
4274.47693539328
7594.4762231808
7276.6644705792
4203.96987447808
3894.64182526464
4684.403634037761
2624.8657998540803
4644.66763367936
5732.9888667136
5386.4096877056
4974.88618784768
5906.9344955392
6570.5215526912
5989.8546745344
8720.0158202368
7844.0216408064
8161.042441984
7457.3440640512
8596.1048027136
8276.6909716992
6506.1726316032
6660.2730827263995
5393.4428525056
6492.4978476032
6859.8690909184
7379.205046016
7557.716504832
5138.4067702272005
4399.34884184064
4750.45836477952
5230.7186804224
5698.5764630016
5711.9945298944
5532.2434419712
5783.2460528128
6414.422030336
