1131.48301051904
940.951400733696
677.407231053824
658.484285938688
396.954776665088
303.818349766656
349.851103060992
384.696524672
921.466796747776
927.413058547712
940.79176199168
826.696757895168
1253.74137089024
1025.024
1109.24908936192
1156.65369762816
1262.17985061888
1071.92873073664
1274.92529401856
1327.99180295168
1338.44884210688
1563.60052979712
1703.33770786816
1858.80770074624
2166.27132542976
1657.64840090624
1611.19964404736
1837.97927868416
1977.08374346752
1750.83764603904
1736.48898688
1854.2775403008
1434.94436851712
1319.30136812544
1257.69509367808
1176.12735785984
1142.64022204416
1508.07886303232
1185.95421782016
939.90973134336
1265.96330730496
1193.68316384256
1263.7956491264
1216.74012302336
1383.13313618944
1175.1240596992
1263.97623452672
856.056566243328
576.943785929728
504.222451438592
624.979095081984
545.295766612992
473.852384666624
498.524837143552
357.919251411968
359.814965607424
390.197778615296
538.922748560384
613.754113009664
428.372647465984
321.664203961344
376.34423517696
423.522297161728
473.865582887936
483.227302964224
616.748651162624
648.709362224128
857.591213728768
886.09989006336
703.532382245888
594.74280540672
611.809520480256
428.45157286912
589.65656781824
1149.50762264576
1456.28198496256
1313.039782656
1170.4028283392
1335.26585464832
1212.4350511616
1446.47580865536
1256.96423140352
973.707266955264
1512.33422222336
1164.50253131776
1002.188295566336
468.227426871296
865.650569592832
1171.06345325568
1102.74978939904
1061.57206126592
763.155152792576
667.858442293248
723.155739357184
683.851345207296
407.892912453632
1226.42246001664
972.811992193024
941.856532269056
864.19468263424
960.825355191296
847.809976983552
1103.50005727232
1441.70161685504
1223.78530202624
1229.05475607552
1260.44396719104
1287.5129937408
1246.79588415488
1025.1340043264
1404.55858870272
1137.94927859712
1167.54249504768
1095.72028852224
1485.52078164992
1214.13136306176
1275.63028625408
760.516455477248
826.899715286016
959.698410958848
1101.99330132992
1143.491990528
1006.375455197184
1308.31058823168
1110.99078633472
1195.49141116928
1370.82192377856
1371.29651892224
1648.61142325248
1679.15417084928
1618.00980743168
1341.50576848896
1481.71419945984
576.910183069696
408.385726583808
473.798363134976
630.046812148736
550.155548012544
742.867895131136
845.262275346432
662.172663247872
445.121881686016
804.358168674304
836.079483871232
1553.16903277568
2085.39533662208
2226.83267935232
1670.2453861376
2085.0905872384
2289.44659022848
2328.40313590784
2156.19799087104
2279.65497744384
2451.91410526208
2601.58217721856
2055.67132203008
1740.94769230848
1724.8728615424
1942.47901049856
1643.75277471744
2194.36916749312
1972.00944761856
1788.53113875456
1756.34040694784
1950.27718919168
1682.59368421376
1440.055835392
2192.13259880448
2444.5178775552
2276.16693976064
2073.27433442304
1800.0589563392
1503.89043841024
1938.72631523328
1839.40603363328
1998.871108608
1780.00322935808
1755.65943424
1940.17235414016
2140.7720459776
1889.65178686464
1826.03792672768
2158.09646554112
2170.4534640128
1700.00216602624
2186.494645504
2049.22822065152
2127.11175757824
2245.51384614912
2078.74440736768
2059.87004081152
2179.86401154048
2327.42987155456
2286.78358709248
2191.15855737856
1857.77278077952
1579.83836763136
1668.3337420288
2122.15315442688
1981.27134117888
2546.26765006848
3120.39897493504
3166.57653470208
2368.3072
1438.71162942464
1646.63552816128
1653.39351578624
1489.10917472256
1174.29933980672
5657.415052595199
4704.75700366848
3387.03615526912
3292.42142969344
1984.77388332544
1519.09174883328
1749.25551530496
1923.4826233600002
4607.33398373888
4637.06529273856
4703.9588099584
4133.48378947584
6268.7068544512
5125.119999999999
5546.245446809599
5783.2684881408
6310.8992530944
5359.643653683201
6374.6264700927995
6639.9590147584
6692.2442105344
7818.002648985601
8516.6885393408
9294.0385037312
10831.3566271488
8288.242004531201
8055.998220236799
9189.8963934208
9885.4187173376
8754.1882301952
8682.4449344
9271.387701504
7174.7218425856
6596.506840627199
6288.475468390399
5880.6367892992
5713.2011102208
7540.3943151616
5929.7710891008
4699.5486567168
6329.8165365248
5968.4158192128
6318.978245631999
6083.7006151168
6915.6656809472
5875.620298496
6319.8811726336
4280.28283121664
2884.7189296486404
2521.11225719296
3124.8954754099204
2726.47883306496
2369.26192333312
2492.62418571776
1789.59625705984
1799.0748280371201
1950.98889307648
2694.61374280192
3068.7705650483203
2141.86323732992
1608.32101980672
1881.7211758848
2117.61148580864
2369.32791443968
2416.13651482112
3083.74325581312
3243.54681112064
4287.95606864384
4430.4994503168
3517.66191122944
2973.7140270336
3059.0476024012796
2142.2578643456
2948.2828390912
5747.5381132288
7281.4099248128
6565.19891328
5852.014141696
6676.3292732416
6062.175255808001
7232.3790432768
6284.8211570176
4868.53633477632
7561.671111116801
5822.5126565888
5010.9414778316805
2341.13713435648
4328.25284796416
5855.3172662784
5513.748946995201
5307.8603063296
3815.77576396288
3339.29221146624
3615.7786967859197
3419.2567260364804
2039.46456226816
6132.112300083199
4864.05996096512
4709.28266134528
4320.9734131712
4804.12677595648
4239.04988491776
5517.5002863616
7208.5080842751995
6118.9265101312
6145.2737803776
6302.2198359552
6437.564968704
6233.9794207744
5125.670021632
7022.7929435136
5689.746392985599
5837.7124752384
5478.6014426112
7427.603908249601
6070.656815308801
6378.151431270399
3802.58227738624
4134.49857643008
4798.49205479424
5509.9665066496
5717.459952640001
5031.87727598592
6541.552941158399
5554.9539316736
5977.457055846399
6854.1096188927995
6856.4825946112
8243.0571162624
8395.7708542464
8090.0490371584
6707.5288424448
7408.570997299201
2884.55091534848
2041.92863291904
2368.99181567488
3150.23406074368
2750.77774006272
3714.33947565568
4226.31137673216
3310.8633162393603
2225.6094084300803
4021.79084337152
4180.39741935616
7765.845163878401
10426.976683110399
11134.1633967616
8351.226930688
10425.452936192
11447.2329511424
11642.0156795392
10780.9899543552
11398.274887219199
12259.5705263104
13007.910886092799
10278.3566101504
8704.7384615424
8624.364307712
9712.3950524928
8218.763873587199
10971.8458374656
9860.0472380928
8942.6556937728
8781.702034739199
9751.3859459584
8412.968421068801
7200.279176960001
10960.662994022401
12222.589387775999
11380.8346988032
10366.3716721152
9000.294781696
7519.4521920512
9693.631576166401
9197.0301681664
9994.35554304
8900.0161467904
8778.2971712
9700.8617707008
10703.860229888
9448.2589343232
9130.1896336384
10790.482327705598
10852.267320064
8500.0108301312
10932.47322752
10246.1411032576
10635.558787891201
11227.569230745601
10393.7220368384
10299.3502040576
10899.3200577024
11637.1493577728
11433.9179354624
10955.7927868928
9288.8639038976
7899.191838156799
8341.668710144
10610.7657721344
9906.356705894399
12731.3382503424
15601.9948746752
15832.882673510401
11841.536
7193.5581471232
8233.1776408064
8266.9675789312
7445.5458736128
5871.4966990336
