2274.40564706304
2637.7037063168
2309.73095798784
2191.50456470528
2118.3404276736
1698.27366606848
1948.21431652352
2080.74032432128
2124.1845033472
1870.15525856256
1766.80049258496
1733.21251310592
1001.42592
1641.89364706304
1542.44695858176
1912.6592771072
2243.25474926592
2485.37434990592
2171.32771639296
1949.96264737792
1883.74281481216
2545.59223719936
1874.46127975424
1822.44960391168
2443.09054383104
2038.39677310976
2568.2065248256
2638.04084706304
2055.19075555328
1935.80008643584
2216.42312897536
2160.63643826176
1750.8337611264
2453.39751819264
2186.67442423808
1824.44658884608
1813.1272953344
1349.6263373312
1007.97791865344
1353.06611279872
1121.18558865408
1400.37726595072
1289.81829901312
1713.97935363072
1440.58851469312
1097.75338187776
1527.71930708992
1426.47329032192
1150.41200688128
1607.3110507008
1322.59236079616
1355.27689023488
1585.19346681856
1115.11102439424
703.17046803968
1088.2093166592
1312.32278260736
956.656735945728
915.817411764224
1201.42835817472
829.75387433984
887.04977099264
1621.02144408576
800.116153498624
517.26266253824
1537.40243478528
2034.28790939648
2290.4832
2398.42774248448
2600.89674131456
3261.8566620672
2843.20617259008
2604.22467653632
2874.5757681152
2635.64310150144
1602.36197725184
1168.9107646464
1395.71556794368
634.368
1663.87363403776
1918.43770392576
1536.28961615872
1953.051044864
1909.07644675072
1497.67964444672
1367.69226218496
2071.0849122816
2873.87783885824
3067.41517694976
3262.30146031616
2715.32704477184
2591.17796064256
2519.47721348096
2588.96502643712
2742.38345578496
1643.73243230208
2335.27434586112
2123.88072727552
2019.41564621824
2197.77429441536
1916.4146049024
1971.45672113152
2533.4681245696
2921.49697560576
2557.31784771584
2320.54558532608
2053.77321993216
2061.12595135488
2599.89052931072
2319.51201304576
2140.7849184256
2853.24047058944
2929.73396273152
3031.24433560576
3678.9564049408
3950.64505699328
3424.40191348736
3188.31898642432
3074.41672885248
3060.00389884928
2493.19751433216
2573.36474600448
2766.29312315392
2763.70934910976
3012.05822291968
2937.77723076608
2921.9453771776
4336.57873504256
4270.4994698752
4311.63458064384
2334.65239064576
2661.14996148224
2374.5830151168
2521.05412330496
2789.36751967232
2609.48532965376
2800.55808
3158.45710769152
3057.3522620416
2927.9510240256
2252.15702325248
1792.55217118208
1876.20781264896
2172.80536526848
1820.76975087616
2085.39533662208
1279.16460891136
2079.44263790592
1258.55210958848
2344.19422608384
1899.12927888384
1076.86969212928
532.854326889472
795.074013867008
453.572396137472
364.309210513408
327.411500904448
231.945665373184
209.212581625856
203.241929921536
204.798732085248
221.140254895104
217.960937609216
261.134544917504
210.969197710336
214.493491917824
517.653207100416
1021.873395673088
1344.59916932096
1326.93138542592
1327.06961595392
1575.26128611328
1780.87396786176
2027.33845983232
2037.04994842624
2030.37194269696
2410.1907080704
2473.8837482496
2678.91533466624
3465.06359069696
2584.65930847232
1816.18077193216
2063.30452708352
3398.8156163072
3395.6675918336
2778.13437310976
2974.9576016384
3445.13806135296
3409.24729926656
3145.37883278336
2937.77723076608
2189.34168116224
2713.2604919808
2835.611648
2868.25476395008
2087.6903911424
2481.04450828288
3020.41740659712
2262.48446963712
2590.89329230848
2988.74702053376
2679.95988516864
2713.21205285888
3419.75393103872
3219.55590244352
2864.11096487936
3087.41786732544
3179.12990476288
3566.17686486016
3579.04168421376
3231.56681933824
3242.91411514368
2683.01843340288
2639.11824775168
2630.07157072896
2969.98867152896
3245.41140893696
3174.80745549824
3138.45005473792
3067.53719402496
3038.44529436672
4046.00134078464
4058.52438008832
3618.92285217792
3290.86014693376
4122.13273520128
4468.9422733824
4272.03437714432
3565.7691889152
3237.09559625728
2562.20094717952
3117.448267264
3298.07336936448
3222.81729147904
3229.43343589376
3319.4156010496
3340.4256126464
3656.66761421824
3596.40876658688
3124.96893187072
3235.61556164608
3576.412018432
3573.38763636736
3574.2747379712
3465.06359069696
3176.97706667008
3250.70036714496
3379.46520863744
3543.26528
3760.17428248576
3554.81710107648
3149.57467826176
3154.81743819776
3199.08821917696
3050.36738951168
2646.20008988672
2916.3045559808
3112.75896932352
3029.499623936
2673.21344
2916.30977319936
2851.23210159104
2833.58746391552
2315.60910496768
2367.77594376192
2373.74763362304
11372.0282353152
13188.518531583999
11548.6547899392
10957.522823526398
10591.702138368
8491.3683303424
9741.0715826176
10403.701621606398
10620.922516736
9350.7762928128
8834.0024629248
8666.062565529599
5007.1296
8209.4682353152
7712.234792908801
9563.296385536
11216.2737463296
12426.8717495296
10856.6385819648
9749.8132368896
9418.714074060801
12727.9611859968
9372.3063987712
9112.2480195584
12215.4527191552
10191.9838655488
12841.032624128
13190.2042353152
10275.953777766399
9679.0004321792
11082.115644876802
10803.182191308799
8754.168805632
12266.9875909632
10933.372121190401
9122.2329442304
9065.636476672
6748.131686655999
5039.8895932672
6765.330563993601
5605.9279432704
7001.886329753599
6449.0914950656
8569.8967681536
7202.9425734656
5488.7669093888
7638.5965354496
7132.3664516096005
5752.0600344064
8036.555253504001
6612.961803980799
6776.3844511744
7925.9673340928
5575.555121971201
3515.8523401984003
5441.046583296001
6561.6139130368
4783.28367972864
4579.08705882112
6007.1417908736
4148.7693716992
4435.2488549632
8105.1072204288
4000.58076749312
2586.3133126912
7687.0121739264005
10171.4395469824
11452.416000000001
11992.1387124224
13004.4837065728
16309.283310335999
14216.0308629504
13021.1233826816
14372.878840575999
13178.2155075072
8011.8098862592
5844.553823232
6978.5778397184
3171.84
8319.3681701888
9592.1885196288
7681.4480807936
9765.25522432
9545.3822337536
7488.3982222336
6838.4613109248
10355.424561408
14369.3891942912
15337.0758847488
16311.507301580801
13576.6352238592
12955.889803212798
12597.386067404801
12944.825132185599
13711.9172789248
8218.6621615104
11676.3717293056
10619.4036363776
10097.0782310912
10988.8714720768
9582.073024512
9857.2836056576
12667.340622848002
14607.4848780288
12786.5892385792
11602.7279266304
10268.8660996608
10305.629756774399
12999.4526465536
11597.5600652288
10703.924592128002
14266.2023529472
14648.6698136576
15156.2216780288
18394.782024704
19753.2252849664
17122.009567436802
15941.5949321216
15372.0836442624
15300.0194942464
12465.9875716608
12866.8237300224
13831.4656157696
13818.5467455488
15060.2911145984
14688.886153830399
14609.726885888002
21682.8936752128
21352.497349375997
21558.1729032192
11673.2619532288
13305.7498074112
11872.915075584002
12605.270616524798
13946.8375983616
13047.4266482688
14002.790399999998
15792.2855384576
15286.761310208001
14639.755120128
11260.7851162624
8962.7608559104
9381.0390632448
10864.026826342399
9103.8487543808
10426.976683110399
6395.8230445568
10397.2131895296
6292.7605479424
11720.9711304192
9495.6463944192
5384.348460646401
2664.2716344473597
3975.37006933504
2267.8619806873603
1821.54605256704
1637.0575045222402
1159.72832686592
1046.06290812928
1016.20964960768
1023.99366042624
1105.70127447552
1089.80468804608
1305.67272458752
1054.84598855168
1072.46745958912
2588.26603550208
5109.36697836544
6722.9958466048
6634.6569271296
6635.3480797696
7876.3064305664
8904.3698393088
10136.692299161601
10185.2497421312
10151.8597134848
12050.953540352
12369.418741248
13394.576673331201
17325.317953484802
12923.2965423616
9080.9038596608
10316.522635417601
16994.078081535998
16978.337959168
13890.6718655488
14874.788008192
17225.6903067648
17046.2364963328
15726.8941639168
14688.886153830399
10946.708405811201
13566.302459904
14178.05824
14341.2738197504
10438.451955712
12405.222541414401
15102.0870329856
11312.4223481856
12954.466461542399
14943.7351026688
13399.7994258432
13566.0602642944
17098.769655193602
16097.779512217601
14320.5548243968
15437.0893366272
15895.6495238144
17830.8843243008
17895.2084210688
16157.8340966912
16214.5705757184
13415.0921670144
13195.5912387584
13150.3578536448
14849.9433576448
16227.0570446848
15874.0372774912
15692.250273689599
15337.685970124801
15192.226471833601
20230.0067039232
20292.621900441598
18094.6142608896
16454.3007346688
20610.663676006403
22344.711366912
21360.171885721604
17828.845944576
16185.4779812864
12811.0047358976
15587.241336320001
16490.366846822402
16114.086457395199
16147.167179468799
16597.078005248
16702.128063232
18283.3380710912
17982.0438329344
15624.844659353601
16178.0778082304
17882.060092159998
17866.9381818368
17871.373689856002
17325.317953484802
15884.885333350401
16253.501835724801
16897.3260431872
17716.3264
18800.8714124288
17774.085505382398
15747.8733913088
15774.087190988801
15995.4410958848
15251.8369475584
13231.000449433599
14581.522779904
15563.7948466176
15147.49811968
13366.0672
14581.5488659968
14256.160507955201
14167.937319577599
11578.0455248384
11838.879718809601
11868.7381681152
