1215.9967292416
889.6860941056
818.638820550656
953.641064846336
1436.31611087872
1203.48401017856
1079.21313294336
1268.58730381312
1048.06197093376
1059.54615652352
857.489779745792
1000.461044586496
979.389652811776
1014.279513626624
1122.78622828544
920.294028985344
1043.8755799552
1031.77237920768
964.559622047744
1053.056
902.692064336896
1064.72910936064
814.490562793472
1006.592691424256
724.63637549568
801.881705785344
593.87801558016
797.98388612096
1188.22591862784
944.099222482944
1097.18458375168
1269.01527272448
797.446417067008
786.450204444672
770.737046728704
734.9259770112
784.164858263552
702.323537649664
1025.9646766592
1087.32003452928
1145.55918840832
1215.13685118976
1274.97968141312
1341.64836663296
1223.6324130816
1122.08995724288
1058.0523626496
1150.45650732032
1330.12811144192
1082.04600144896
1108.24781394944
988.09834948608
1405.02192622592
1276.85235315712
1107.40573710336
1297.48033908736
1294.73132439552
935.929173332992
1210.01782383616
1081.55641938944
1070.50821818368
1048.33154753536
606.18842532864
932.766989473792
1004.96745864704
1087.3108827648
1148.51420972032
991.37234986496
794.55023317504
628.681526831104
410.029662765056
745.3248383232
717.41308794368
575.332060913664
603.666731707392
719.01811229696
803.439304347648
847.767974602752
806.352213332992
726.784951672832
957.050308967424
984.418588996608
1042.93529521152
1255.32780870656
976.747594203136
1159.22634758144
1204.61061224448
899.018864344064
940.544969084928
836.3173631744
869.943392707584
903.03521197056
1014.631095022592
856.329481481216
702.011959947264
524.872910749696
655.948232312832
743.516674291712
348.672504433664
525.917444276224
414.5736280576
859.259835482112
812.621851276288
859.674947367936
786.764626756608
623.310667323392
481.14300028416
364.279908975616
394.857935797248
420.544473232384
391.38348964352
459.219768047616
525.264106904576
310.662038578176
349.67785590272
468.782352289792
449.946490136576
586.4490187264
615.417330438144
401.175918022656
405.741274423296
327.19158807552
777.242220068864
1086.2020465152
1027.68135404544
778.12271365632
712.905030674432
953.721263158272
890.581547739136
696.875245046784
391.351691953152
478.24180617728
555.830099090432
518.398575138816
743.934020982784
492.676266667008
556.77099005952
285.999134432256
245.89583511552
314.414748709888
765.17729975296
943.377681681408
1045.87563446272
1108.81129411584
998.749180077056
1005.546920031232
971.217573435392
967.42528458752
854.14809064448
957.663715808256
1608.25473517568
2472.28984293376
910.492828828672
1307.68752280576
1261.85720337408
1100.08714739712
1184.35689288704
1399.2728361984
1481.05383629824
1177.8827406848
6079.983646208
4448.430470528
4093.19410275328
4768.20532423168
7181.5805543936
6017.420050892801
5396.0656647168
6342.936519065599
5240.3098546688
5297.7307826176
4287.448898728961
5002.30522293248
4896.94826405888
5071.397568133119
5613.931141427201
4601.4701449267195
5219.377899776
5158.861896038399
4822.79811023872
5265.280000000001
4513.46032168448
5323.6455468032
4072.4528139673603
5032.96345712128
3623.1818774784
4009.40852892672
2969.3900779008
3989.9194306048003
5941.1295931392
4720.49611241472
5485.922918758401
6345.0763636224
3987.23208533504
3932.2510222233595
3853.6852336435195
3674.6298850559997
3920.82429131776
3511.61768824832
5129.8233832959995
5436.6001726464
5727.795942041601
6075.6842559488
6374.898407065601
6708.2418331648005
6118.162065408
5610.4497862144
5290.261813247999
5752.2825366016
6650.6405572096
5410.2300072448
5541.239069747199
4940.4917474304
7025.1096311296
6384.2617657856
5537.0286855168
6487.401695436801
6473.6566219776
4679.6458666649605
6050.0891191808005
5407.7820969471995
5352.541090918399
5241.6577376768
3030.9421266432
4663.8349473689605
5024.8372932351995
5436.554413824
5742.5710486016
4956.8617493248
3972.7511658752
3143.4076341555196
2050.14831382528
3726.6241916159997
3587.0654397184
2876.66030456832
3018.3336585369602
3595.0905614847998
4017.19652173824
4238.83987301376
4031.7610666649603
3633.92475836416
4785.2515448371205
4922.09294498304
5214.676476057601
6276.6390435328
4883.73797101568
5796.1317379072
6023.0530612224
4495.09432172032
4702.72484542464
4181.586815872
4349.7169635379205
4515.1760598528
5073.155475112961
4281.64740740608
3510.05979973632
2624.36455374848
3279.7411615641604
3717.5833714585597
1743.36252216832
2629.5872213811203
2072.868140288
4296.299177410559
4063.10925638144
4298.37473683968
3933.82313378304
3116.5533366169598
2405.7150014208
1821.3995448780802
1974.28967898624
2102.72236616192
1956.9174482176002
2296.09884023808
2626.32053452288
1553.31019289088
1748.3892795136
2343.91176144896
2249.73245068288
2932.245093632
3077.0866521907196
2005.8795901132798
2028.70637211648
1635.9579403776
3886.2111003443197
5431.010232576
5138.4067702272005
3890.6135682816002
3564.5251533721603
4768.6063157913595
4452.90773869568
3484.37622523392
1956.75845976576
2391.2090308864
2779.1504954521597
2591.99287569408
3719.67010491392
2463.38133333504
2783.8549502976
1429.9956721612803
1229.4791755776
1572.07374354944
3825.8864987648003
4716.8884084070405
5229.3781723136
5544.056470579199
4993.74590038528
5027.73460015616
4856.08786717696
4837.1264229376
4270.7404532224
4788.31857904128
8041.2736758784
12361.4492146688
4552.4641441433605
6538.4376140287995
6309.2860168704
5500.4357369856
5921.7844644352
6996.364180992
7405.2691814912
5889.413703423999
