445.063484638208
571.133473247232
559.393057056768
987.006968498176
917.941224648704
378.453794594816
545.043483186176
823.865952232448
809.413134389248
547.327457435648
688.53647780864
789.301217733632
641.943380804608
1035.78888476672
1371.49650108416
1595.93569779712
1181.7498003456
1134.25066667008
1157.00573390848
1095.25827186688
1147.526998784
411.250067141632
518.526530782208
636.546626403328
521.841267837952
389.164019344384
324.388386256896
354.494146507776
315.253464711168
471.394587815936
1038.76751839232
1031.18071172096
991.323787114496
949.99788480512
1241.52543689728
966.667314917376
919.237021971456
1134.47238515712
1029.54689917952
1152.86904648704
1017.000818291712
1017.462598870016
982.37474362368
950.441754010624
794.839941670912
513.961197350912
472.948363636736
306.319604032512
295.630425397248
263.285392265216
301.408723852288
338.840344313856
522.798270748672
605.596767971328
568.037784192
677.644692235264
376.631458081792
401.260206185472
544.306691631104
633.664057399296
659.958829182976
687.50638482432
488.89856
265.305025804288
551.426994152448
929.268610450432
1173.3531867648
1232.72131764224
720.462305882112
829.043323400192
896.1785856
1330.23571489792
1064.94350604288
635.642658106368
432.092591187968
655.49247365632
927.246222222336
1169.56807735296
1241.30255238144
943.540683506688
999.294822601728
1043.74189636608
1069.8608908288
1071.89795625984
1606.66711945216
1589.92377104384
1280.65094825984
1627.47137118208
1325.96769032192
1039.58235428864
1302.57956834304
1315.152328448
1417.9765860352
1283.85467515904
1289.67310721024
1477.2484566016
1480.40795247616
1490.1161768448
1482.74498629632
1725.94885890048
1662.39224702976
1630.67324721152
1583.01377973248
1493.45340711936
1467.16629234688
1257.6304761856
1494.53012448256
1555.51367481344
982.626720110592
1115.9052094464
1056.61185568768
1143.02221647872
1314.43338446848
1237.52271096832
1603.52154784768
1527.5708876288
1526.8006413824
1711.72235748352
1296.10681207808
1160.8075505664
1490.53945678848
1572.9902072832
1572.61575757824
1146.85062044672
982.664011126784
1383.3752380928
1177.21510904832
1363.27483076608
1434.12738197504
1141.42050302976
1251.7604348416
1249.35447272448
1384.39388273664
1332.60584767488
1515.9269743616
1526.18968937472
1918.68889719808
1316.81811120128
1418.10340554752
1684.22177391616
1789.9986780672
1533.28370526208
1596.7370561024
1476.90388668416
1305.24744090624
1433.4841847296
1397.05825258496
1573.8638800896
1692.82471585792
1522.50120860672
1553.31368421376
1368.82217607168
1092.93531964416
1512.60343698432
1417.15218695168
1455.7472160768
1412.49431181312
1205.4341144064
1231.87278227456
1483.41323766784
1518.78478239744
1414.58091958272
1129.7768300032
1269.68192375808
1412.2975100416
1413.87300202496
1292.44887555072
988.567064649728
1039.46000549888
872.205064827904
1219.52046176256
989.510329670656
453.872362170368
603.762574947328
488.8580945152
361.052062340096
2225.3174231910402
2855.66736623616
2796.9652852838403
4935.03484249088
4589.70612324352
1892.2689729740798
2725.2174159308797
4119.32976116224
4047.0656719462395
2736.6372871782396
3442.6823890432
3946.5060886681604
3209.7169040230397
5178.9444238336
6857.4825054207995
7979.6784889856
5908.749001728001
5671.2533333504
5785.028669542399
5476.2913593344
5737.63499392
2056.25033570816
2592.6326539110405
3182.73313201664
2609.20633918976
1945.82009672192
1621.94193128448
1772.47073253888
1576.26732355584
2356.97293907968
5193.8375919616
5155.9035586048
4956.61893557248
4749.9894240256
6207.6271844864
4833.33657458688
4596.18510985728
5672.3619257856
5147.734495897601
5764.345232435199
5085.00409145856
5087.31299435008
4911.873718118401
4752.20877005312
3974.1997083545602
2569.80598675456
2364.74181818368
1531.59802016256
1478.15212698624
1316.42696132608
1507.04361926144
1694.20172156928
2613.9913537433604
3027.98383985664
2840.18892096
3388.2234611763197
1883.15729040896
2006.30103092736
2721.53345815552
3168.32028699648
3299.79414591488
3437.5319241216
2444.4928
1326.52512902144
2757.13497076224
4646.34305225216
5866.765933824
6163.6065882112
3602.31152941056
4145.21661700096
4480.892928
6651.1785744896
5324.7175302144005
3178.21329053184
2160.46295593984
3277.4623682816
4636.23111111168
5847.8403867648
6206.512761907199
4717.70341753344
4996.47411300864
5218.7094818304
5349.3044541439995
5359.489781299199
8033.335597260801
7949.6188552192
6403.254741299201
8137.356855910401
6629.838451609599
5197.9117714432
6512.897841715199
6575.76164224
7089.882930176
6419.2733757952
6448.3655360512
7386.242283008
7402.0397623808
7450.580884224
7413.7249314816
8629.7442945024
8311.9612351488
8153.3662360576
7915.068898662401
7467.2670355968
7335.8314617344
6288.152380928
7472.650622412801
7777.5683740672
4913.13360055296
5579.526047232001
5283.0592784384
5715.111082393601
6572.1669223424
6187.6135548416005
8017.6077392384
7637.854438144
7634.003206912001
8558.6117874176
6480.534060390401
5804.0377528320005
7452.6972839424
7864.9510364160005
7863.0787878912
5734.253102233601
4913.32005563392
6916.876190464
5886.075545241601
6816.3741538304
7170.6369098752
5707.1025151488
6258.802174208
6246.7723636224
6921.9694136832
6663.0292383744
7579.634871808001
7630.9484468736
9593.4444859904
6584.0905560064
7090.5170277376
8421.1088695808
8949.993390336
7666.4185263104
7983.685280512
7384.5194334208
6526.2372045311995
7167.420923648
6985.2912629248
7869.319400447999
8464.1235792896
7612.5060430336
7766.5684210688005
6844.110880358399
5464.6765982208
7563.0171849216
7085.7609347584
7278.736080384
7062.4715590656
6027.170572032001
6159.3639113728
7417.0661883391995
7593.9239119872
7072.904597913601
5648.884150016001
6348.409618790401
7061.487550207999
7069.3650101248
6462.2443777536
4942.83532324864
5197.300027494401
4361.02532413952
6097.6023088128
4947.55164835328
2269.36181085184
3018.81287473664
2444.290472576
1805.2603117004799
