1516.27043137536
1707.48690494464
1156.07984858112
1719.48819692544
1813.27659757568
1922.63908942848
2059.23388235776
2102.044832768
1956.55465351168
1565.23864031232
1133.49234235392
1177.67485661184
872.227257485312
1009.342130737152
1884.387007232
997.647886881792
772.436119858176
494.887521818624
1352.33566145536
1336.21975712768
1418.96581691392
1284.91798639616
1443.78148571136
1527.42190163968
1634.3935745536
1361.47361646592
1623.84358744064
1538.4800823296
1759.72992812032
1764.24668708864
2061.06636760064
1885.22906221568
1832.36768627712
1971.60218384384
2094.13076662272
1571.67410056192
2246.764481536
1724.78748645376
1681.14211930112
1336.31728381952
1555.59328905216
884.024769874944
767.56901438464
974.52621038592
1305.65735904256
918.470263123968
2626.33302199296
1328.69624788992
869.732434613248
1973.47992583168
2187.87516786688
1828.51895652352
1718.58169755648
1091.91534052352
390.466909943808
419.540596954112
674.489921787904
861.945516499968
1398.40383233024
1351.18386479104
838.120313166848
598.512583200768
946.603940298752
1429.23974193152
1421.92204255232
1318.79742657536
1179.43284570112
1499.90714324992
1358.59075526656
1329.9748390912
1448.60403062784
870.414321678336
1757.2015292416
1825.9675765248
1388.27476248576
1700.86062788608
705.150994387968
1501.6696082432
1445.6513784832
1579.83961211904
1203.79692891136
1124.11435328512
1457.40634125312
1065.98177229824
587.645419073536
966.480874108928
1390.8906038272
1645.55827408896
1417.07583269888
1331.33598056448
1166.19815385088
900.78885572096
1257.97179242496
1420.3963412992
1590.25786192896
1565.92261302272
1868.21947669504
1504.2374567424
1665.42396235776
683.174021302272
398.483943343104
504.045470651392
915.21536
477.533724916736
770.3235718656
558.118863195136
689.0564044032
789.007141292032
912.555092269056
995.004103569408
1149.39141605376
1142.97703682048
1460.33178947584
1404.17936134144
1526.61613114368
1426.51916932096
1659.42040937472
1494.41886744576
1843.05086086144
1772.43900932096
1709.400157184
1857.44147692544
1933.07230292992
1276.1390163968
1720.79021345792
1946.37857851392
1964.42881664
2159.06260425728
2109.83009523712
1920.4119540224
1830.9517669888
2103.36794379264
1863.44395932672
2357.9479493632
1801.15576470528
1628.121225472
1938.10247750656
1780.05530636288
1539.0551154176
1511.47090076672
1459.02451224576
1441.03104586752
1207.446474752
1236.31514821632
1959.95139849216
1773.7510614528
1255.92627580928
1254.2363122688
1432.73768421376
1609.44678208512
1467.586827776
1461.94229102592
981.210718446592
977.5500170496
844.045141684224
876.228354003968
683.239849056256
633.427887005696
780.81825140736
976.102585956352
1063.66929903616
1043.12842317824
1169.9624663552
1090.60891216896
1054.7175054848
1128.025918208
1233.24605462528
1075.93282586624
946.264984858624
627.386819427328
508.114642024448
670.736253968384
1086.52114630656
914.83648
558.468524744704
437.272328293376
642.45149668864
658.474408561664
665.726470119424
672.676001806336
523.497765876736
498.995162032128
414.969667844096
338.420752626688
313.791064592384
441.975922994176
667.651775115264
736.952104986624
583.8336
480.872453133312
552.844619718656
490.310210970624
400.457546960896
394.712089086976
292.218347180032
418.981063441408
483.910620689408
587.931516577792
422.398839002112
600.38525490176
784.035169498112
1302.5851534848
990.988151246848
441.258571746304
700.274758621184
7581.3521568768
8537.4345247232
5780.3992429056
8597.4409846272
9066.3829878784
9613.1954471424
10296.1694117888
10510.224163840001
9782.773267558401
7826.1932015616
5667.461711769601
5888.3742830592
4361.13628742656
5046.71065368576
9421.93503616
4988.23943440896
3862.18059929088
2474.43760909312
6761.678307276799
6681.0987856384
7094.8290845696
6424.5899319807995
7218.9074285567995
7637.1095081984
8171.967872768
6807.3680823296
8119.217937203201
7692.400411648
8798.6496406016
8821.2334354432
10305.331838003201
9426.1453110784
9161.8384313856
9858.0109192192
10470.6538331136
7858.370502809601
11233.82240768
8623.9374322688
8405.7105965056
6681.586419097601
7777.966445260799
4420.1238493747205
3837.8450719232
4872.6310519296
6528.2867952128
4592.3513156198405
13131.665109964799
6643.4812394496
4348.66217306624
9867.3996291584
10939.3758393344
9142.5947826176
8592.9084877824
5459.5767026176
1952.3345497190398
2097.70298477056
3372.4496089395197
4309.72758249984
6992.0191616512
6755.9193239552
4190.601565834239
2992.5629160038397
4733.01970149376
7146.1987096576
7109.6102127615995
6593.9871328768
5897.1642285056
7499.5357162496
6792.953776332801
6649.874195456
7243.0201531392
4352.0716083916805
8786.007646208
9129.837882624
6941.3738124288
8504.3031394304
3525.7549719398403
7508.348041216
7228.2568924160005
7899.1980605952
6018.9846445568
5620.5717664256
7287.0317062655995
5329.9088614912
2938.22709536768
4832.40437054464
6954.453019136
8227.7913704448
7085.3791634944
6656.6799028223995
5830.9907692544
4503.9442786048
6289.8589621248
7101.981706496
7951.2893096448
7829.6130651136
9341.0973834752
7521.187283711999
8327.1198117888
3415.87010651136
1992.4197167155198
2520.22735325696
4576.0768
2387.66862458368
3851.617859328
2790.59431597568
3445.2820220159997
3945.03570646016
4562.77546134528
4975.0205178470405
5746.9570802687995
5714.8851841024
7301.6589473792
7020.8968067072
7633.0806557184
7132.5958466048
8297.1020468736
7472.0943372288
9215.2543043072
8862.1950466048
8547.00078592
9287.2073846272
9665.3615146496
6380.695081983999
8603.9510672896
9731.8928925696
9822.144083199999
10795.3130212864
10549.150476185601
9602.059770112
9154.758834944001
10516.8397189632
9317.2197966336
11789.739746816002
9005.7788235264
8140.606127360001
9690.5123875328
8900.2765318144
7695.275577088
7557.3545038336
7295.1225612288
7205.155229337601
6037.23237376
6181.5757410816
9799.7569924608
8868.755307264
6279.6313790464
6271.181561344
7163.6884210688
8047.233910425601
7337.93413888
7309.7114551296
4906.05359223296
4887.750085248
4220.22570842112
4381.14177001984
3416.19924528128
3167.13943502848
3904.0912570368
4880.51292978176
5318.3464951808
5215.6421158912
5849.812331776
5453.0445608448
5273.587527424001
5640.1295910399995
6166.230273126401
5379.6641293312
4731.32492429312
3136.93409713664
2540.57321012224
3353.68126984192
5432.6057315328
4574.182400000001
2792.3426237235203
2186.36164146688
3212.2574834432
3292.3720428083197
3328.63235059712
3363.38000903168
2617.4888293836802
2494.97581016064
2074.8483392204803
1692.10376313344
1568.9553229619198
2209.87961497088
3338.25887557632
3684.76052493312
2919.168
2404.36226566656
2764.2230985932797
2451.55105485312
2002.2877348044801
1973.56044543488
1461.09173590016
2094.9053172070403
2419.55310344704
2939.65758288896
2111.9941950105604
3001.9262745088004
3920.17584749056
6512.925767424
4954.94075623424
2206.29285873152
3501.37379310592
