2244.49282902016
1455.65334197248
978.142291815424
1490.223104
1667.40657425408
2021.23596580864
2759.1705221632
2743.42599555072
2774.0661258752
3052.06455491584
3175.17219672064
4520.0686043136
4526.21884745728
4031.76106667008
3313.6466440704
3377.6748936192
3545.28372960256
3382.35155890176
2975.68595951616
3143.81732944896
3632.93257143296
3674.7654474752
2647.98351091712
2396.72632797184
1659.13212512256
1497.34083950592
1657.28659039232
1460.80437784576
1278.57489400832
1476.66801465344
1243.61335337984
1295.48065901568
721.627428571136
564.212980470784
749.392533102592
699.477036300288
1015.035730239488
1352.11872206848
685.771236640768
1755.37148432384
2504.35117623296
2418.10494992384
2323.75329032192
2191.22510179328
2434.69326027776
2624.44373332992
2776.67766726656
2887.88062041088
3198.03529186304
2944.61925691392
2647.48088889344
2598.05010038784
2604.87429204992
2725.58867692544
2683.6727741952
2696.55783360512
2868.91950891008
2924.77866667008
2511.11225806848
2459.84754871296
2483.42855535616
2492.81478547456
2562.52379797504
2513.84011347968
2531.45212121088
2278.2446818816
3201.91840285696
3351.92663414784
3373.24143259648
3385.08671356928
3523.04816387072
3522.7145660416
2838.2448663552
2798.5287901184
2381.987224064
2258.72307871744
2305.64967339008
2491.88409331712
2533.04360209408
2440.00189703168
2267.86742856704
2185.23954023424
2268.16516302848
2390.2257951232
2473.2324403712
2414.76823738368
2232.65891253248
2464.9927804928
2781.27570149376
3418.29508524032
3611.452347392
2938.0699391488
2847.40916825088
2900.18207665152
3345.48023236608
4214.027414016
4211.410006784
4517.2568942592
4641.34546885632
4362.3328564224
3606.79056410624
3543.63106835456
3232.54873288704
3230.05957752832
3419.4001085952
3427.3640758784
3387.28529057792
3358.33808858112
3296.70803603456
3104.49970306048
2567.3906086912
3247.20254393344
3723.8460631552
3662.40753972224
3616.44986407936
3279.46019784704
2851.24989830144
2960.58191596544
3047.97013332992
2997.97679279104
2989.1319204352
2344.343611648
2546.74604988416
2974.94828025856
3074.80943589376
4107.76409302016
4116.20098093056
3451.56266667008
3375.72815238144
3444.86268041216
3148.96528386048
3145.84277407744
3243.16205309952
3574.62898080768
3651.123338752
3999.73967019008
4000.79725714432
4946.98101204992
5005.57042271232
4487.31304249344
3397.99129824256
3333.10098673664
3185.45024254976
3306.227753984
3530.56707900416
3670.53687861248
4045.01787234304
4077.21532325888
3721.49079493632
3731.24340484096
3106.0186870272
2942.1019314688
2972.49129411584
3067.41517694976
3114.01503030272
3157.08307158016
2790.88339113984
2820.54681760768
3390.43688798208
3401.94403375104
3835.37567536128
3834.46281481216
3673.73963636736
3667.38437305344
4163.09169230848
4465.55022222336
4092.79026900992
2982.37184521216
2691.71631460352
2383.872
2446.2231025152
2334.60685082624
2213.0983717376
2963.03313359872
2993.39129263104
3128.47597350912
3123.06401609728
3158.61942856704
3300.68827654144
3409.559139584
3358.9184845824
3347.73619900416
3403.95408695296
3490.90175369216
2938.41433995264
2252.0299073536
1843.2625343488
1943.10555017216
1987.51863829504
1564.9927308288
1866.67219022848
1949.22033548288
1974.2401245184
1947.53547252736
1971.39634217984
1777.26941152256
1723.87353550848
1504.01085636608
2039.53891971072
2283.49917288448
2460.17797659648
3294.77421176832
3258.7255873024
3160.88809562112
3057.95657143296
2817.2436945408
2708.14455172096
2683.88856281088
3148.44681995264
3115.61995218944
2866.83015801856
2775.413722624
2600.30495568896
3018.45762628608
3317.93644307456
3123.90363148288
3017.2994249216
2994.50974815232
3005.57212903424
3039.18657301504
3083.50698305536
3135.21316017152
3191.93554448384
2788.44976884736
2621.98613332992
2534.87472796672
2344.08670188544
2185.98250292224
2279.56580998144
2528.24254598144
2664.10666667008
2766.27326482432
2473.55502702592
2167.98870588416
2031.41780644864
2161.87580171264
2315.41830136832
2568.14089126912
2447.7230234112
2418.13072108544
2435.05088659456
2355.33052504064
2221.44663108608
2088.7168
2684.64386306048
2684.76935211008
2702.38946185216
2763.20978823168
2784.49137917952
2530.61158935552
2854.90492573696
3586.1493861376
3646.47729869824
4026.43862069248
3956.04348041216
3463.40894117888
3234.78749464576
2949.8820465152
2257.652585984
2288.7101369856
2398.98530683904
2217.62496790528
2230.08506288128
2780.26698507264
3048.10975565824
3142.65259800576
11222.464145100801
7278.2667098624
4890.71145907712
7451.115519999999
8337.0328712704
10106.1798290432
13795.852610816
13717.1299777536
13870.330629376002
15260.3227745792
15875.8609836032
22600.343021568002
22631.0942372864
20158.8053333504
16568.233220351998
16888.374468096
17726.4186480128
16911.7577945088
14878.4297975808
15719.086647244801
18164.6628571648
18373.827237375997
13239.9175545856
11983.631639859199
8295.6606256128
7486.7041975296
8286.4329519616
7304.021889228799
6392.874470041599
7383.3400732672
6218.0667668992
6477.4032950784
3608.13714285568
2821.06490235392
3746.96266551296
3497.38518150144
5075.17865119744
6760.593610342401
3428.8561832038404
8776.8574216192
12521.7558811648
12090.5247496192
11618.7664516096
10956.1255089664
12173.4663013888
13122.218666649602
13883.3883363328
14439.4031020544
15990.1764593152
14723.0962845696
13237.4044444672
12990.2505019392
13024.3714602496
13627.943384627199
13418.363870976
13482.7891680256
14344.5975445504
14623.8933333504
12555.5612903424
12299.2377435648
12417.1427767808
12464.0739273728
12812.6189898752
12569.2005673984
12657.260606054399
11391.223409408001
16009.592014284799
16759.633170739202
16866.2071629824
16925.4335678464
17615.2408193536
17613.572830208
14191.224331776
13992.643950592
11909.93612032
11293.615393587199
11528.2483669504
12459.4204665856
12665.2180104704
12200.0094851584
11339.3371428352
10926.1977011712
11340.8258151424
11951.128975616
12366.162201856001
12073.8411869184
11163.294562662399
12324.963902464002
13906.3785074688
17091.4754262016
18057.261736959998
14690.349695744
14237.045841254401
14500.9103832576
16727.4011618304
21070.13707008
21057.05003392
22586.284471296
23206.7273442816
21811.664282112
18033.952820531198
17718.1553417728
16162.7436644352
16150.2978876416
17097.000542976
17136.820379392
16936.426452889602
16791.690442905598
16483.5401801728
15522.498515302399
12836.953043456
16236.0127196672
18619.230315776
18312.0376986112
18082.2493203968
16397.3009892352
14256.249491507202
14802.909579827201
15239.8506666496
14989.8839639552
14945.659602176
11721.718058240001
12733.730249420802
14874.741401292798
15374.0471794688
20538.820465100798
20581.0049046528
17257.8133333504
16878.640761907198
17224.3134020608
15744.8264193024
15729.2138703872
16215.810265497601
17873.1449040384
18255.61669376
19998.6983509504
20003.9862857216
24734.9050602496
25027.8521135616
22436.565212467198
16989.9564912128
16665.5049336832
15927.251212748799
16531.138769920002
17652.8353950208
18352.6843930624
20225.0893617152
20386.0766162944
18607.4539746816
18656.2170242048
15530.093435136001
14710.509657344
14862.4564705792
15337.0758847488
15570.0751515136
15785.4153579008
13954.4169556992
14102.7340880384
16952.1844399104
17009.7201687552
19176.878376806402
19172.3140740608
18368.6981818368
18336.9218652672
20815.4584615424
22327.7511111168
20463.9513450496
14911.859226060802
13458.5815730176
11919.359999999999
12231.115512576
11673.0342541312
11065.491858688
14815.165667993599
14966.9564631552
15642.379867545602
15615.3200804864
15793.097142835199
16503.4413827072
17047.795697920003
16794.592422912
16738.6809950208
17019.7704347648
17454.5087684608
14692.0716997632
11260.149536768
9216.312671744
9715.5277508608
9937.5931914752
7824.9636541439995
9333.3609511424
9746.101677414401
9871.200622592001
9737.677362636801
9856.981710899201
8886.3470576128
8619.3676775424
7520.054281830399
10197.6945985536
11417.495864422399
12300.889882982401
16473.8710588416
16293.627936512
15804.4404781056
15289.7828571648
14086.218472704
13540.7227586048
13419.4428140544
15742.2340997632
15578.0997609472
14334.150790092799
13877.06861312
13001.5247784448
15092.2881314304
16589.6822153728
15619.5181574144
15086.497124607999
14972.548740761598
15027.8606451712
15195.9328650752
15417.5349152768
15676.0658008576
15959.677722419201
13942.2488442368
13109.9306666496
12674.3736398336
11720.433509427201
10929.912514611202
11397.829049907199
12641.2127299072
13320.533333350399
13831.3663241216
12367.7751351296
10839.9435294208
10157.0890322432
10809.3790085632
11577.0915068416
12840.7044563456
12238.615117055999
12090.6536054272
12175.254432972799
11776.652625203202
11107.2331554304
10443.584
13423.219315302398
13423.846760550401
13511.947309260799
13816.048941158399
13922.456895897601
12653.0579467776
14274.524628684801
17930.746930687998
18232.386493491198
20132.1931034624
19780.2174020608
17317.0447058944
16173.9374732288
14749.410232576
11288.26292992
11443.550684928
11994.9265341952
11088.1248395264
11150.4253144064
13901.3349253632
15240.548778291199
15713.2629900288
