1042.35608424448
992.96640353792
1282.8844060672
1510.36125405184
2118.3404276736
2060.8680435712
2025.7201302016
2032.67041584128
1891.25843146752
2158.06744414208
2491.13188424704
2673.5724936192
2033.35212182528
2007.51588381696
2234.34459428864
2292.42916967424
1949.90605128704
2380.1733192192
1783.96706796544
1614.26548502528
1502.81975254016
1279.69474254848
1364.20297863168
1226.966070784
1088.87412979712
1085.3208769536
1655.39254856704
1613.19044603904
1332.82987350016
1162.5965912064
1140.69362758656
1283.4359008256
1468.7740982272
1336.7425571328
1460.24126813184
1468.3176617984
1570.97000224768
1623.4418802688
1577.80078155776
1616.44368770048
1512.79586603008
1168.9179529728
779.192558139392
957.317441465344
519.876001462272
1005.10611063808
1007.243878001664
931.574393679872
664.402958251008
808.891066232832
745.69632860672
668.217453822976
597.894353840128
895.329192672256
1181.10177106944
1359.3667368448
1583.39273442304
1637.19388920832
1644.60169014272
1745.8426642432
2102.784
1783.52510034944
1647.33672727552
987.329961003008
1037.73813664768
2040.01476923392
2360.41553744896
1945.89723186176
1723.02260226048
1424.16967441408
1203.48401017856
1233.72602643456
647.97384113664
480.256
882.463233426432
1808.03270944768
1898.15569788928
1539.1752852992
1254.48053933056
1553.16903277568
1522.78868105216
1590.92753137664
2183.75124919296
1578.93540709376
1843.298023936
1185.39970284544
1508.64971245568
1670.49097521152
1594.39976042496
1442.28064561152
1956.20335483904
2581.94024955904
3050.79553741824
2680.68359419904
2488.45906172928
2496.61246792704
2250.66295652352
2325.3686345216
2936.95097095168
2474.06592
2218.68820189184
2037.45891121152
1552.85745069056
1886.32088188928
1973.07421410304
2226.5798309888
2053.77321993216
1752.70929440768
1943.87565471744
2311.96888455168
2486.31511578624
2483.4605056
2452.44628076544
1752.00360681472
2200.85279763456
2282.85777245184
2042.16988164096
2184.8635534848
2370.07711036416
2455.90718819328
2452.50734717952
2615.17031047168
2680.46541288448
2085.12
2322.85846004736
3140.15744
2678.44992908288
2562.52379797504
2496.13701408768
1965.59811764224
2341.09281103872
2427.40030270464
2586.89867293696
2384.78092745728
2208.63034754048
2419.27987724288
2150.14056045568
2328.54115689472
2885.02877090816
2874.81216697344
2901.65549063168
3133.61364588544
3051.96470856704
2879.82933332992
2421.11643343872
2243.82643109888
2175.86082975744
2661.8506351104
2597.15346996224
2573.5783866368
2739.98954882048
2861.86278788096
1991.42273891328
1943.6294341632
2097.19379592192
2235.66097695744
2807.10945736704
2457.35311780864
2742.5115518976
2323.51797117952
2397.10979709952
2535.44071836672
2551.55636859904
2597.45021650944
2652.13804594176
3038.11732180992
3062.87586871296
2461.08332100608
2851.9375238144
3208.86379618304
3185.63562720256
3195.18971644928
3058.86845010944
2103.0723678208
1825.23859306496
6082.40178540544
6016.1349457408
2690.23099619328
2111.81477408768
2247.3263107072
2367.93321739264
2381.92911858688
2404.8412832768
2674.1624754688
2778.91794572288
3016.4050219008
2708.04551775232
2680.46541288448
2653.78909090816
2610.45045986304
2264.53661538304
2573.5021465088
2742.59303783424
2665.04854135808
2957.09451327488
3160.69327374336
2326.78267357184
1973.84548653056
1892.21330925568
2092.02563975168
2979.33364409344
805.915994244096
1595.59361657856
1809.31108780032
2567.29579254784
2440.13233385472
2483.3578498048
2907.95185480704
3128.09048275968
3272.05275314176
3460.50615803904
3528.83229698048
3980.99785250816
4129.18220224512
4100.11157414912
4194.72626803712
4254.12036035584
4069.71962416128
4106.78726170624
3814.84903944192
3524.00798062592
3648.53521411072
3833.05080341504
3691.140824832
3212.19416732672
3557.0016344064
4197.18227026944
4164.93602228224
3495.33424197632
3449.89271712768
3397.7012560384
3372.85366747136
3478.2531496448
3704.57863917568
5211.63740689408
5247.7068215808
4761.2827042304
4460.45523219456
3762.823568128
1873.33447166976
8191.9052947968
8126.50689005568
8227.10176744448
7509.99298876416
3401.7747579904
3529.97451851776
4103.01814634496
4096.61916278784
4528.13454313472
4527.55678911488
3487.32057383936
2754.38089734144
2902.1059638272
2267.31495145472
2441.07008651264
2707.0322758656
3207.31583863808
3211.264
3082.18657391616
3108.38772092928
2906.3224109568
2198.624509184
1060.20437415936
4859.42316521472
4899.14368
1800.07313416192
5211.7804212224
4964.8320176895995
6414.422030336
7551.8062702592
10591.702138368
10304.340217855999
10128.600651008
10163.3520792064
9456.2921573376
10790.3372207104
12455.6594212352
13367.862468096
10166.760609126399
10037.5794190848
11171.7229714432
11462.1458483712
9749.5302564352
11900.866596096
8919.835339827201
8071.3274251264
7514.0987627008
6398.4737127424
6821.0148931584
6134.830353920001
5444.3706489856
5426.604384767999
8276.9627428352
8065.952230195199
6664.1493675008
5812.982956032
5703.4681379328
6417.179504127999
7343.870491136
6683.712785664
7301.2063406592
7341.588308992
7854.8500112384
8117.209401344
7889.0039077888005
8082.2184385024
7563.9793301504005
5844.589764864
3895.96279069696
4786.58720732672
2599.3800073113603
5025.5305531904005
5036.21939000832
4657.8719683993595
3322.01479125504
4044.4553311641603
3728.4816430336004
3341.08726911488
2989.47176920064
4476.64596336128
5905.5088553472
6796.8336842240005
7916.9636721152
8185.969446041599
8223.0084507136
8729.213321216
10513.92
8917.6255017472
8236.6836363776
4936.649805015039
5188.6906832384
10200.0738461696
11802.0776872448
9729.4861593088
8615.1130113024
7120.8483720704
6017.420050892801
6168.630132172801
3239.8692056831997
2401.2799999999997
4412.3161671321595
9040.1635472384
9490.7784894464
7695.876426495999
6272.4026966528
7765.845163878401
7613.943405260799
7954.6376568832
10918.7562459648
7894.6770354688
9216.49011968
5926.9985142272
7543.2485622784
8352.4548760576
7971.9988021248
7211.403228057599
9781.0167741952
12909.7012477952
15253.977687091201
13403.417970995199
12442.2953086464
12483.0623396352
11253.3147826176
11626.843172608002
14684.754854758401
12370.329600000001
11093.4410094592
10187.2945560576
7764.2872534528
9431.6044094464
9865.3710705152
11132.899154944
10268.8660996608
8763.5464720384
9719.378273587201
11559.844422758399
12431.575578931199
12417.302528
12262.2314038272
8760.018034073599
11004.2639881728
11414.2888622592
10210.8494082048
10924.317767424
11850.3855518208
12279.5359409664
12262.5367358976
13075.8515523584
13402.3270644224
10425.599999999999
11614.2923002368
15700.787199999999
13392.249645414398
12812.6189898752
12480.685070438401
9827.9905882112
11705.464055193599
12137.0015135232
12934.4933646848
11923.9046372864
11043.151737702401
12096.3993862144
10750.7028022784
11642.705784473601
14425.1438545408
14374.0608348672
14508.2774531584
15668.0682294272
15259.8235428352
14399.146666649598
12105.5821671936
11219.1321554944
10879.3041487872
13309.253175552001
12985.767349811198
12867.891933184
13699.947744102401
14309.3139394048
9957.1136945664
9718.147170815999
10485.968979609599
11178.304884787201
14035.547286835199
12286.7655890432
13712.557759488
11617.5898558976
11985.5489854976
12677.2035918336
12757.7818429952
12987.2510825472
13260.6902297088
15190.586609049602
15314.379343564799
12305.416605030401
14259.687619072
16044.318980915199
15928.1781360128
15975.9485822464
15294.342250547199
10515.361839104
9126.1929653248
30412.0089270272
30080.674728703998
13451.154980966401
10559.073870438398
11236.631553535999
11839.6660869632
11909.645592934401
12024.206416384
13370.812377344
13894.5897286144
15082.025109504
13540.2275887616
13402.3270644224
13268.945454540799
13052.252299315202
11322.6830769152
12867.510732543999
13712.9651891712
13325.2427067904
14785.4725663744
15803.4663687168
11633.9133678592
9869.2274326528
9461.0665462784
10460.1281987584
14896.6682204672
4029.5799712204803
7977.968082892799
9046.5554390016
12836.4789627392
12200.661669273599
12416.789249024001
14539.759274035201
15640.4524137984
16360.263765708802
17302.5307901952
17644.1614849024
19904.9892625408
20645.9110112256
20500.5578707456
20973.6313401856
21270.601801779198
20348.5981208064
20533.9363085312
19074.2451972096
17620.0399031296
18242.6760705536
19165.2540170752
18455.704124159998
16060.970836633602
17785.008172032
20985.9113513472
20824.6801114112
17476.6712098816
17249.4635856384
16988.506280192
16864.2683373568
17391.265748224
18522.8931958784
26058.1870344704
26238.534107904
23806.413521151997
22302.2761609728
18814.11784064
9366.6723583488
40959.526473984
40632.5344502784
41135.5088372224
37549.9649438208
17008.873789952
17649.8725925888
20515.0907317248
20483.0958139392
22640.6727156736
22637.783945574403
17436.6028691968
13771.904486707199
14510.529819136
11336.5747572736
12205.3504325632
13535.161379328
16036.5791931904
16056.32
15410.9328695808
15541.9386046464
14531.612054784
10993.12254592
5301.0218707968
24297.1158260736
24495.7184
9000.3656708096
