860.115865137152
510.015963657216
811.988135894016
1356.392388352
785.576974926848
640.229057190912
1189.19663693824
1399.77076363264
1165.02630249472
1154.53462390784
1202.08225911808
1280.9164852224
1140.413859072
724.63004692992
937.112771719168
1247.54986247168
1196.63785995264
1258.91629850624
1129.02370506752
1310.24221628416
1215.49947124736
1525.71037156352
920.862906605568
849.438049002496
963.774874560512
1035.88277295104
1438.39968222208
1365.19617655808
1545.68664067072
1695.60617455616
2029.4549202432
1461.60700235776
1253.32106621952
868.472618404864
590.469193317376
711.50648457216
765.300312738816
1165.87943949312
1411.9612102144
1224.7770243072
1370.20297291776
1288.3043902464
1488.35438016512
1398.03091500032
1250.53725945856
1435.86587234304
1243.72020512768
826.0720980736
1030.66981650432
1308.14516593664
1159.65702813696
1250.7341561344
1565.81888
1554.06371930112
1302.44784344064
817.09834503168
1957.84371892224
1618.32133718016
1583.27755932672
1757.0339633664
1404.64299005952
1127.34758208512
1278.03453903872
1547.82295196672
1561.45644859392
1985.13717895168
2225.86892689408
1450.43791029248
1176.49192421376
981.25601747968
587.904556867584
1336.78189976576
695.145751693312
708.693981241344
1083.4620410368
889.996572085248
1139.23759927296
1484.96892678144
1783.0884324352
1463.0881347072
1585.52529338368
1027.65318919168
1227.98750864384
1195.11289755648
1143.50937858048
1070.75907367936
1262.58652406784
1370.36886779904
1051.314369536
887.796941684736
423.701687335936
348.357017796608
311.543552622592
344.302898034688
497.2314128896
962.330624
957.138637904896
946.3367291136
831.24507809792
1230.00436363264
1000.461109530624
1132.47109385216
1160.33643106304
1286.81872157696
1081.0978884096
1295.79645901824
1291.25695950848
1449.4235814912
1688.27954786304
1818.23639898112
2062.88153711616
1876.85951149056
1568.80432816128
1749.71040837632
2027.18005986304
1783.56607251456
1738.74670800896
1832.55785695232
1499.79482750976
1336.44748594176
1209.20991368192
1283.2633764352
1090.40292038656
1173.534874368
1435.06438892544
1204.66397954048
941.799102244864
1287.7657665024
1243.68931930112
1272.95878094848
1225.48179639296
1382.81464511488
1271.0195791872
1176.49192421376
1088.25889499136
594.182432160768
478.114909090816
649.682632911872
590.095137225728
478.123001508864
494.726702426112
360.154506162176
356.537933244416
392.27945513472
526.258820996096
481.7927769344
348.916430373888
379.836271320064
375.956231201792
477.136877876224
516.192131938304
624.612910053376
707.983915936768
650.704398078976
955.93019534848
746.366818461696
662.914636155904
538.699031831552
567.964691913728
464.16852964864
792.812826842112
1320.26137300992
1440.47401926656
1246.13588731904
1211.081219584
1389.9686956544
1223.54394405888
1397.27535878144
1160.1101791744
1036.6082633728
1646.74133332992
1142.0644324352
537.986198656
859.001389671424
1178.0123148288
1101.16520280064
1054.45843478528
769.892004353024
655.605076998144
793.807855087616
643.167014761472
423.071346117632
1111.38564037632
1037.55937921024
889.773860962304
884.424800428032
1038.56942795776
1458.59091948544
1279.63528767488
1352.13607328768
614.111624511488
1118.16858622976
4300.57932568576
2550.07981828608
4059.94067947008
6781.96194176
3927.88487463424
3201.14528595456
5945.9831846912
6998.853818163199
5825.1315124736
5772.673119539199
6010.4112955904
6404.582426112001
5702.069295359999
3623.1502346496
4685.56385859584
6237.7493123584
5983.189299763199
6294.581492531201
5645.118525337601
6551.211081420799
6077.4973562367995
7628.551857817601
4604.31453302784
4247.19024501248
4818.87437280256
5179.413864755199
7191.9984111103995
6825.9808827904
7728.433203353599
8478.0308727808
10147.274601215999
7308.035011788799
6266.605331097599
4342.3630920243195
2952.3459665868804
3557.5324228608
3826.5015636940802
5829.3971974656
7059.806051072
6123.885121536
6851.0148645888
6441.521951232
7441.771900825599
6990.154575001599
6252.686297292799
7179.3293617152
6218.6010256384
4130.360490368001
5153.3490825215995
6540.725829683201
5798.2851406848
6253.670780672001
7829.0944
7770.3185965056
6512.2392172032005
4085.4917251583997
9789.2185946112
8091.606685900801
7916.3877966335995
8785.169816832
7023.214950297599
5636.7379104256
6390.1726951936
7739.1147598336
7807.2822429696
9925.6858947584
11129.344634470399
7252.189551462399
5882.4596210688005
4906.280087398401
2939.52278433792
6683.9094988288
3475.72875846656
3543.4699062067198
5417.310205184
4449.98286042624
5696.187996364801
7424.8446339072
8915.442162176001
7315.440673536
7927.6264669184
5138.2659459584
6139.937543219201
5975.5644877824
5717.5468929024
5353.7953683968
6312.932620339199
6851.844338995199
5256.571847679999
4438.98470842368
2118.50843667968
1741.78508898304
1557.71776311296
1721.51449017344
2486.157064448
4811.65312
4785.69318952448
4731.6836455679995
4156.2253904896
6150.0218181632
5002.30554765312
5662.3554692608
5801.6821553152
6434.093607884799
5405.4894420480005
6478.9822950912
6456.284797542399
7247.117907456
8441.3977393152
9091.181994905599
10314.4076855808
9384.297557452799
7844.0216408064
8748.5520418816
10135.9002993152
8917.8303625728
8693.7335400448
9162.7892847616
7498.974137548799
6682.237429708801
6046.0495684095995
6416.316882175999
5452.0146019328
5867.674371839999
7175.3219446272
6023.3198977024
4708.99551122432
6438.828832512
6218.4465965056
6364.7939047424
6127.4089819648
6914.073225574401
6355.097895936
5882.4596210688005
5441.2944749568
2970.9121608038404
2390.57454545408
3248.41316455936
2950.4756861286396
2390.6150075443197
2473.63351213056
1800.77253081088
1782.6896662220802
1961.3972756736002
2631.29410498048
2408.963884672
1744.58215186944
1899.18135660032
1879.78115600896
2385.68438938112
2580.96065969152
3123.0645502668804
3539.91957968384
3253.52199039488
4779.6509767423995
3731.8340923084797
3314.57318077952
2693.49515915776
2839.82345956864
2320.8426482432
3964.06413421056
6601.3068650496
7202.370096332799
6230.6794365952
6055.40609792
6949.8434782720005
6117.7197202944
6986.3767939072
5800.550895872
5183.041316864
8233.7066666496
5710.322162175999
2689.93099328
4295.006948357121
5890.061574144001
5505.8260140032
5272.292173926399
3849.4600217651205
3278.02538499072
3969.03927543808
3215.8350738073605
2115.35673058816
5556.9282018816
5187.7968960512
4448.86930481152
4422.12400214016
5192.8471397888
7292.9545974272005
6398.176438374399
6760.6803664384
3070.55812255744
5590.8429311488
