3182.70526559232
3508.352
3535.15091961856
3889.79348492288
3893.82806936576
3184.97788552192
3209.80868767744
3233.06633070592
3319.59377405952
3535.76228571136
4233.56292895744
4569.37844363264
4161.77005714432
3107.99568308224
3491.16342856704
4044.6043312128
4023.61566137344
4102.00082674688
4071.99131301888
3080.94098285568
3076.66123251712
4106.15095652352
4125.08995918848
3690.00934653952
3268.7871491072
3025.81142619136
2962.10323108864
3169.37769611264
3158.8320910848
3143.31670955008
3235.21909046272
4240.156832768
4247.7614545408
3899.75307988992
3857.11836080128
3731.1626525184
3722.69753191424
3057.08679749632
2840.66504347648
3523.0182937088
3542.56959104
4483.43596817408
4460.45523219456
3518.60184614912
3159.69080889344
3135.39738052608
3148.40327788544
2818.84761752576
2744.92556878848
2600.3095008768
2554.35342043136
2544.02637428736
2581.02013187072
2460.60088889344
2446.87811764224
3191.10029343744
3392.98443090944
3820.11907482624
3860.05685950464
3533.48266667008
3429.783611648
4017.6748936192
4125.03830894592
4027.8574545408
3908.20678362112
2876.76658982912
3461.03318689792
4561.9582406656
4518.87059837952
2884.93471520768
3206.5709559296
3784.53794594816
3732.72203636736
3598.10844444672
2584.0481305088
2009.70691569664
6129.6540097536
6115.57813740544
3674.51641519104
2376.96233435136
2442.31876923392
2391.3942138368
2388.5987115008
2910.8690376192
2946.25503824896
3274.75612071936
3267.87100346368
3313.59685245952
3335.04200446976
3971.49742995456
3998.39367032832
4186.32508670976
4191.27985046528
3512.03483544576
4243.47755789312
3824.29077456896
3730.82868468736
3568.52513603584
3469.63325490176
2940.31603395584
2694.72858237952
2728.5268460032
2988.45831836672
3430.49286873088
3539.51955035136
3644.66093371392
3380.51072
3118.45679653888
3049.45493332992
3038.16423931904
3431.47606779904
3411.34684834816
3337.409207552
3358.740582912
2898.78860700672
3093.2028235264
3560.2908783104
3594.99232653312
3719.96354855936
3656.87279120384
3648.9844414976
2886.06444621824
1447.31315464192
2699.80855491584
2628.33025753088
2415.50572307456
2586.72219177984
2698.82825532416
2625.56634074112
2590.3231007744
3665.85807343616
3665.86984489984
3701.79103030272
4129.3127881728
4431.79115789312
4309.51449658368
4195.59262921728
4161.4806486528
3573.79690090496
3591.88549659648
3983.2494395904
3963.97183596544
4172.608
4219.28483721216
4000.10541176832
3883.80966361088
3647.30628297728
3373.89568
3576.61524087808
3964.44611764224
3940.80821307392
3348.9883687936
3340.9819504128
3532.61558293504
3558.87432034304
3507.02480963584
3473.54551559168
3916.74186899456
3871.40584185856
2843.95321339904
2630.62546322432
4969.463808
4951.03321853952
4566.48505806848
4244.72094117888
4077.24150724608
3534.68250505216
3633.60936972288
4202.85529824256
4221.71745251328
4258.24021549056
4246.87276382208
4275.15442136064
4343.4372937728
4050.88565241856
3560.80305527808
3767.38547572736
4422.0672
4441.1254219264
4542.61385365504
4579.4264024064
4456.25811920896
4376.5123975168
4374.40158024704
3549.60452267008
3554.81710107648
3724.43278148608
3743.71669332992
3336.192
2842.49050074112
4095.85753043968
4071.82145552384
3548.1098741248
2905.33980327936
2931.1550877184
2321.87727496192
2190.58076097536
2359.296
2748.36228196352
2897.34303655936
3295.952724736
2979.3171063808
2768.08600449024
2977.04657411072
3040.34837619712
2565.37091390464
1023.27285993472
1831.17882514432
1447.09270588416
2010.335753216
1962.91462132736
2017.14419098624
2041.69178819584
2041.6512
2182.85292307456
2418.35630312448
2580.36808742912
2880.70415202304
2911.648
2605.70512836608
2636.62191304704
2652.8726739968
2317.65862532096
2374.75679314944
2496.16326934528
3135.55594312704
3161.23651908608
3585.64036451328
3547.89565915136
2891.22895492096
2802.08828685312
2755.38242520064
2428.43213266944
1996.35626667008
1701.99870270464
1758.96709874688
1827.30309189632
2377.43735973888
2609.15930124288
2703.15753612288
2952.4992
1847.8128761856
2112.03209551872
2470.94039186432
2487.44130884608
2063.53043572736
1887.50343899136
1982.04921519104
2331.09557895168
1435.92415965184
1255.11765527552
2043.44760507392
2693.32136211456
2715.50511628288
2187.77775142912
2646.20008988672
2622.64888889344
2295.83580090368
2229.25444025344
2265.4351186432
3270.31269363712
2874.0419584
2599.12987234304
2669.58756687872
2440.69657970688
2147.41982292992
15913.5263279616
17541.76
17675.754598092797
19448.9674246144
19469.140346828797
15924.8894276096
16049.0434383872
16165.3316535296
16597.9688702976
17678.8114285568
21167.8146447872
22846.892218163197
20808.8502857216
15539.978415411199
17455.8171428352
20223.021656064
20118.078306867203
20510.0041337344
20359.956565094402
15404.7049142784
15383.306162585599
20530.7547826176
20625.4497959424
18450.0467326976
16343.935745536
15129.0571309568
14810.5161554432
15846.8884805632
15794.160455424
15716.583547750399
16176.0954523136
21200.78416384
21238.807272703998
19498.7653994496
19285.5918040064
18655.813262592
18613.487659571198
15285.4339874816
14203.3252173824
17615.091468544
17712.8479552
22417.179840870398
22302.2761609728
17593.0092307456
15798.4540444672
15676.986902630399
15742.0163894272
14094.2380876288
13724.6278439424
13001.547504384
12771.7671021568
12720.131871436799
12905.1006593536
12303.004444467198
12234.3905882112
15955.501467187201
16964.9221545472
19100.5953741312
19300.2842975232
17667.4133333504
17148.91805824
20088.374468096
20625.1915447296
20139.287272704
19541.0339181056
14383.8329491456
17305.1659344896
22809.791203328
22594.3529918976
14424.6735760384
16032.854779648002
18922.6897297408
18663.6101818368
17990.542222233602
12920.240652544
10048.534578483199
30648.270048767998
30577.890687027204
18372.5820759552
11884.8116717568
12211.5938461696
11956.971069184001
11942.993557504
14554.345188095998
14731.2751912448
16373.780603596799
16339.355017318401
16567.9842622976
16675.210022348798
19857.4871497728
19991.968351641597
20931.6254335488
20956.399252326402
17560.1741772288
21217.387789465603
19121.4538728448
18654.1434234368
17842.6256801792
17348.1662745088
14701.5801697792
13473.642911897601
13642.634230016
14942.2915918336
17152.4643436544
17697.5977517568
18223.3046685696
16902.5536
15592.2839826944
15247.2746666496
15190.8211965952
17157.3803389952
17056.7342417408
16687.046037760003
16793.70291456
14493.9430350336
15466.014117632001
17801.454391552
17974.9616326656
18599.8177427968
18284.3639560192
18244.922207488
14430.322231091199
7236.5657732096
13499.0427745792
13141.6512876544
12077.528615372801
12933.6109588992
13494.141276620801
13127.831703705599
12951.615503871999
18329.290367180798
18329.349224499198
18508.9551515136
20646.563940863998
22158.9557894656
21547.5724829184
20977.9631460864
20807.403243263998
17868.9845045248
17959.4274829824
19916.247197952
19819.8591798272
20863.04
21096.424186060798
20000.527058841602
19419.0483180544
18236.531414886398
16869.4784
17883.0762043904
19822.2305882112
19704.041065369598
16744.941843968
16704.909752064
17663.0779146752
17794.3716017152
17535.1240481792
17367.7275779584
19583.709344972798
19357.0292092928
14219.7660669952
13153.1273161216
24847.319040000002
24755.1660926976
22832.4252903424
21223.6047058944
20386.2075362304
17673.4125252608
18168.0468486144
21014.2764912128
21108.587262566398
21291.201077452803
21234.3638191104
21375.7721068032
21717.186468864
20254.4282620928
17804.0152763904
18836.9273786368
22110.336000000003
22205.627109632
22713.069268275198
22897.132012031998
22281.2905960448
21882.561987584
21872.0079012352
17748.0226133504
17774.085505382398
18622.1639074304
18718.5834666496
16680.96
14212.4525037056
20479.2876521984
20359.1072776192
17740.549370624
14526.699016396798
14655.775438592
11609.386374809601
10952.903804876802
11796.48
13741.811409817601
14486.7151827968
16479.763623680003
14896.585531904
13840.4300224512
14885.2328705536
15201.7418809856
12826.8545695232
5116.3642996736
9155.8941257216
7235.4635294208
10051.67876608
9814.5731066368
10085.7209549312
10208.4589409792
10208.256
10914.264615372798
12091.781515622399
12901.8404371456
14403.5207601152
14558.240000000002
13028.5256418304
13183.1095652352
13264.363369984001
11588.2931266048
11873.7839657472
12480.816346726398
15677.779715635199
15806.1825954304
17928.2018225664
17739.478295756802
14456.1447746048
14010.441434265598
13776.912126003199
12142.1606633472
9981.7813333504
8509.9935135232
8794.835493734401
9136.5154594816
11887.1867986944
13045.7965062144
13515.787680614401
14762.496000000001
9239.064380928
10560.1604775936
12354.701959321601
12437.206544230401
10317.6521786368
9437.517194956801
9910.2460759552
11655.477894758402
7179.6207982592005
6275.588276377601
10217.2380253696
13466.6068105728
13577.5255814144
10938.8887571456
13231.000449433599
13113.2444444672
11479.1790045184
11146.2722012672
11327.175593216
16351.563468185599
14370.209792000001
12995.649361715201
13347.937834393599
12203.482898534401
10737.0991146496
