2534.1048069632
2481.04450828288
2734.9053134336
2784.88536877056
1975.46116128768
1867.59808884736
2011.17276839936
2508.75411812352
2588.52499836928
2880.03909818368
2424.85764005888
1994.56995555328
2020.53149053952
2094.42133332992
2184.41510614016
2334.56941176832
2677.68788731904
2073.05418126336
1894.31554638848
1901.81542151168
2181.70749597696
2062.04087335936
2045.15421247488
2225.02056119296
2521.77904294912
2526.76266667008
2459.19945670656
2095.63992523776
2134.23655385088
2227.23960220672
2809.351609344
1380.40661332992
1761.14491401216
2383.18243771392
2531.93880701952
2317.37779241984
2508.48435842048
2667.29430965248
1650.2600596992
2122.71748314112
1890.429512704
1803.90113127424
1989.95447514112
2181.42826825728
1832.29492783104
1857.40447706112
1920.99358415872
2271.36678009856
2536.58207210496
1989.28884379648
1855.16909002752
1831.00673741824
1832.55785695232
1814.73253777408
1833.47341046784
3697.96409843712
3177.20252632064
1712.06556097536
1577.9286486528
1580.4621812224
1816.2864370176
2083.6493241344
2265.088
2215.3216
2257.78162161664
2518.23781602304
1812.58952976384
1707.19244720128
1750.00103548928
1453.35977562112
1324.84374230016
1022.101489050624
907.067946980352
1763.07313777664
1520.17418810368
1754.79505323008
1594.64349238272
2127.86384063488
1880.09583419392
1989.87432060928
2423.67511450624
1496.97511811072
2029.41093533696
1304.3379449856
1368.43825380352
1180.24205366272
1405.37904761856
1347.52938667008
774.82524740096
794.683391009792
1357.66352238592
1321.59532847104
1232.05204396032
1160.07283065856
652.314511327232
686.665598339072
1426.36733869056
1271.43880271872
1112.90123270144
1131.18624690176
929.09400264192
1107.384708864
1229.50846011392
1440.257026048
1149.33448516608
986.503388455936
627.181951762432
394.071947483136
375.70286652928
589.250254454784
842.568142687232
860.877879090176
895.608546835456
934.810316084224
482.505616580608
779.227895758848
1084.439929088
1206.53852054528
1403.27337822208
1310.13946457088
1529.1303903744
1857.44147692544
1709.45967731712
1415.35418181632
1462.40936585216
1226.624
1188.54898504704
797.76684276736
707.487936128
1128.89081080832
1187.74827711488
1065.40701304832
1285.88530526208
1518.56973913088
1442.46735760384
1724.59148951552
1473.9779368448
1535.90806982656
1813.446656
1514.36090248192
1222.95503709184
1513.95068915712
1129.9587249664
1434.2233043456
1411.58954512384
1317.4333609984
1451.2659542016
1553.00146374656
1618.93046695936
1124.43101563904
1083.59107323904
959.771056910336
885.238283211776
1352.78019600384
1835.04457143296
3498.5944615424
2152.2562852864
1290.55235683328
1130.9133913088
994.156271269888
868.244493437952
1052.85250169856
1356.81672595456
1216.16010996736
993.600771084288
1152.0461261312
636.242850909184
1347.14312419328
1538.94701499392
1831.96951272448
1796.44509090816
1835.23926167552
2169.7696385536
2133.72939941888
1775.1071960064
1583.46325810176
1707.54985259008
1766.6186067456
1854.0620693504
1920.0738969088
2080.42154433536
2209.83571757056
2093.96284100608
1821.73022107648
2355.932205312
2347.99709090816
2430.87978523648
2642.62354823168
2653.78909090816
2413.435330816
1943.70130399232
1900.18334590976
1921.8928484864
2685.2383030272
2705.68161943552
2533.27207163904
2677.01374664704
2870.5794673664
2836.71910660096
2783.60436363264
2532.63301740544
2451.25433698304
3019.11341176832
2943.90690909184
2698.5034139648
2428.65835737088
2366.43893031936
2352.83622907904
2322.2943744
2748.75433392128
3159.2183084544
2886.00895635456
2835.20645378048
2401.94258823168
2702.57980952576
3321.53835102208
3127.20105960448
2781.59735779328
2917.34594128896
3114.01503030272
2001.9467620352
1790.4431149568
1679.65147565056
1668.04059318272
2306.8976709632
2733.89381818368
2862.5943594496
3293.41857268736
3362.49493586944
3477.60269879296
3561.13498734592
3626.2545906688
3615.66561975296
3648.16373604352
3641.86710361088
3634.187770112
3565.9395780608
3438.48935561216
3686.99840805888
4244.36078806016
4294.54429090816
3669.41564065792
3694.67755613184
4125.86034568192
4115.95951381504
4382.03733332992
4471.062963456
1982.04921519104
1990.59847190528
5995.95358558208
6010.87255272448
3812.64303158272
3670.3104836608
3677.69196850176
2760.69221295104
2787.12198816768
2828.9246441984
4158.85009836032
4074.15466667008
4150.95254658048
2571.65498181632
2993.79370667008
2755.4685112832
2712.784776704
3254.26210627584
1296.69421795328
12670.524034816
12405.222541414401
13674.526567167999
13924.4268438528
9877.3058064384
9337.9904442368
10055.8638419968
12543.770590617602
12942.624991846402
14400.195490918399
12124.288200294399
9972.8497777664
10102.6574526976
10472.106666649599
10922.0755307008
11672.8470588416
13388.4394365952
10365.2709063168
9471.5777319424
9509.0771075584
10908.5374798848
10310.2043667968
10225.7710623744
11125.1028059648
12608.8952147456
12633.8133333504
12295.997283532799
10478.1996261888
10671.1827692544
11136.1980110336
14046.758046719999
6902.0330666496
8805.7245700608
11915.9121885696
12659.6940350976
11586.8889620992
12542.4217921024
13336.4715482624
8251.300298496
10613.587415705599
9452.14756352
9019.5056563712
9949.7723757056
10907.141341286399
9161.4746391552
9287.0223853056
9604.9679207936
11356.8339004928
12682.9103605248
9946.4442189824
9275.8454501376
9155.0336870912
9162.7892847616
9073.6626888704
9167.3670523392
18489.8204921856
15886.0126316032
8560.3278048768
7889.6432432639995
7902.310906111999
9081.432185088
10418.246620672
11325.44
11076.608
11288.9081080832
12591.1890801152
9062.9476488192
8535.9622360064
8750.0051774464
7266.7988781056
6624.2187115008
5110.50744525312
4535.33973490176
8815.3656888832
7600.8709405184
8773.975266150399
7973.2174619136
10639.3192031744
9400.4791709696
9949.3716030464
12118.3755725312
7484.8755905536
10147.0546766848
6521.689724928
6842.1912690176
5901.2102683136
7026.8952380928
6737.646933350399
3874.1262370048003
3973.41695504896
6788.3176119296
6607.976642355199
6160.260219801599
5800.3641532927995
3261.5725566361602
3433.3279916953597
7131.8366934528
6357.194013593599
5564.5061635072
5655.931234508799
4645.4700132096
5536.92354432
6147.542300569599
7201.2851302399995
5746.6724258304
4932.51694227968
3135.9097588121604
1970.35973741568
1878.5143326464001
2946.25127227392
4212.8407134361605
4304.389395450879
4478.04273417728
4674.05158042112
2412.52808290304
3896.13947879424
5422.1996454400005
6032.692602726401
7016.3668911104005
6550.697322854399
7645.651951872
9287.2073846272
8547.2983865856
7076.770909081601
7312.046829260799
6133.12
5942.744925235201
3988.8342138368
3537.43968064
5644.4540540416
5938.7413855744
5327.0350652416
6429.4265263104
7592.8486956544
7212.3367880192
8622.957447577599
7369.889684224
7679.5403491328
9067.23328
7571.8045124096
6114.775185459201
7569.7534457856
5649.793624832
7171.1165217279995
7057.9477256192
6587.166804992001
7256.329771008
7765.0073187328
8094.6523347968005
5622.1550781952
5417.9553661952
4798.855284551681
4426.19141605888
6763.9009800192
9175.222857164801
17492.972307712
10761.281426431999
6452.7617841664005
5654.566956544
4970.78135634944
4341.22246718976
5264.2625084928
6784.0836297728
6080.8005498368
4968.00385542144
5760.230630656
3181.21425454592
6735.715620966401
7694.7350749696
9159.8475636224
8982.2254545408
9176.1963083776
10848.848192768
10668.6469970944
8875.535980032
7917.316290508799
8537.7492629504
8833.093033727999
9270.310346752
9600.369484544
10402.1077216768
11049.1785878528
10469.8142050304
9108.6511053824
11779.66102656
11739.9854545408
12154.3989261824
13213.117741158401
13268.945454540799
12067.176654079998
9718.5065199616
9500.9167295488
9609.464242432
13426.191515135999
13528.4080971776
12666.3603581952
13385.0687332352
14352.897336832
14183.5955330048
13918.021818163199
12663.1650870272
12256.2716849152
15095.5670588416
14719.5345454592
13492.517069824
12143.2917868544
11832.194651596801
11764.1811453952
11611.471872
13743.771669606398
15796.091542271999
14430.044781772798
14176.0322689024
12009.7129411584
13512.8990476288
16607.691755110398
15636.0052980224
13907.9867889664
14586.729706444801
15570.0751515136
10009.733810176
8952.215574784
8398.2573782528
8340.202965913599
11534.488354816001
13669.469090918401
14312.971797248
16467.092863436803
16812.4746793472
17388.013493964798
17805.6749367296
18131.272953344
18078.3280987648
18240.818680217602
18209.3355180544
18170.93885056
17829.697890304
17192.4467780608
18434.9920402944
21221.8039403008
21472.721454540802
18347.0782032896
18473.3877806592
20629.3017284096
20579.7975690752
21910.186666649603
22355.31481728
9910.2460759552
9952.992359526399
29979.7679279104
30054.362763622397
19063.2151579136
18351.552418304
18388.4598425088
13803.4610647552
13935.6099408384
14144.623220992
20794.2504918016
20370.7733333504
20754.7627329024
12858.2749090816
14968.9685333504
13777.342556415999
13563.92388352
16271.3105313792
6483.4710897664
