1284.1480768
963.667502145536
955.197164205056
1226.40891880448
1318.26273189888
1259.5718135808
1699.88350834688
1685.08655540224
1665.02185099264
1641.47306114048
1795.46237774848
1818.49359190016
1684.83856151552
1711.59667924992
1709.3346622976
1686.59463479296
1673.18671067136
1736.88323295232
1610.06447316992
1703.52187045888
1960.90818313216
2566.34434782208
2526.6176
2416.14874554368
2029.87646419968
1988.2722622976
2235.29086419968
1492.4024758784
1141.77264197632
1561.00820135936
1220.66845756416
1515.08042927104
1564.02932217856
1510.7901472768
1805.8875328512
1890.65634408448
1696.64760242176
2103.94335632384
1701.03729230848
1778.0880564736
1936.7493782528
2063.80385836032
2350.28880913408
2007.87156104192
1525.60178540544
2137.55598189568
1858.87762395136
1909.66464777216
1989.25409523712
2083.88439719936
2216.49562790912
2109.38863949824
1398.05257143296
1756.26531846144
1885.41316713472
1884.82320638976
1777.6740515328
1609.0472893952
2004.57888411648
1882.90587634688
1571.82519243776
1734.38089551872
1537.51427878912
1508.30406808576
1568.78723004416
1573.02343651328
1948.23885466624
1367.45265671168
1356.392388352
1305.48886821888
1363.0236772352
1133.82918218752
1317.4313069568
1675.5710918656
2163.96380327936
1501.43801550848
1370.31523663872
1569.3256336896
1460.19515493376
1254.2431563776
1383.44854030336
1508.85587301376
1449.5792395264
1529.64501977088
1599.89516913664
1652.33887512576
1720.24539162624
1470.03205818368
1572.53562868736
1509.8254692352
1300.63922788352
1206.05202331648
1089.83461482496
1077.47864854528
1483.46041582592
674.760126466048
662.241978678272
1109.20773886976
1278.78082023424
1268.75175385088
1158.68889621504
914.26144480768
615.529456073728
717.253748502528
371.436433521664
551.547031835648
732.981509106688
863.227705212928
938.895681847296
975.213212619776
1080.18263414784
1028.60358913024
672.238244180992
616.311088980992
1028.98987845632
1127.9208520704
1087.94660630528
983.417300767744
846.65837037056
836.644686360576
875.988315845632
946.930949019648
819.79197664256
826.667044247552
814.035251591168
861.103502742528
639.833019907072
536.909748148224
574.475617504256
703.477221052416
1252.61423468544
1005.19094795776
1173.3531867648
684.845176470528
776.96915340288
691.728286654464
983.51469007872
1137.39452632064
943.380394768384
770.81338394112
604.794704137216
515.625388592128
795.571733863424
1165.81042891776
926.564701421568
1102.43555555328
1345.9528495616
1348.21006193664
1338.78767213568
1102.58624131072
1240.51356097536
1201.54544529408
1188.99651764224
1108.37455464448
1324.89922320384
1163.40151559168
1523.10039957504
1322.91133923328
1077.47864854528
1090.27820959744
877.456636604416
862.754133332992
1019.926351978496
886.418514714624
1206.86142439424
1201.23682322432
1025.44635311104
1067.30654227456
903.442182275072
1099.18170763264
1278.76374519808
935.911052048384
768.387754667008
705.07628516352
411.656301100032
1077.71833916416
954.58967773696
887.742474278912
1088.58204560384
1009.469745257472
946.585345747968
544.854231578624
1100.9664
1016.718875179008
767.205588472832
864.082567694336
1071.6008520704
943.001685978112
1022.028183806976
478.951844233216
640.848457143296
714.253314420736
983.294015504384
1064.41878678528
1104.6336528896
873.09274074112
874.951886994432
848.982189961216
741.158705569792
491.88189558272
500.364153398272
698.82921522176
525.511208190976
998.593973568512
875.150002209792
1037.8325733376
1124.95888272384
1110.38217048064
1120.79844324352
1147.49905796096
1185.8130345472
1463.83707411456
1218.01288086528
1087.269869824
972.343862939648
911.79484145664
783.746655601664
679.046163493888
637.8963525888
802.048749267968
1013.520401114112
1081.75390589952
963.409117078528
1020.664936848384
1127.63739300864
6420.740384
4818.33751072768
4775.98582102528
6132.0445940224
6591.3136594944
6297.859067904
8499.4175417344
8425.4327770112
8325.109254963201
8207.3653057024
8977.3118887424
9092.4679595008
8424.1928075776
8557.9833962496
8546.673311488
8432.9731739648
8365.933553356801
8684.4161647616
8050.322365849599
8517.6093522944
9804.5409156608
12831.7217391104
12633.088
12080.7437277184
10149.3823209984
9941.361311488
11176.4543209984
7462.012379392
5708.863209881601
7805.0410067968005
6103.3422878208
7575.4021463552
7820.1466108928
7553.950736384
9029.437664256
9453.2817204224
8483.238012108799
10519.7167816192
8505.1864615424
8890.440282368001
9683.746891264
10319.0192918016
11751.4440456704
10039.3578052096
7628.0089270272
10687.779909478399
9294.3881197568
9548.3232388608
9946.2704761856
10419.4219859968
11082.4781395456
10546.9431974912
6990.262857164799
8781.3265923072
9427.0658356736
9424.116031948799
8888.370257663999
8045.2364469760005
10022.8944205824
9414.529381734399
7859.1259621888
8671.9044775936
7687.5713939456
7541.5203404288
7843.936150220799
7865.1171825664005
9741.1942733312
6837.2632835584
6781.96194176
6527.4443410944
6815.118386176
5669.1459109376
6587.156534784
8377.855459328
10819.8190163968
7507.1900775424
6851.576183193601
7846.628168448
7300.9757746688
6271.215781888
6917.2427015168
7544.2793650688
7247.896197632
7648.2250988544
7999.4758456832005
8261.6943756288
8601.2269581312
7350.1602909184
7862.6781434368
7549.127346176
6503.1961394176005
6030.2601165824
5449.1730741248
5387.393242726401
7417.3020791296
3373.8006323302398
3311.20989339136
5546.0386943488
6393.904101171201
6343.7587692544
5793.444481075199
4571.3072240384
3077.64728036864
3586.2687425126396
1857.18216760832
2757.73515917824
3664.90754553344
4316.13852606464
4694.47840923648
4876.06606309888
5400.9131707392
5143.0179456512
3361.1912209049597
3081.5554449049605
5144.9493922816
5639.604260352
5439.733031526401
4917.08650383872
4233.2918518527995
4183.2234318028795
4379.94157922816
4734.65474509824
4098.9598832128
4133.3352212377595
4070.1762579558404
4305.51751371264
3199.16509953536
2684.54874074112
2872.3780875212797
3517.38610526208
6263.071173427199
5025.9547397888
5866.765933824
3424.22588235264
3884.8457670144
3458.64143327232
4917.5734503936
5686.972631603199
4716.90197384192
3854.0669197056004
3023.9735206860796
2578.12694296064
3977.85866931712
5829.0521445888
4632.82350710784
5512.1777777664
6729.764247808
6741.0503096832
6693.9383606783995
5512.9312065536
6202.5678048767995
6007.727226470401
5944.9825882112
5541.8727732224
6624.4961160192
5817.0075779584
7615.5019978752
6614.5566961664
5387.393242726401
5451.3910479872
4387.28318302208
4313.77066666496
5099.63175989248
4432.09257357312
6034.3071219712
6006.1841161216
5127.2317655552
5336.5327113728
4517.21091137536
5495.908538163199
6393.8187259904
4679.55526024192
3841.9387733350404
3525.3814258176
2058.28150550016
5388.5916958208
4772.9483886848
4438.71237139456
5442.9102280192
5047.3487262873605
4732.92672873984
2724.27115789312
5504.832
5083.59437589504
3836.02794236416
4320.4128384716805
5358.004260352
4715.00842989056
5110.14091903488
2394.75922116608
3204.2422857164797
3571.26657210368
4916.47007752192
5322.0939339264
5523.168264448
4365.4637037056
4374.75943497216
4244.91094980608
3705.79352784896
2459.4094779136
2501.82076699136
3494.1460761088
2627.5560409548802
4992.969867842559
4375.75001104896
5189.162866688001
5624.7944136192
5551.9108524032
5603.992216217601
5737.4952898048
5929.065172736
7319.1853705728
6090.0644043264
5436.34934912
4861.71931469824
4558.9742072832005
3918.7332780083198
3395.23081746944
3189.4817629440004
4010.24374633984
5067.60200557056
5408.7695294976
4817.04558539264
5103.324684241919
5638.1869650432
