1402.01322606592
1836.68325562368
1704.54563721216
1354.20112439296
957.544073916416
1737.260664832
2419.4886220288
2391.84130485248
2389.70756626432
2339.76588478464
2817.2436945408
2702.32058494976
2551.40361783296
2653.4442120704
2773.12272339968
3135.8166913536
3035.78187624448
2859.23362711552
2789.3526831104
2772.0548688896
2721.6618595328
2745.39162790912
2846.89307041792
2834.15166539776
2731.22912956416
2343.66392270848
2291.88050632704
2570.0111404032
2672.07786838016
2789.82953632768
2172.74976683008
1692.59666485248
1129.3142235648
1281.09535565824
1731.846144
2302.20674304
2544.97140363264
2328.05179014144
1785.56088446976
2229.16644247552
2586.29313701888
2632.79651090432
2581.94810036224
2751.38790977536
2798.93870866432
2572.0501197824
2747.19082477568
2960.3797154816
2868.62393133056
2843.46821373952
2752.61550902272
2769.11512757248
2835.48690543616
2828.9543153664
2826.11825052672
2869.77422222336
2868.91950891008
2894.6263092736
2919.168
2729.2760853504
2798.16009504768
2888.42401529856
2967.13281870848
2953.76213332992
2983.49714285568
2611.21890461696
2603.29887536128
2550.88616241152
2235.334656
1768.06366404608
1625.3237663232
1965.30391578624
1787.805910016
1868.9821248512
2131.9266541056
1686.05444178944
1850.63191752704
2099.97571690496
2264.3275881472
2432.41246656512
2437.63101727744
2441.2948956672
2458.21178870784
2130.41864347648
1993.21505360896
2011.80938442752
2566.34434782208
2553.21357473792
2526.71826440192
2502.58742161408
2539.99179057152
2902.74244489216
2638.04084706304
1839.45249944576
1976.12925490176
1974.93225074688
1950.33901413376
1996.2777463296
1939.192284928
1393.27927916544
895.384035646464
1344.60544861184
1814.5533779456
2004.70922175488
1614.71671794688
1468.8703182336
1650.64
1629.78171945984
1800.41619680256
1784.01614052352
1887.08337683456
1765.82800454656
1658.92321688576
1258.7370546176
1443.776496128
1277.17671021568
1789.61429787648
1445.37127385088
1056.1148375552
1637.27145879552
1622.1687458304
1433.04090207232
990.401241622528
1061.51563636736
1235.46753895424
1237.3650157568
1555.76288362496
1858.53374358528
1817.6997743616
1170.40868651008
1237.09350436864
1022.35414001152
1323.02278700032
1208.72457966592
1268.6106515968
962.297489318912
1035.3264621056
1150.13844257792
984.957060210688
1024.59346960384
1371.22480707584
941.25773183488
902.185513513984
812.673003359232
635.530766355456
1737.35398084608
556.504471276544
298.70701018112
401.965781788672
882.429905073152
451.220901579776
544.017695852544
369.073782106112
733.643590551552
1239.96978582528
1096.77113489408
1655.39254856704
1673.3841193984
1538.5439112704
1165.95912653824
1282.17500775424
1287.42585699328
1429.4570095616
1470.00038213632
1436.0249950208
1654.8803764736
1656.49026272256
1468.75082848256
1457.78550913024
852.439282572288
886.884532959232
1554.97273229312
1700.97643447296
1224.88566360064
1008.41196028416
981.44017728512
1200.43527919616
1704.89337831424
1638.20925490176
1848.60712654848
2117.98471110656
2083.26617956352
1984.84083380224
2063.03655313408
2233.39210738688
1915.39971263488
1786.44186436608
1906.81665195008
1930.02842975232
2056.46418864128
2378.9071515136
2636.38003490816
2451.109719808
2363.00970667008
2353.18084506624
1971.3034703872
1978.27777973248
1747.90450874368
1759.18257292288
2038.22165203968
1867.59808884736
1682.01686486016
822.844537073664
816.23756378624
1441.32984895488
1702.72970549248
1936.177306624
1786.26696989696
1452.88687086592
1289.3991887872
1697.86866310144
1465.24732177408
1136.94883908608
952.682348670976
753.023284916224
684.709209928704
812.050490112
541.176460509184
292.536062794752
353.363407693824
295.63585131008
457.218585859072
255.828262407168
413.796796420096
349.333074523136
462.982717984768
1202.67759148032
1676.24667265024
1814.8850871808
1724.94635856896
1515.78482758656
2150.12945007616
1730.9037541376
1591.7790830592
858.248068143104
612.740961240064
363.65218588672
669.171871806464
1098.07829557248
1369.80815414272
1259.732992
1317.62548047872
1136.59558554624
1232.05414930432
941.831443741696
1174.84514021376
1213.5166384128
1477.18762264576
1693.31674074112
1798.78607567872
1808.5229234176
2152.75535215616
1741.26357829632
1742.78686567424
1526.3970469376
1786.43596460032
2275.0689156608
1642.0055404544
1611.14298181632
1637.99843137536
1726.64525737984
2140.9728534016
2266.86997113856
1848.40241676288
1843.04310807552
1783.10731762688
7010.0661303296
9183.4162781184
8522.7281860608
6771.0056219648
4787.72036958208
8686.30332416
12097.443110143999
11959.2065242624
11948.5378313216
11698.8294239232
14086.218472704
13511.6029247488
12757.018089164801
13267.221060352002
13865.6136169984
15679.083456768001
15178.9093812224
14296.1681355776
13946.763415551999
13860.274344448
13608.309297664
13726.9581395456
14234.4653520896
14170.7583269888
13656.145647820798
11718.3196135424
11459.402531635202
12850.055702016
13360.3893419008
13949.147681638402
10863.7488341504
8462.9833242624
5646.571117824
6405.4767782911995
8659.23072
11511.033715200001
12724.8570181632
11640.2589507072
8927.8044223488
11145.8322123776
12931.4656850944
13163.982554521599
12909.7405018112
13756.9395488768
13994.6935433216
12860.250598912
13735.9541238784
14801.898577408001
14343.1196566528
14217.341068697599
13763.0775451136
13845.575637862401
14177.434527180802
14144.771576832
14130.591252633601
14348.871111116801
14344.5975445504
14473.131546368
14595.84
13646.380426752
13990.8004752384
14442.1200764928
14835.6640935424
14768.810666649599
14917.4857142784
13056.094523084801
13016.4943768064
12754.4308120576
11176.673279999999
8840.3183202304
8126.6188316160005
9826.5195789312
8939.02955008
9344.910624256001
10659.633270528
8430.2722089472
9253.1595876352
10499.878584524798
11321.637940736
12162.0623328256
12188.1550863872
12206.474478336
12291.0589435392
10652.0932173824
9966.0752680448
10059.0469221376
12831.7217391104
12766.0678736896
12633.591322009599
12512.9371080704
12699.9589528576
14513.7122244608
13190.2042353152
9197.2624972288
9880.646274508801
9874.6612537344
9751.6950706688
9981.388731648
9695.96142464
6966.3963958272
4476.92017823232
6723.0272430592
9072.766889728
10023.5461087744
8073.5835897343995
7344.351591168001
8253.2
8148.9085972992
9002.0809840128
8920.0807026176
9435.4168841728
8829.1400227328
8294.6160844288
6293.685273088
7218.88248064
6385.8835510784
8948.071489382399
7226.8563692544
5280.574187776
8186.3572939775995
8110.843729152
7165.2045103616
4952.00620811264
5307.5781818368
6177.3376947711995
6186.825078784
7778.814418124801
9292.6687179264
9088.498871808
5852.0434325504
6185.4675218432
5111.7707000576
6615.1139350016
6043.6228983296
6343.053257984
4811.4874465945595
5176.632310528001
5750.692212889599
4924.78530105344
5122.9673480192005
6856.1240353792
4706.2886591744
4510.92756756992
4063.36501679616
3177.6538317772797
8686.769904230401
2782.52235638272
1493.5350509056
2009.8289089433601
4412.1495253657595
2256.10450789888
2720.08847926272
1845.36891053056
3668.21795275776
6199.8489291264
5483.8556744704
8276.9627428352
8366.920596992
7692.719556352
5829.795632691201
6410.8750387712
6437.1292849664
7147.285047808
7350.0019106816
7180.1249751039995
8274.401882368
8282.451313612799
7343.7541424128
7288.9275456512
4262.19641286144
4434.4226647961605
7774.863661465601
8504.8821723648
6124.428318003201
5042.0598014208
4907.2008864255995
6002.1763959808
8524.466891571199
8191.0462745088
9243.0356327424
10589.923555532801
10416.3308978176
9924.2041690112
10315.182765670399
11166.9605369344
9576.9985631744
8932.2093218304
9534.083259750401
9650.1421487616
10282.3209432064
11894.535757568001
13181.900174540799
12255.548599040001
11815.0485333504
11765.9042253312
9856.517351936
9891.3888986624
8739.5225437184
8795.9128646144
10191.1082601984
9337.9904442368
8410.0843243008
4114.2226853683205
4081.1878189312
7206.649244774399
8513.6485274624
9680.88653312
8931.3348494848
7264.4343543296
6446.995943936
8489.3433155072
7326.2366088704
5684.7441954303995
4763.41174335488
3765.11642458112
3423.54604964352
4060.2524505600004
2705.88230254592
1462.6803139737601
1766.81703846912
1478.1792565504
2286.09292929536
1279.14131203584
2068.98398210048
1746.66537261568
2314.91358992384
6013.3879574016
8381.2333632512
9074.425435903999
8624.7317928448
7578.9241379328
10750.6472503808
8654.518770687999
7958.8954152960005
4291.24034071552
3063.7048062003205
1818.2609294336
3345.85935903232
5490.3914778624
6849.0407707136
6298.66496
6588.1274023936
5682.9779277312
6160.2707465216
4709.15721870848
5874.2257010688
6067.583192063999
7385.9381132288
8466.583703705599
8993.9303783936
9042.614617088
10763.7767607808
8706.3178914816
8713.9343283712
7631.985234688
8932.1798230016
11375.344578304
8210.027702272
8055.714909081599
8189.9921568768
8633.2262868992
10704.864267007999
11334.349855692799
9242.0120838144
9215.2155403776
8915.5365881344
