979.245486347264
776.936083045376
904.138105263104
961.296440367104
1188.06394356736
1359.10694252544
1264.3603069952
1078.63246234624
1036.42444414976
1263.17504306176
1086.59469284352
1165.65776623616
1156.0472380928
1164.87478651904
995.570474856448
1137.99799282688
868.108858447872
816.923893462016
698.332001900544
875.978346059776
811.342867397632
861.69226277376
623.856197530624
507.926329131008
483.16189714944
530.979677490176
479.62532450304
588.539296587776
914.67280879104
910.00083069952
1072.28898541568
1386.56914285568
1053.70826779648
1168.95984145408
839.479468734464
597.04937181696
540.855591962624
645.370020273152
547.36348514816
700.359058386944
772.5701551616
692.44381810688
685.733955259392
756.453936951296
834.91536347648
801.58349321216
780.76600402432
804.012218181632
738.5517966848
755.949946220544
479.99653509632
602.143155257344
547.0640496896
483.72222252544
723.031882672128
667.874728080384
601.413180572672
653.733997671424
720.782222222336
603.73854247936
730.646767322112
621.920856318976
614.26115254272
625.1348430336
515.666172839936
478.245220625408
422.653229176832
365.989326231552
289.101740300288
684.237944133632
394.963854697472
358.12763171328
351.74136836096
319.268777464832
315.667896373248
471.971986597888
546.576368856064
580.747180862464
586.912245855232
618.198109090816
794.250006253568
610.813943775232
689.605657638912
647.572186783744
590.218579091456
532.054198104064
515.791764063232
309.066373088256
514.94430949888
316.009981933568
293.667331719168
546.38569596416
499.40639643648
463.964468227072
535.01044193792
555.501514693632
410.021766336512
295.204744718336
346.030400391168
437.00382134784
457.446608130048
552.599396762624
526.553245594624
911.46259480064
1030.24870347776
478.327285929984
489.361713954816
821.863685110784
866.117377514496
498.024821015552
736.590237005824
789.502958290944
648.218737517568
987.281205317632
1100.4263988224
1641.4951474688
1291.54505950208
1117.55510864896
1161.72632131584
1091.9620147712
1139.99307034624
350.715166303232
651.836917005312
690.927337278464
611.044932484096
398.834560541696
701.972936803328
652.998342342656
642.122202898432
809.083970944
4896.22743173632
3884.68041522688
4520.6905263155195
4806.48220183552
5940.3197178368
6795.5347126272
6321.801534976001
5393.162311731199
5182.122220748799
6315.875215308801
5432.973464217601
5828.288831180799
5780.236190464
5824.3739325952
4977.85237428224
5689.9899641344
4340.5442922393595
4084.6194673100804
3491.66000950272
4379.891730298879
4056.7143369881596
4308.4613138688
3119.2809876531196
2539.63164565504
2415.8094857472
2654.89838745088
2398.1266225152003
2942.69648293888
4573.3640439552
4550.0041534976
5361.4449270784
6932.8457142784
5268.5413389824
5844.7992072704
4197.39734367232
2985.2468590848002
2704.27795981312
3226.85010136576
2736.8174257408
3501.79529193472
3862.8507758080004
3462.2190905344
3428.66977629696
3782.26968475648
4174.5768173824
4007.9174660607996
3903.8300201216
4020.0610909081597
3692.7589834240002
3779.74973110272
2399.9826754816
3010.71577628672
2735.320248448
2418.6111126272
3615.1594133606395
3339.37364040192
3007.06590286336
3268.66998835712
3603.91111111168
3018.6927123968003
3653.2338366105605
3109.60428159488
3071.3057627136
3125.674215168
2578.33086419968
2391.22610312704
2113.26614588416
1829.94663115776
1445.5087015014399
3421.18972066816
1974.81927348736
1790.6381585663999
1758.7068418048
1596.34388732416
1578.33948186624
2359.85993298944
2732.8818442803204
2903.73590431232
2934.56122927616
3090.9905454540803
3971.2500312678403
3054.06971887616
3448.02828819456
3237.8609339187196
2951.09289545728
2660.27099052032
2578.95882031616
1545.3318654412801
2574.7215474944
1580.04990966784
1468.33665859584
2731.9284798208
2497.0319821824
2319.82234113536
2675.0522096895997
2777.50757346816
2050.10883168256
1476.0237235916798
1730.1520019558398
2185.0191067392
2287.23304065024
2762.99698381312
2632.76622797312
4557.3129740032
5151.243517388801
2391.63642964992
2446.8085697740803
4109.31842555392
4330.58688757248
2490.12410507776
3682.9511850291196
3947.5147914547197
3241.09368758784
4936.40602658816
5502.131994112
8207.475737344
6457.7252975104
5587.775543244799
5808.631606579201
5459.810073856001
5699.9653517312
1753.5758315161602
3259.18458502656
3454.6366863923204
3055.22466242048
1994.17280270848
3509.8646840166402
3264.99171171328
3210.61101449216
4045.4198547200003
