1452.20266667008
2681.00928955392
2521.63288073216
1759.18257292288
2226.88349090816
2969.97937833984
3120.39897493504
2276.89144547328
2475.45370358784
2459.66072049664
1397.19029035008
1875.49115224064
2083.5909908992
1383.63582840832
1475.51058113536
1466.519353344
1094.19188489216
584.730620450816
897.429098901504
1286.7891933184
1249.0819585536
1775.21563910144
1826.4705542144
1899.06213502976
1957.3808761856
1937.96976830464
1812.85166457856
1309.39253723136
1430.15851546624
1859.8863575552
1951.6292153344
1947.28205642752
1944.35894928384
1944.5197362688
1856.212372992
1738.74946847744
1711.16659168256
2587.18122968064
1313.8724972544
1333.9583830528
1592.8178136064
1981.5420398592
1654.10681974784
1736.34444602368
1696.73134129152
1925.54295652352
1952.40605786112
1998.67444067328
2085.45827144704
1623.06900217856
1153.51663540224
1398.95005405184
1396.66698909696
1623.48924627968
1434.37682758656
1685.0050479104
1688.58316084224
1639.58395328512
1686.16202166272
1947.89958172672
2074.99390308352
2072.21640603648
2114.08213332992
1991.30031460352
2108.21249211392
1659.13224633344
1520.97902116864
1895.57230345216
1580.1140358144
1830.52243478528
1852.96460725248
1682.01686486016
1824.88632889344
2483.2016025088
1742.59791419392
2569.62526036992
2361.9907368448
1677.78164606976
1664.48851376128
1940.49778660352
1321.546056192
2182.1043328512
2565.70013687808
1884.60110769152
1411.42584293376
1782.64380284928
2009.39302127616
1023.440040506368
2765.79550278656
1090.31825994752
2539.99179057152
1045.82561732608
2156.09107692544
1258.2800544256
2023.23898619904
2333.69419400192
2040.00977339392
1972.57524011008
1993.81741971456
2151.36166956032
2404.52704273408
2606.58151209984
2970.27297362944
3522.98164706304
1572.71055983616
1963.81575155712
1986.19901292544
1837.66204081152
1996.91455388672
1488.85954345984
1726.1871084032
1773.90036114432
2439.76121378816
1614.46709178368
1055.97260382208
1091.58839799808
878.45297127936
1082.36328111104
1302.67105882112
2802.31936
3027.454124544
1924.04296414208
2394.70150959104
2458.2467368448
2325.67404606464
2115.37552096256
1904.9757377024
1780.27969122304
1746.06628571136
1380.79206611968
1153.05182608384
2270.8928242688
1355.64973613056
2277.8546086912
964.398362205184
2341.4317623808
1428.85616326656
2478.46734809088
1222.46981818368
2788.7702535168
1714.03100884992
2185.35490782208
2939.96600367104
1152.8466910208
2945.46368361472
2495.0997249536
2276.83640718336
1792.24206108672
1364.89216712704
2561.35236104192
1134.97475035136
680.90462869504
655.90938236928
1660.09329175552
1568.8930686976
876.756202409984
2204.67044140032
2498.42308634624
2240.51751278592
2083.36107493376
1771.35824364544
1280.78964123648
949.340972698624
1711.74167835648
2066.6421766144
2239.88585987072
2549.60705282048
2747.36318198784
1711.16251428864
2174.6400690688
832.58547992064
1235.56678362112
1406.96
1012.967728719872
1498.27277555712
1803.05294656512
2117.54818008064
2700.49905343488
2498.65187290112
2430.6318825472
2436.02075399168
826.144844690432
1990.44772881408
2664.10923308032
1730.95149024256
1709.400157184
2205.18166209536
2310.9362304512
2445.37633508352
1710.05444562944
2250.11281528832
1881.25250311168
1441.41963636736
1197.47113513984
1176.59042253824
1074.49124793344
463.43555830784
1071.5710877184
1798.82080687104
1777.39381530624
1130.82896832512
2063.0262099456
1811.46804706304
1968.69208933376
1837.61195359232
1689.73176881152
1921.3747278336
2228.48605285376
1882.53435019264
2337.87924663296
2550.21236947968
2800.97001841664
2142.1559873024
2378.62275728384
2779.19934020608
2396.98643888128
2303.45053658112
2301.28358254592
2579.1760830464
2801.02203748352
820.877211505664
2581.94024955904
2653.6505562112
2592.99768224768
2313.5171764736
2301.22540521472
2535.44071836672
3264.65509170176
3686.48533332992
1416.06389533696
3211.52584474624
2702.18971428864
2077.08450496512
2053.39501714432
2177.77355619328
1960.77107597312
2131.46955864064
3281.8383599104
2951.08541935616
2777.072
1370.5992417792
2761.85554448384
847.849912522752
1389.58290228224
1391.2020018688
1382.54668358656
1274.4223030272
1361.58163478528
2736.11218532352
2784.7315815936
2825.6238495744
2802.32950096896
1620.65657719808
917.616660117504
2713.8346364928
2809.28598011904
2766.7504761856
2285.49419820032
2215.3216
1772.6879575552
977.702930875392
1334.52914115584
1440.93307470848
1656.6215335936
1212.65932673024
7261.0133333504
13405.0464477696
12608.164403660801
8795.9128646144
11134.4174545408
14849.8968916992
15601.9948746752
11384.4572273664
12377.268517939201
12298.3036024832
6985.951451750399
9377.4557612032
10417.954954496
6918.1791420416
7377.552905676801
7332.596766719999
5470.9594244608
2923.65310225408
4487.14549450752
6433.945966592
6245.409792768
8876.0781955072
9132.352771071999
9495.3106751488
9786.904380928001
9689.8488415232
9064.2583228928
6546.9626861567995
7150.7925773312
9299.431787776
9758.146076672
9736.4102821376
9721.7947464192
9722.598681344
9281.06186496
8693.7473423872
8555.8329584128
12935.9061484032
6569.362486272001
6669.791915264
7964.089068032
9907.710199296
8270.534098739201
8681.7222301184
8483.656706457601
9627.7147826176
9762.0302893056
9993.3722033664
10427.291357235199
8115.345010892799
5767.5831770112
6994.7502702592
6983.334945484799
8117.4462313983995
7171.8841379328005
8425.025239552
8442.9158042112
8197.9197664256
8430.8101083136
9739.4979086336
10374.969515417599
10361.082030182399
10570.4106666496
9956.5015730176
10541.0624605696
8295.6612316672
7604.895105843199
9477.8615172608
7900.570179072
9152.6121739264
9264.8230362624
8410.0843243008
9124.4316444672
12416.008012544
8712.9895709696
12848.1263018496
11809.953684224
8388.9082303488
8322.4425688064
9702.4889330176
6607.73028096
10910.521664256
12828.5006843904
9423.005538457599
7057.129214668799
8913.2190142464
10046.9651063808
5117.20020253184
13828.977513932801
5451.5912997376
12699.9589528576
5229.1280866304
10780.455384627201
6291.400272127999
10116.1949309952
11668.470970009601
10200.0488669696
9862.8762005504
9969.0870985728
10756.8083478016
12022.6352136704
13032.9075604992
14851.3648681472
17614.9082353152
7863.552799180799
9819.078757785599
9930.995064627201
9188.3102040576
9984.5727694336
7444.2977172992005
8630.935542015999
8869.5018057216
12198.806068940801
8072.3354589184
5279.863019110399
5457.9419899904
4392.2648563968
5411.8164055552
6513.3552941056
14011.5968
15137.27062272
9620.2148207104
11973.5075479552
12291.233684224
11628.3702303232
10576.8776048128
9524.878688512
8901.3984561152
8730.3314285568
6903.9603305984
5765.2591304192
11354.464121343999
6778.2486806528
11389.273043456
4821.99181102592
11707.158811904
7144.280816332801
12392.3367404544
6112.3490909184
13943.851267584
8570.1550442496
10926.7745391104
14699.830018355202
5764.233455104
14727.3184180736
12475.498624767999
11384.1820359168
8961.2103054336
6824.4608356352
12806.7618052096
5674.8737517568
3404.5231434751995
3279.5469118464002
8300.4664587776
7844.465343488
4383.78101204992
11023.3522070016
12492.1154317312
11202.587563929601
10416.8053746688
8856.791218227201
6403.9482061824
4746.70486349312
8558.7083917824
10333.210883071999
11199.4292993536
12748.0352641024
13736.8159099392
8555.8125714432
10873.200345344001
4162.9273996032
6177.8339181056
7034.8
5064.83864359936
7491.3638777855995
9015.2647328256
10587.740900403202
13502.4952671744
12493.2593645056
12153.159412736
12180.103769958401
4130.72422345216
9952.2386440704
13320.5461654016
8654.757451212801
8547.00078592
11025.9083104768
11554.681152256
12226.8816754176
8550.2722281472
11250.564076441598
9406.2625155584
7207.0981818368
5987.3556756992
5882.9521126912
5372.4562396672
2317.1777915392
5357.855438592
8994.104034355201
8886.9690765312
5654.144841625601
10315.131049728
9057.340235315201
9843.4604466688
9188.0597679616
8448.6588440576
9606.873639168
11142.430264268802
9412.6717509632
11689.3962331648
12751.0618473984
14004.8500920832
10710.779936511999
11893.1137864192
13895.996701030399
11984.9321944064
11517.2526829056
11506.417912729601
12895.880415232
14005.110187417598
4104.38605752832
12909.7012477952
13268.252781056
12964.9884112384
11567.585882368001
11506.1270260736
12677.2035918336
16323.275458508799
18432.4266666496
7080.3194766848
16057.6292237312
13510.948571443201
10385.422524825599
10266.975085721599
10888.8677809664
9803.855379865601
10657.3477932032
16409.191799551998
14755.4270967808
13885.36
6852.996208896
13809.2777224192
4239.24956261376
6947.9145114112
6956.010009344
6912.7334179328
6372.111515136001
6807.908173926399
13680.5609266176
13923.657907968
14128.119247872
14011.647504844801
8103.2828859904
4588.08330058752
13569.173182464001
14046.429900595198
13833.752380928
11427.4709910016
11076.608
8863.439787776
4888.51465437696
6672.6457057792
7204.665373542401
8283.107667967999
6063.2966336512
