1292.8700856832
1228.64310807552
855.58905525248
1574.17933520896
1055.02311041024
881.172270144512
1255.85564125184
1191.29426692096
1192.16064913408
1351.55418430464
1569.89263627264
1427.93076363264
1038.41961892864
1089.66515315712
1795.68451894272
1638.71710967808
1744.18201834496
1429.61681355776
1143.07065629696
1315.0357853696
1601.92302362624
1765.26115888128
1968.7929350656
2211.81569139712
1655.79046928384
1252.50886059008
983.34587915776
777.239071056896
644.484905923584
831.196635052032
676.139298926592
1016.66608183296
1009.596240377856
823.5080674816
1428.91596039168
1631.8425986048
1666.3503238144
1483.6317892608
1235.9213344768
1138.0834698752
1225.48192247808
1172.16044383232
1102.31602142208
1176.638559488
1300.87910704128
1045.9037756416
878.416986983424
415.827653246976
355.526263829504
314.076168634368
343.07063937024
587.681201746944
948.981139393536
1020.378770338816
893.956813969408
908.735542605824
1208.34391325696
1000.993768270848
1078.67639723008
1146.16552449024
1207.7528615424
1148.78004562944
1163.71493577728
1248.06850704384
1302.73559453696
1392.36446923776
1677.19535387648
1863.44395932672
2054.53552941056
1876.41296935936
1583.16055565312
1827.44409788416
2022.65726108672
1782.88294831104
1736.86568421376
1862.36061538304
1393.10318403584
1296.3442330112
1253.39722279936
1193.92459236352
1116.9795602432
1528.56956783616
1183.82304561152
939.290008945664
1261.20391110656
1224.6454416896
1170.27846344704
1260.68237838336
1290.7045679616
1340.0162477568
1121.27526656
1191.1747368448
781.982465562624
549.045023747072
573.851057651712
586.786965853184
513.798987592704
484.200787564544
485.29666369536
328.623556736
399.50250497024
414.000080449536
586.676512820224
406.26809270784
328.416959583232
377.18381867008
437.32350840832
500.252444444672
608.623022036992
723.225261444096
669.437702409216
942.990775213056
721.601990820864
666.722569576448
567.826731707392
444.461962109952
559.347444721664
953.475637347328
1372.02915004416
1398.2160672256
1192.63344300032
1265.33131179008
1388.27565883392
1173.534874368
1369.50827123712
1260.54491346944
964.652464878592
1505.57778041856
1695.93998086144
1646.06738916352
804.0790719744
1055.39143596032
990.47922162176
712.79804081664
651.7970546688
852.580831004672
483.271454702592
534.8668137216
995.46162107904
1042.11941052416
833.055931183104
1003.657405751296
831.058854771712
1025.024
1323.21591878656
1282.83410101248
1204.21751385088
1253.07174745088
1279.36367624192
1256.79410722816
1251.00214603776
945.360080079872
1418.45198596096
1097.7641944064
1211.643283712
1111.85278533632
1464.57884732416
1208.80577897472
1252.59933182976
808.281439598592
804.86898296832
994.6885124096
1113.33732837376
1034.04701826048
1071.02420779008
1217.87733332992
1020.958622903296
1441.28403149824
1303.15186945024
1614.71671794688
1334.06892826624
1631.52061775872
1336.48148422656
1442.10676649984
721.756783756288
361.346154003456
409.002059551744
665.285145275392
566.912108566528
723.289972815872
992.805333332992
929.412950276096
617.00393695232
603.87989433344
843.00297403392
875.988315845632
1493.61273402368
6464.350428416
6143.2155403776005
4277.9452762624
7870.8966760448
5275.1155520512
4405.86135072256
6279.2782062592005
5956.471334604799
5960.8032456703995
6757.770921523201
7849.4631813631995
7139.6538181632
5192.098094643199
5448.325765785599
8978.4225947136
8193.5855483904
8720.9100917248
7148.0840677888
5715.3532814847995
6575.178926848001
8009.6151181312
8826.3057944064
9843.964675328
11059.0784569856
8278.952346419199
6262.5443029504
4916.7293957888
3886.1953552844802
3222.42452961792
4155.98317526016
3380.69649463296
5083.3304091648
5047.98120188928
4117.540337408001
7144.5798019584
8159.212993024001
8331.751619072
7418.158946304
6179.6066723839995
5690.417349376001
6127.4096123904
5860.8022191616
5511.5801071104
5883.1927974400005
6504.3955352063995
5229.518878208
4392.084934917119
2079.13826623488
1777.63131914752
1570.38084317184
1715.3531968511998
2938.4060087347198
4744.905696967679
5101.89385169408
4469.78406984704
4543.67771302912
6041.7195662848
5004.96884135424
5393.3819861504
5730.827622451199
6038.764307712
5743.9002281472
5818.5746788864
6240.342535219201
6513.6779726848
6961.8223461888
8385.9767693824
9317.2197966336
10272.677647052798
9382.0648467968
7915.802778265599
9137.2204894208
10113.2863054336
8914.4147415552
8684.3284210688
9311.803076915201
6965.5159201792
6481.721165056
6266.9861139968
5969.6229618176
5584.8978012160005
7642.8478391808
5919.1152280576
4696.45004472832
6306.019555532801
6123.227208447999
5851.3923172352
6303.4118919167995
6453.522839808001
6700.081238784001
5606.3763328000005
5955.873684224
3909.91232781312
2745.2251187353604
2869.25528825856
2933.93482926592
2568.99493796352
2421.0039378227198
2426.4833184768
1643.11778368
1997.5125248512
2070.0004022476796
2933.3825641011204
2031.3404635392
1642.0847979161601
1885.9190933503999
2186.6175420416
2501.26222222336
3043.11511018496
3616.1263072204797
3347.1885120460797
4714.95387606528
3608.00995410432
3333.61284788224
2839.13365853696
2222.30981054976
2796.73722360832
4767.37818673664
6860.1457502207995
6991.0803361279995
5963.1672150016
6326.6565589504
6941.3782941696
5867.674371839999
6847.5413561856
6302.7245673472
4823.26232439296
7527.8889020928
8479.699904307201
8230.3369458176
4020.395359872
5276.9571798016
4952.3961081088
3563.9902040832
3258.9852733440002
4262.90415502336
2416.35727351296
2674.334068608
4977.3081053952
5210.5970526208
4165.27965591552
5018.28702875648
4155.294273858561
5125.119999999999
6616.0795939328
6414.1705050624005
6021.0875692544005
6265.3587372544
6396.8183812096
6283.9705361408005
6255.0107301888
4726.80040039936
7092.2599298048
5488.820972032
6058.21641856
5559.2639266816
7322.8942366208
6044.0288948736
6262.996659148801
4041.40719799296
4024.3449148416
4973.442562048
5566.6866418688005
5170.2350913024
5355.1210389504
6089.3866666496
5104.79311451648
7206.4201574912
6515.7593472512
8073.5835897343995
6670.344641331199
8157.603088793599
6682.407421132801
7210.5338324992
3608.7839187814398
1806.7307700172798
2045.01029775872
3326.42572637696
2834.56054283264
3616.44986407936
4964.0266666649595
4647.06475138048
3085.0196847616003
3019.3994716672
4215.0148701696
4379.94157922816
7468.0636701184
