1133.03724541952
993.515610619904
845.066822444032
1289.61614769152
1268.6106515968
1295.80607123456
1330.43139192832
1309.031107328
1048.75467547648
1074.6414545408
1255.65966937088
1056.83689823232
1226.8617702912
1088.84769992704
800.430509723648
752.819063426048
769.310429944832
475.866809590784
317.149700970496
382.65768062464
638.506783837184
626.68528201728
480.30750415872
757.50191869952
1023.785763387392
986.722234575872
920.831837253632
939.197788481536
1044.35665746944
911.029080225792
1128.05166922752
1136.65686368256
491.038434154496
583.997676567552
393.154629738496
716.946136595456
606.996648742912
782.235350427648
704.596329411584
592.696018823168
784.065309361152
417.759604547584
685.081806942208
754.504313402368
488.108775832576
249.814845056
322.96354889728
432.740521101312
938.090352280576
697.228518483968
622.42816
762.48722492928
941.374076151808
572.18656116224
702.428335620096
848.993298407424
969.748562248704
757.326370870272
768.202105263104
786.344708196352
619.224736196608
560.12078605824
797.76684276736
987.329961003008
803.249230769152
668.751886524416
654.381138069504
469.441475661824
892.230437467136
824.014992049152
714.185301622784
1022.101489050624
1222.02209523712
1281.71714377728
1530.455559424
1057.66828123136
1007.68169366528
1055.5213913088
976.738885599232
1090.68425104384
1228.24541586432
1014.627565043712
1066.00179463168
1282.71279581184
1011.565988743168
780.227129434112
1015.499698924544
1046.39900604416
958.69053118976
918.034581797888
827.8812832768
1214.13954736128
919.932192820224
1052.9440303616
1378.22348034048
1098.09511036928
798.435701799936
956.017923273728
1111.15413500928
1245.0367677952
1130.74623794176
1070.13323547648
1035.60436774912
1057.67219426304
1233.77538612224
1382.18288961536
1124.5877312
858.59775923712
1046.27474482176
871.772448804864
859.95122330112
486.876667503616
515.692967929856
860.771894397952
621.082677782528
1016.632661332992
640.242603235328
385.56415649792
631.316753675264
713.727450938368
1072.67355743232
1424.58638348288
1325.99174498304
1206.89116278784
1185.83503584256
1122.37557426176
967.122765684736
711.612499298304
643.287578947584
839.577085426688
549.641284974592
332.336026642432
430.47452466688
441.184471578624
539.985776352256
484.723767358464
938.996841575424
955.6231745536
1073.58986738688
1273.3291832832
967.218496878592
962.895840613376
1239.196807424
1421.58078746624
1160.26796439552
1316.06814508032
803.023611404288
1207.1183112704
1311.31923639296
1299.19198071808
1223.72465563648
1295.493443072
1265.94618788864
1430.67540882432
1490.66177334272
1508.20237927424
1259.5378086912
975.988996736
878.935856388096
777.118781686784
983.064344725504
926.447391499264
974.714492829696
964.312239781888
997.032898100224
1154.8836781568
1055.60653997056
856.84293505024
1325.9930922496
1376.47982513152
1289.19199184896
5665.186227097601
4967.57805309952
4225.33411222016
6448.0807384576
6343.053257984
6479.0303561728
6652.156959641599
6545.15553664
5243.7733773824
5373.2072727039995
6278.2983468544
5284.1844911616
6134.3088514559995
5444.238499635199
4002.15254861824
3764.0953171302403
3846.55214972416
2379.33404795392
1585.74850485248
1913.2884031232002
3192.5339191859202
3133.4264100863998
2401.5375207936
3787.5095934976002
5118.92881693696
4933.61117287936
4604.15918626816
4695.98894240768
5221.7832873472
4555.14540112896
5640.2583461376
5683.2843184128
2455.19217077248
2919.98838283776
1965.77314869248
3584.7306829772797
3034.98324371456
3911.17675213824
3522.98164705792
2963.4800941158396
3920.32654680576
2088.79802273792
3425.40903471104
3772.52156701184
2440.54387916288
1249.07422528
1614.8177444864
2163.7026055065603
4690.45176140288
3486.1425924198397
3112.1408
3812.4361246464005
4706.87038075904
2860.9328058111996
3512.14167810048
4244.966492037121
4848.74281124352
3786.63185435136
3841.01052631552
3931.7235409817604
3096.12368098304
2800.6039302912
3988.8342138368
4936.649805015039
4016.2461538457596
3343.75943262208
3271.9056903475202
2347.20737830912
4461.15218733568
4120.07496024576
3570.92650811392
5110.50744525312
6110.1104761856
6408.585718886399
7652.27779712
5288.3414061568
5038.4084683264
5277.606956544
4883.69442799616
5453.4212552192
6141.227079321599
5073.1378252185605
5330.0089731584
6413.5639790591995
5057.82994371584
3901.1356471705603
5077.49849462272
5231.9950302208
4793.4526559488
4590.17290898944
4139.406416384
6070.6977368064
4599.66096410112
5264.720151808
6891.1174017024
5490.475551846401
3992.17850899968
4780.08961636864
5555.7706750464
6225.183838976
5653.7311897088
5350.6661773824
5178.0218387456
5288.3609713152
6168.8769306112
6910.9144480768
5622.938656
4292.9887961856
5231.373724108799
4358.86224402432
4299.7561165055995
2434.3833375180798
2578.46483964928
4303.85947198976
3105.4133889126397
5083.16330666496
3201.21301617664
1927.8207824896
3156.5837683763198
3568.6372546918396
5363.3677871616
7122.931917414399
6629.9587249152
6034.455813939199
5929.1751792128
5611.8778713087995
4835.61382842368
3558.06249649152
3216.43789473792
4197.88542713344
2748.2064248729603
1661.68013321216
2152.3726233344
2205.92235789312
2699.92888176128
2423.61883679232
4694.98420787712
4778.115872768
5367.9493369344
6366.645916416001
4836.09248439296
4814.47920306688
6195.984037120001
7107.903937331201
5801.3398219776
6580.3407254016
4015.11805702144
6035.591556352
6556.5961819648
6495.9599035904
6118.6232781824
6477.46721536
6329.7309394431995
7153.377044121599
7453.3088667136
7541.0118963712
6297.689043456001
4879.9449836799995
4394.67928194048
3885.59390843392
4915.32172362752
4632.2369574963195
4873.57246414848
4821.5611989094405
4985.16449050112
5774.418390784
5278.032699852801
4284.2146752512
6629.965461248001
6882.399125657601
6445.9599592448
