842.706843652096
830.410105263104
433.426555947008
597.20204140032
751.789987659776
907.192056206336
696.55159201792
1097.4530630144
1254.48053933056
1292.5960462848
1854.02300730368
2280.2499550208
2646.19269019648
2164.93205302272
2081.71688031232
1804.38336142336
1354.97090386944
1720.25028084736
1889.43444360192
1943.49874231296
1940.553728
1890.95101828096
1900.28366101504
1829.34561758208
2634.83900653568
2564.35001550848
2300.67768889344
2004.30567291904
2286.93112762368
2439.21992113152
1865.58132626432
2254.00043800576
2008.70312208384
1896.27508178944
2009.80697872384
2329.0927145472
1790.52474575872
1989.95447514112
2130.62353420288
2160.88277203968
2084.11708235776
1935.36510723072
2173.6735852544
2202.27142009856
2095.60807876608
1918.17483270144
1493.66254384128
1779.33963636736
1227.10485886976
482.632957215744
337.1384768512
547.545106576384
691.57328078848
941.667096774656
767.4724352
1109.16079120384
1256.7768386048
1997.55792125952
1958.29533702144
1683.38377833472
4213.53421826048
4152.05052631552
2167.13277973504
2986.0102070016
3758.9499382988797
4535.96028103168
3482.7579600896
5487.265315072
6272.4026966528
6462.980231424
9270.1150365184
11401.249775104
13230.963450982399
10824.6602651136
10408.5844015616
9021.916807116799
6774.8545193472
8601.2514042368
9447.1722180096
9717.4937115648
9702.76864
9454.7550914048
9501.4183050752
9146.7280879104
13174.195032678399
12821.7500775424
11503.3884444672
10021.5283645952
11434.6556381184
12196.0996056576
9327.9066313216
11270.0021900288
10043.515610419201
9481.3754089472
10049.0348936192
11645.463572736
8952.6237287936
9949.7723757056
10653.1176710144
10804.4138601984
10420.5854117888
9676.8255361536
10868.367926272002
11011.357100492802
10478.040393830399
9590.8741635072
7468.3127192064
8896.6981818368
6135.524294348799
2413.1647860787198
1685.692384256
2737.72553288192
3457.8664039424
4708.33548387328
3837.3621759999996
5545.8039560192
6283.8841930240005
9987.7896062976
9791.4766851072
8416.9188916736
