1910.85200309248
1730.51659344896
1995.33926678528
1417.160601856
1505.3234770944
1522.02483024896
2082.19931598848
1732.48702109696
1682.6784984064
2081.50000525312
1766.80049258496
1939.16523456512
1621.74238056448
2041.39800844288
1496.690158848
1169.43440147456
821.234730021888
999.672794074112
824.446923163648
728.600908107776
551.713149830144
491.882666667008
437.825432491008
582.557161391104
287.347070255104
462.183326770176
514.188313808896
551.619857318912
550.133678783488
664.135696869376
616.878605128704
857.987535911936
551.128651676672
1110.28264157184
348.109777688576
492.179258222592
320.966354505728
415.53478320128
469.270816845824
336.459227070464
345.92378118144
476.665358149632
986.123915126784
1018.607075852288
1068.26511194112
1308.58690305024
1277.50026008576
1439.53357476864
1195.6876135936
1445.17686129664
1344.7521975296
1729.80713624576
1291.69293492224
1417.306112
1625.27679608832
1469.32440177664
1618.77581229056
1701.68940606464
1633.10097902592
1236.26358762496
714.393755308032
736.900370732032
1349.41412765696
1400.99389723648
1468.79859340288
1122.54780952576
1038.30995606528
1000.393026387968
859.744098461696
616.033155920896
720.71499580928
1319.46199292928
1713.21039220736
1245.49907692544
819.039040330752
841.653466594304
1714.29614188544
1276.71830437888
1274.30551711744
660.211572815872
517.10332247552
830.200174672896
563.960832428032
426.454558746624
503.656863148032
462.50462972416
760.398325281792
468.615319938048
456.589211638784
411.564439548928
856.630545026048
1204.04694929408
1350.80404818944
1321.19405714432
1231.87278227456
1269.8700652544
1413.38561092608
1710.76891533312
2010.81018181632
1907.31954185216
2472.14115992576
2336.78509515776
1455.61091053568
507.369047652352
734.74713077248
958.830435178496
1100.42666667008
1007.501426573312
1459.36028713984
1065.06431760384
869.4476171776
929.43881197568
1369.85624781824
996.852164057088
851.415625143296
524.578256621568
1017.22596523008
799.793979569152
1566.08410165248
1566.00199529472
1851.05257782272
2195.15810909184
2180.80584077312
2113.42479637504
2331.32574483456
2378.9071515136
1754.52469221376
1879.18411851776
1846.10133332992
1767.99830687744
1317.77351553024
1286.7308194816
1355.64973613056
1285.66026993664
1018.34052305408
916.163130266624
1088.65231486976
898.467010940928
1086.82590685184
850.709722878976
976.976060529664
1120.94475646976
1465.94828179456
728.631518071808
775.045201188864
856.376102495232
1130.80053531648
711.792337552384
338.5510971904
259.089222489088
304.443283202048
319.059027026944
248.36707925504
269.772670285824
275.826192920576
277.380464265216
312.102667528192
287.01884416
316.363457241088
299.22461903872
511.284624420864
1498.63202894848
1407.92093408256
1758.5221962752
1575.8381656064
1853.29159419904
1769.5755651072
9554.2600154624
8652.5829672448
9976.6963339264
7085.80300928
7526.617385472
7610.1241512448
10410.9965799424
8662.4351054848
8413.392492032
10407.5000262656
8834.0024629248
9695.8261728256
8108.711902822401
10206.9900422144
7483.45079424
5847.1720073728
4106.17365010944
4998.363970370559
4122.23461581824
3643.00454053888
2758.56574915072
2459.41333333504
2189.12716245504
2912.7858069555205
1436.7353512755199
2310.91663385088
2570.9415690444803
2758.09928659456
2750.66839391744
3320.6784843468804
3084.3930256435196
4289.93767955968
2755.6432583833603
5551.4132078592
1740.54888844288
2460.89629111296
1604.8317725286402
2077.6739160064
2346.35408422912
1682.29613535232
1729.6189059072
2383.32679074816
4930.61957563392
5093.03537926144
5341.3255597056
6542.9345152512
6387.501300428799
7197.6678738432
5978.438067968
7225.8843064832
6723.760987648
8649.0356812288
6458.4646746112
7086.53056
8126.3839804416
7346.6220088832
8093.8790614528
8508.447030323201
8165.504895129599
6181.317938124801
3571.9687765401604
3684.50185366016
6747.0706382848
7004.9694861824
7343.9929670144
5612.7390476288
5191.5497803264
5001.96513193984
4298.72049230848
3080.16577960448
3603.5749790464
6597.309964646401
8566.0519610368
6227.4953846272
4095.19520165376
4208.26733297152
8571.4807094272
6383.5915218944
6371.5275855872005
3301.05786407936
2585.5166123776003
4151.00087336448
2819.80416214016
2132.27279373312
2518.2843157401603
2312.5231486208
3801.99162640896
2343.07659969024
2282.9460581939197
2057.82219774464
4283.1527251302405
6020.2347464704
6754.0202409472
6605.9702857216
6159.3639113728
6349.3503262720005
7066.9280546304
8553.8445766656
10054.0509090816
9536.597709260801
12360.705799628799
11683.925475788801
7278.0545526784
2536.8452382617597
3673.7356538624
4794.15217589248
5502.133333350401
5037.50713286656
7296.8014356992
5325.3215880192
4347.238085888001
4647.1940598784
6849.2812390912
4984.26082028544
4257.07812571648
2622.89128310784
5086.1298261504
3998.96989784576
7830.4205082624
7830.009976473601
9255.2628891136
10975.7905454592
10904.0292038656
10567.1239818752
11656.628724172799
11894.535757568001
8772.6234610688
9395.9205925888
9230.5066666496
8839.9915343872
6588.8675776512
6433.654097408
6778.2486806528
6428.301349683199
5091.7026152704
4580.81565133312
5443.2615743487995
4492.33505470464
5434.1295342592
4253.54861439488
4884.88030264832
5604.7237823488
7329.7414089728
3643.15759035904
3875.2260059443197
4281.88051247616
5654.0026765823995
3558.96168776192
1692.755485952
1295.4461124454401
1522.21641601024
1595.29513513472
1241.8353962752
1348.86335142912
1379.1309646028799
1386.90232132608
1560.51333764096
1435.0942208000001
1581.8172862054398
1496.1230951936
2556.42312210432
7493.1601447424
7039.6046704128
8792.610981376
7879.190828032
9266.4579709952
8847.877825536
