3290.6294468096
2911.3066839552
3028.73811570688
3098.89277633536
2546.8138223104
2307.16690732032
2137.83059542016
2285.34002226176
2514.68434865152
2671.19983811584
2479.1744512
2314.14193738752
2670.46912
2926.27819355136
2753.59369014272
2645.84533332992
2509.78006600704
2145.561640704
2382.47789950976
2702.57980952576
2855.35752982528
2923.8845820416
3387.64370950144
3483.09293458432
3236.61404724224
3198.7149362688
2868.25441584128
2902.69866667008
2711.24513354752
2864.15892006912
3014.13350341632
3008.1500048384
3014.54038709248
2655.92939587584
2415.40605857792
2236.32483306496
2287.14750326784
2302.42857862144
2407.6658492416
2610.31925388288
2080.09431578624
2321.77934065664
2514.35783595008
2294.26076488704
2405.85594585088
2443.44761378816
2429.04979030016
2183.73688889344
2111.81477408768
1893.23677763584
1661.16447930368
2348.6735636992
1657.92587293696
1244.34250394624
1869.52485393408
3148.55228952576
3300.23770387456
2379.48094915584
2407.56123711488
2371.67007169536
2275.47640580096
2176.72299711488
2087.98235390976
2048.85234681856
2512.41864662016
1766.17303642112
2223.11413861376
1882.58893150208
2103.51441906688
2249.18950250496
2382.71645339648
2575.22582069248
2598.73053164544
2662.35876509696
1867.94988679168
2200.97163636736
2407.23960153088
2559.55506709504
2643.7777486336
2655.41802377216
2685.00160676864
1804.18353499136
1967.28611079168
2099.98409143296
2182.85292307456
2260.49137777664
2048.62195227648
1971.99422439424
1800.43934299136
2086.5481421312
2115.42920930304
1921.04572944384
1916.52540171264
2312.0896
1924.249966592
2194.36916749312
2366.41133714432
2604.8990104576
2201.57133436928
2146.02991821824
2121.64150829056
2058.43275293696
2097.91486532608
2499.78523826176
2272.74413233152
1763.8735620608
2592.41619632128
2389.26540630016
2269.36181085184
2119.01768107008
2644.02913432576
2487.44041025536
2378.25462856704
3228.9341835776
3104.11946667008
2447.75119100928
2433.61654972416
2552.96556521472
3114.9584879104
2584.66348737536
2015.8414048768
2093.64790751232
2680.46541288448
2684.29241378816
2664.83484444672
2616.79786667008
2501.06913907712
2757.49843478528
2929.35087603712
2944.0676652032
2603.20903067648
2491.36785575936
2411.03494736896
2640.15904251904
2830.38763025408
2090.47167292416
2101.732142592
2042.78320398336
2036.92660333568
2149.28290909184
2235.90769408
2200.66387390464
2197.91697119232
2222.71666768896
2615.4535384576
2466.03060194304
2365.360373248
2715.4089979904
2405.87375450112
2089.7855503872
2351.95634681856
2465.83477807104
2653.77778555904
2681.22981295104
2639.16522632192
2222.00808549376
3148.84452173824
3449.74572307456
2983.34141935616
2751.74312628224
3150.4871619072
3067.57025184768
2411.63230967808
2717.10243378176
2706.0096
2184.23652173824
1834.51411795968
1805.60366954496
2024.47396056064
2184.06769942528
2100.82615282688
2076.48078623744
1918.41150466048
1838.86729648128
1958.48603856896
2131.12724210688
1839.05546919936
2342.81705960448
2163.07241423872
2178.3294502912
2455.6344476672
2029.8490980352
2639.02058427392
3184.95755505664
2826.11825052672
2727.70619142144
2713.11676404736
2971.20372487168
3289.20338028544
2737.06289301504
2641.25392149504
2591.15910806528
2642.60266667008
2363.00970667008
2353.18084506624
1935.33898289152
1875.02737369088
2155.74889411584
2611.3722616832
1196.50489520128
1228.4914701312
1196.81969230848
1053.71965097984
803.425733670912
1427.0464
1889.61467317248
1818.49359190016
2484.15732092928
2166.31937910784
2060.66036363264
2228.08028069888
1830.2367268352
2135.37701265408
2024.7780495872
1898.46715493376
2047.23747421184
2645.4193837568
2636.47053913088
2141.90197701632
1866.28823609344
2121.59664140288
2158.67135618048
1993.18641777664
2234.50270066688
2652.17347367936
3041.84967356416
3394.4424918016
3461.13896296448
2254.15663693824
2156.71998007296
2261.49247588352
2108.03354216448
1792.34342227968
1725.54203121664
2096.22031623168
2111.34781970432
1916.3892970496
1920.96938667008
1752.98008143872
1725.5593009664
2503.88624735232
2289.32568731648
2021.51643428864
2308.7715923968
1850.90353292288
1401.60752941056
2064.09501840384
2093.96284100608
1952.21227548672
1665.9595694592
1779.3217997824
1859.82586906624
2027.28340794368
2030.72556521472
2202.84855108608
1710.7395254272
1538.33580447744
1556.37948466176
1527.808
1488.42619153408
1121.80587442176
1069.8488528896
1092.87468787712
691.625821782016
517.780365872128
16453.147234048
14556.533419775998
15143.690578534399
15494.4638816768
12734.069111552
11535.8345366016
10689.1529771008
11426.7001113088
12573.4217432576
13355.999190579201
12395.872256
11570.7096869376
13352.3456
14631.390967756799
13767.968450713599
13229.2266666496
12548.900330035201
10727.80820352
11912.3894975488
13512.8990476288
14276.7876491264
14619.422910207999
16938.2185475072
17415.4646729216
16183.070236211199
15993.574681344
14341.272079206401
14513.4933333504
13556.225667737599
14320.7946003456
15070.6675170816
15040.750024192
15072.7019354624
13279.646979379198
12077.030292889598
11181.6241653248
11435.737516339199
11512.1428931072
12038.329246207999
13051.5962694144
10400.4715789312
11608.8967032832
12571.789179750398
11471.3038244352
12029.279729254398
12217.238068940802
12145.2489515008
10918.6844444672
10559.073870438398
9466.183888179201
8305.8223965184
11743.367818495999
8289.6293646848
6221.7125197312
9347.6242696704
15742.7614476288
16501.1885193728
11897.4047457792
12037.8061855744
11858.3503584768
11377.3820290048
10883.6149855744
10439.9117695488
10244.261734092799
12562.0932331008
8830.865182105601
11115.570693068801
9412.9446575104
10517.572095334399
11245.9475125248
11913.582266982401
12876.1291034624
12993.6526582272
13311.7938254848
9339.749433958401
11004.8581818368
12036.1980076544
12797.7753354752
13218.888743168
13277.090118860799
13425.008033843202
9020.9176749568
9836.4305539584
10499.9204571648
10914.264615372798
11302.4568888832
10243.1097613824
9859.9711219712
9002.1967149568
10432.740710656
10577.1460465152
9605.228647219199
9582.627008563199
11560.447999999999
9621.24983296
10971.8458374656
11832.0566857216
13024.495052288
11007.8566718464
10730.149591091198
10608.2075414528
10292.1637646848
10489.5743266304
12498.9261913088
11363.7206616576
8819.367810304
12962.0809816064
11946.327031500801
11346.8090542592
10595.0884053504
13220.1456716288
12437.2020512768
11891.2731428352
16144.670917888
15520.597333350399
12238.7559550464
12168.0827486208
12764.827826073599
15574.792439552
12923.317436876801
10079.207024383999
10468.239537561602
13402.3270644224
13421.4620689408
13324.1742222336
13083.9893333504
12505.3456953856
13787.492173926401
14646.7543801856
14720.338326015999
13016.0451533824
12456.839278796799
12055.1747368448
13200.795212595202
14151.938151270399
10452.358364620799
10508.66071296
10213.9160199168
10184.633016678401
10746.4145454592
11179.5384704
11003.319369523198
10989.5848559616
11113.583338444801
13077.267692288002
12330.153009715199
11826.80186624
13577.044989952
12029.3687725056
10448.927751936
11759.781734092801
12329.1738903552
13268.888927795198
13406.1490647552
13195.8261316096
11110.0404274688
15744.2226086912
17248.7286153728
14916.7070967808
13758.7156314112
15752.435809536
15337.8512592384
12058.1615483904
13585.5121689088
13530.047999999999
10921.182608691199
9172.5705897984
9028.0183477248
10122.369802803201
10920.338497126399
10504.1307641344
10382.4039311872
9592.0575233024
9194.3364824064
9792.4301928448
10655.636210534401
9195.2773459968
11714.0852980224
10815.362071193598
10891.647251456
12278.172238336001
10149.245490176001
13195.1029213696
15924.787775283201
14130.591252633601
13638.5309571072
13565.5838202368
14856.018624358401
16446.0169014272
13685.3144650752
13206.269607475198
12955.7955403264
13213.0133333504
11815.0485333504
11765.9042253312
9676.6949144576
9375.1368684544
10778.7444705792
13056.861308416
5982.524476006401
6142.457350656
5984.0984615423995
5268.5982548992
4017.12866835456
7135.232
9448.0733658624
9092.4679595008
12420.7866046464
10831.596895539202
10303.3018181632
11140.4014034944
9151.183634175999
10676.8850632704
10123.890247936
9492.3357746688
10236.1873710592
13227.096918784
13182.3526956544
10709.5098850816
9331.4411804672
10607.9832070144
10793.356780902399
9965.932088883199
11172.513503334401
13260.8673683968
15209.248367820801
16972.212459008002
17305.6948148224
11270.7831846912
10783.5999003648
11307.4623794176
10540.1677108224
8961.7171113984
8627.7101560832
10481.1015811584
10556.7390985216
9581.946485248
9604.8469333504
8764.9004071936
8627.796504832
12519.4312367616
11446.6284365824
10107.5821714432
11543.857961983998
9254.5176646144
7008.037647052799
10320.475092019202
10469.8142050304
9761.0613774336
8329.797847296
8896.608998912
9299.129345331201
10136.4170397184
10153.6278260736
11014.242755430401
8553.697627136
7691.679022387199
7781.8974233088
7639.04
7442.130957670401
5609.0293721088
5349.244264448
5464.3734393856
3458.12910891008
2588.9018293606396
