1414.83896169472
861.93676775424
923.116654911488
1164.2368
823.511315403776
780.477254125568
1131.53861818368
976.842404441088
1245.49907692544
1180.34389269504
1240.57968934912
1627.6930984448
2519.31049056256
1660.67961555968
2052.54752755712
1909.78309774336
1959.95711340544
2322.81974526976
2634.38864516096
2484.62982488064
2167.18214646784
1775.21563910144
1868.68481972224
1835.91598029824
1475.94249192448
1509.76690456576
1833.50440506368
2105.4786103296
2181.78835124224
1772.00161758208
2183.505953792
2309.23039405056
2085.372429568
1915.5755994624
2343.49951826944
2225.7093670912
1829.71800261632
1728.86018417664
1929.36444563456
2047.9333983744
2470.112
2588.44618683392
1826.01652724736
2024.53439557632
2187.47825230848
2410.20342856704
2761.85554448384
2282.35726451712
2475.5162074112
2944.61925691392
2562.93948235776
2469.33936146432
2530.04845960192
2264.06727156736
1680.68395959296
1452.53950088192
2075.65093409792
2334.95843658752
2484.39829787648
2495.03392457728
2754.52407017472
2164.2489398272
1921.8928484864
1827.06936082432
1882.54467605504
2118.96665168896
2420.85744474112
2939.65758288896
2748.36228196352
2710.79378671616
3012.54277706752
3219.0322758656
3338.20669918208
3361.792
3348.88267230208
3241.59839330304
3189.28698477568
2622.39193453568
2702.85658100736
3025.22478916608
2719.49841542144
2586.61006802944
2318.82864605184
2521.42172212224
2662.5415901184
2500.08262979584
2531.94294905856
2574.8969171968
2695.77536347136
2805.80193856512
2887.7287619072
2920.29935483904
3082.2470377984
2448.09487058944
2484.62476425216
3021.01508675584
2556.30854321152
1964.7989907968
1831.32001035264
2910.66578823168
3125.88515555328
3579.88304859136
3461.8075082752
3244.64223927296
3103.43911293952
2982.77675471872
2653.46210361344
2523.16469352448
2419.40226115584
2657.68385794048
2679.0162873344
2540.364674304
2601.216
2631.45423622144
2689.4897906176
2467.5550032384
2340.5042643456
2392.59251612672
1323.34837722112
1555.025345792
1816.4724747264
2375.08910163968
2452.21617467392
2358.92363636736
2311.6639614464
2250.11281528832
2716.98877698048
2757.49843478528
2705.73630534656
2705.68161943552
3722.13221052416
3501.51310721024
3523.82030769152
2447.44670364672
2600.89674131456
2660.86760055808
2435.2678956544
2199.63977143296
2071.49585378304
2103.61421513728
2268.64426354688
2361.9907368448
2484.15732092928
2812.85655814144
2547.29839739904
2529.89195218944
2982.20925490176
2883.67152137216
2732.32130854912
3029.01501123584
3123.90363148288
3523.93552238592
3556.52917302272
3357.57607206912
3168.01529094144
2067.35127272448
2501.67267702784
3103.57746712576
3140.95190943744
3212.19416732672
2077.2442825728
2109.28005433344
2202.07957584896
2453.39751819264
2612.1359638016
2421.0814457856
1734.49104336896
2198.71557957632
2164.72366265344
1973.07421410304
1951.69343209472
2390.74308344832
1878.39249021952
2124.4388505088
2346.3050561024
2567.3906086912
2455.95382278144
2610.81458302976
2756.24484947968
2317.22759564288
2593.45066667008
2970.83874613248
2998.37657872384
2990.09728270336
2263.77839456256
2166.43506159616
2093.64790751232
2075.99816635392
1742.78686567424
1666.96879930368
1800.09025222656
1964.42881664
2054.168874496
2013.92872727552
2220.27694352384
2354.08084327424
2282.43484624896
2344.20455437312
2378.01559148544
2440.69657970688
2965.32423824384
2699.33308915712
2478.46734809088
2750.0274246144
2911.80423529472
3296.77453617152
3197.40221883392
3117.27912840192
2807.41582979072
2659.93404081152
2485.33416829952
2518.09059602432
2575.49288549376
1994.55748168704
2205.17248262144
2263.635315712
2222.15228235776
2580.37542127616
2934.57436220416
2825.08580068352
2893.4697733632
3114.98597849088
3214.8168028672
3618.92285217792
3416.35905084416
3055.89978753024
2916.352
2753.6133186048
2559.87408318464
2616.0817885184
2818.93450901504
2117.60101663744
2270.30166821888
2562.16847058944
2592.40968781824
2685.13236517888
2855.16108107776
2852.92483168256
2836.70226356224
2642.86405948416
2521.70750178304
2475.53878150144
2979.07685052416
3017.5592595968
3110.59988308992
3322.32895860736
3441.91803580416
3728.14019047424
3883.03044383744
3512.14167810048
3101.29446903808
3400.94918309888
3588.22686262272
3565.39603053568
2867.98368909312
3270.99733332992
3729.98953085952
3786.41576119296
3441.27627184128
3517.38610526208
3220.66847817728
2759.2568724992
2556.81845581824
2067.20220961792
1828.0386865664
2691.14774395904
7074.1948084736
4309.6838387712
4615.58327455744
5821.183999999999
4117.5565770188805
3902.38627062784
5657.6930909184
4884.21202220544
6227.4953846272
5901.7194634752
6202.898446745599
8138.465492224
12596.5524528128
8303.3980777984
10262.737637785598
9548.9154887168
9799.7855670272
11614.0987263488
13171.9432258048
12423.1491244032
10835.9107323392
8876.0781955072
9343.4240986112
9179.579901491199
7379.7124596224
7548.8345228288
9167.5220253184
10527.393051648
10908.9417562112
8860.008087910399
10917.529768960001
11546.151970252798
10426.86214784
9577.877997312
11717.4975913472
11128.546835456
9148.5900130816
8644.300920883199
9646.822228172801
10239.666991872
12350.560000000001
12942.2309341696
9130.0826362368
10122.6719778816
10937.3912615424
12051.0171428352
13809.2777224192
11411.786322585598
12377.581037056
14723.0962845696
12814.6974117888
12346.696807321601
12650.2422980096
11320.3363578368
8403.4197979648
7262.6975044096
10378.254670489601
11674.7921829376
12421.991489382399
12475.169622886398
13772.6203508736
10821.244699136001
9609.464242432
9135.3468041216
9412.7233802752
10594.8332584448
12104.2872237056
14698.2879144448
13741.811409817601
13553.9689335808
15062.7138853376
16095.161379328
16691.0334959104
16808.96
16744.4133615104
16207.991966515201
15946.434923878402
13111.9596726784
13514.2829050368
15126.1239458304
13597.4920771072
12933.0503401472
11594.1432302592
12607.108610611202
13312.707950592001
12500.413148979202
12659.7147452928
12874.484585984
13478.876817356799
14029.0096928256
14438.643809535999
14601.4967741952
15411.235188992
12240.4743529472
12423.123821260799
15105.0754337792
12781.5427160576
9823.994953984
9156.6000517632
14553.3289411584
15629.4257777664
17899.4152429568
17309.037541375998
16223.2111963648
15517.195564697598
14913.8837735936
13267.3105180672
12615.823467622398
12097.011305779199
13288.419289702399
13395.081436672
12701.82337152
13006.08
13157.2711811072
13447.448953088002
12337.775016192
11702.521321728
11962.9625806336
6616.7418861056
7775.12672896
9082.362373632
11875.4455081984
12261.0808733696
11794.618181836799
11558.319807232001
11250.564076441598
13584.9438849024
13787.492173926401
13528.6815267328
13528.4080971776
18610.661052620802
17507.5655360512
17619.101538457602
12237.2335182336
13004.4837065728
13304.3380027904
12176.339478272
10998.1988571648
10357.479268915198
10518.071075686401
11343.221317734402
11809.953684224
12420.7866046464
14064.2827907072
12736.4919869952
12649.4597609472
14911.046274508799
14418.3576068608
13661.606542745601
15145.075056179201
15619.5181574144
17619.6776119296
17782.645865113598
16787.8803603456
15840.0764547072
10336.7563636224
12508.3633851392
15517.8873356288
15704.759547187201
16060.970836633602
10386.221412863999
10546.4002716672
11010.3978792448
12266.9875909632
13060.679819008
12105.407228928
8672.455216844799
10993.577897881602
10823.6183132672
9865.3710705152
9758.4671604736
11953.7154172416
9391.9624510976
10622.194252543999
11731.525280512
12836.953043456
12279.769113907201
13054.0729151488
13781.2242473984
11586.1379782144
12967.2533333504
14854.1937306624
14991.8828936192
14950.4864135168
11318.8919728128
10832.175307980799
10468.239537561602
10379.9908317696
8713.9343283712
8334.8439965184
9000.451261132801
9822.144083199999
10270.844372480002
10069.643636377601
11101.384717619201
11770.4042163712
11412.1742312448
11721.0227718656
11890.0779574272
12203.482898534401
14826.621191219201
13496.6654457856
12392.3367404544
13750.137123072
14559.0211764736
16483.8726808576
15987.0110941696
15586.3956420096
14037.0791489536
13299.6702040576
12426.6708414976
12590.4529801216
12877.4644274688
9972.7874084352
11025.8624131072
11318.17657856
11110.7614117888
12901.8771063808
14672.8718110208
14125.429003417601
14467.348866816
15574.9298924544
16074.084014336
18094.6142608896
17081.7952542208
15279.498937651199
14581.759999999998
13768.066593024
12799.3704159232
13080.408942592001
14094.6725450752
10588.0050831872
11351.508341094399
12810.8423529472
12962.048439091199
13425.6618258944
14275.8054053888
14264.6241584128
14183.5113178112
13214.3202974208
12608.537508915198
12377.6939075072
14895.384252620799
15087.796297984001
15552.999415449598
16611.6447930368
17209.5901790208
18640.7009523712
19415.1522191872
17560.7083905024
15506.4723451904
17004.7459154944
17941.134313113602
17826.9801526784
14339.9184454656
16354.9866666496
18649.9476542976
18932.0788059648
17206.3813592064
17586.9305263104
16103.3423908864
13796.284362496
12784.0922790912
10336.0110480896
9140.193432832
13455.7387197952
