2056.13073867776
2302.91823589376
1787.6942048768
1844.33552475136
1428.70043689984
1633.74513298432
2483.86525942784
2444.04419047424
2415.16868189184
2563.14159223808
2608.55897643008
2651.01070042112
2527.25784226816
2493.87282473984
2962.19927272448
2892.95161731072
2672.98193321984
2667.11120948224
2648.6285837824
2423.21200899072
2251.11174550528
1904.06193548288
821.10795396096
536.632028797952
586.376582025216
692.066236804096
696.379076923392
909.669257606144
1535.70526937088
2446.92180880384
2162.0990326784
2127.3389588992
2221.7117860352
2283.24252903424
2127.57511547904
2038.62075362304
2204.30594016256
2578.07143661568
2589.86758919168
2307.44251602944
2342.03211851776
2377.29305203712
2496.92727903232
2563.4647425536
2525.50775133184
2102.67005341696
2100.3556373504
2180.37211710464
2320.79644444672
1935.03551168512
1839.50421230592
1712.20095674368
1574.56647150592
1343.4181156352
612.282288868352
1812.48898245632
1278.73287908352
938.274860484608
2075.8528
1758.64444362752
1352.22090718208
1415.7879662592
1514.56630448128
2072.81553216512
2088.448
1512.73822459904
1214.52077349888
1612.07028739072
1768.46096202752
2079.1119012352
2097.42446119936
2078.33623747584
2056.42449416192
2336.9157938176
2043.89871483904
1698.9956491264
1145.46861622272
1394.50084595712
1638.18734086144
2543.15644877824
2779.00603938816
1917.94037830656
1394.17176859648
1021.534999305216
1250.96211601408
1494.53975390208
2191.21744779264
1647.79408695296
1567.57494847488
1758.50260534272
1932.8224382464
1918.50129801216
1765.61788976128
1460.26711578624
1635.4173144064
3341.42577777664
3348.69528841216
1883.13857934336
2135.15892609024
1850.2629743616
1573.43212527616
1482.7693559296
1372.39416682496
1330.90417777664
1290.67023739904
455.911082912768
1230.171295488
1926.10566844416
1615.6052626944
1696.73134129152
1592.359119104
1564.68025806848
1398.28211857408
1833.71570919424
2116.44509090816
2109.1963928064
2224.4462016512
2069.36415858688
1627.21712055296
867.167228664832
749.315481414656
1378.50081065984
1683.83059670016
1680.09669064704
1723.88237915136
1839.936
1888.3072
2196.44896969728
2148.19064242176
2169.81610389504
2092.8388261376
2143.52771360768
2130.6820465152
1981.6796595712
1362.24925379584
1684.66328049664
1519.9772483072
1532.08740298752
1615.8511446016
1681.55149044736
1525.08270866432
1608.93607170048
1620.1026006016
1914.82055937024
1620.7680994816
1742.12038409216
2022.50893617152
2330.8433022464
2223.8863298048
2385.684389376
2659.40162091008
2525.17304812544
2510.92432297984
2484.60629332992
2322.3162937856
1985.55974897664
1247.60420327424
1884.314890752
1401.26642423808
2030.88346599424
1863.66846196736
1968.8842345472
2020.5568
1814.8850871808
2066.6421766144
2108.91802098688
2011.11245976576
1978.84402161664
2603.94295652352
2544.40210101248
2509.32012698624
1596.08627006464
1984.47250689024
2146.24394134528
2187.47825230848
2214.3744
1694.5008908288
1484.84942707712
2105.1633889792
2150.0394574336
2181.61515308032
2235.53148172288
2233.33913153536
2264.06727156736
2465.00314074112
2519.80175609856
2610.45829189632
3531.80820125696
3565.39603053568
2965.504
3233.57173455872
2356.70165366784
2404.64318483456
2568.48881159168
2620.79749019648
2862.40988316672
2427.40030270464
2110.23404222464
2480.03105325056
3133.17328371712
2844.92761503744
2772.82978217984
2298.13110448128
2407.83888315392
2584.0481305088
2428.65835737088
2010.5265152
1737.83239913472
2091.4034351616
2327.44228571136
2461.25147286528
2547.6159463936
2575.49288549376
2405.87375450112
2174.05109677056
1994.55121568768
2186.14518518784
2564.0094038016
2855.8693026816
3108.12842344448
2946.18480971776
2944.04162601984
1845.54297942016
1805.53634707456
2033.44447919104
2350.27461456896
2142.0102620672
2600.3687513088
3202.73838913536
3154.54671038464
3161.00746066944
1963.16167181312
2288.0384
2613.41184
2283.0435770368
2355.11609682944
2428.5278160896
2847.28664031232
2675.93851553792
2459.96689273856
2934.1606956544
3043.4565019648
2705.66253155328
2668.22106187776
2508.37936700416
2483.63028013056
2496.82736920576
3145.61828571136
3149.56913777664
3493.70523884544
3387.2744918016
2708.04551775232
2699.79569230848
2699.80855491584
2642.81141598208
2546.0736
2281.942235648
2255.02094222336
2272.12471794688
2905.66678260736
3521.35329460224
3024.03404713984
2885.64812598272
3121.97577653248
3162.59275117568
10280.653693388798
11514.5911794688
8938.471024384
9221.677623756801
7143.502184499201
8168.7256649216
12419.3262971392
12220.2209523712
12075.843409459201
12815.707961190401
13042.7948821504
13255.0535021056
12636.2892113408
12469.364123699199
14810.9963636224
14464.7580865536
13364.9096660992
13335.5560474112
13243.142918911999
12116.0600449536
11255.5587275264
9520.3096774144
4105.5397698048
2683.16014398976
2931.88291012608
3460.3311840204797
3481.8953846169597
4548.34628803072
7678.5263468544
12234.6090440192
10810.495163391999
10636.694794496
11108.558930176001
11416.2126451712
10637.8755773952
10193.1037681152
11021.5297008128
12890.357183078399
12949.3379459584
11537.2125801472
11710.1605925888
11886.4652601856
12484.636395161599
12817.323712768
12627.5387566592
10513.3502670848
10501.778186751999
10901.8605855232
11603.9822222336
9675.1775584256
9197.5210615296
8561.004783718401
7872.8323575296
6717.090578175999
3061.41144434176
9062.4449122816
6393.6643954176
4691.37430242304
10379.264000000001
8793.2222181376
6761.1045359104
7078.939831296
7572.8315224064
10364.077660825602
10442.24
7563.6911229952
6072.6038674944
8060.351436953601
8842.3048101376
10395.559506176
10487.1223059968
10391.6811873792
10282.1224708096
11684.578969088
10219.4935741952
8494.978245631999
5727.3430811135995
6972.5042297856
8190.9367043072
12715.782243891199
13895.0301969408
9589.7018915328
6970.858842982399
5107.674996526081
6254.8105800704
7472.6987695104
10956.0872389632
8238.9704347648
7837.874742374401
8792.513026713601
9664.112191232
9592.506490060801
8828.0894488064
7301.335578931201
8177.086572032
16707.128888883202
16743.4764420608
9415.6928967168
10675.7946304512
9251.314871808001
7867.1606263808
7413.846779648
6861.9708341248
6654.520888883199
6453.3511869952
2279.55541456384
6150.85647744
9630.528342220801
8078.026313472
8483.656706457601
7961.79559552
7823.4012903424
6991.410592870399
9168.578545971199
10582.225454540801
10545.981964032
11122.231008256002
10346.820792934399
8136.085602764801
4335.83614332416
3746.57740707328
6892.5040532992
8419.1529835008
8400.4834532352
8619.4118957568
9199.68
9441.536
10982.2448484864
10740.9532121088
10849.080519475201
10464.194130688
10717.638568038401
10653.410232576
9908.398297856
6811.246268979201
8423.3164024832
7599.886241536
7660.437014937599
8079.255723008
8407.7574522368
7625.413543321601
8044.6803585024
8100.513003008
9574.1027968512
8103.840497408
8710.6019204608
10112.5446808576
11654.216511232
11119.431649024
11928.42194688
13297.008104550401
12625.8652406272
12554.621614899199
12423.0314666496
11611.581468928
9927.798744883201
6238.0210163712
9421.57445376
7006.332121190399
10154.4173299712
9318.3423098368
9844.421172736
10102.784
9074.425435903999
10333.210883071999
10544.5901049344
10055.5622988288
9894.2201080832
13019.7147826176
12722.0105050624
12546.600634931201
7980.431350323201
9922.3625344512
10731.219706726399
10937.3912615424
11071.872000000001
8472.504454144
7424.2471353856
10525.816944896
10750.197287168001
10908.0757654016
11177.6574086144
11166.6956576768
11320.3363578368
12325.015703705601
12599.0087804928
13052.291459481601
17659.0410062848
17826.9801526784
14827.52
16167.8586727936
11783.508268339201
12023.2159241728
12842.4440579584
13103.9874509824
14312.0494158336
12137.0015135232
10551.170211123199
12400.155266252801
15665.8664185856
14224.638075187198
13864.148910899201
11490.6555224064
12039.1944157696
12920.240652544
12143.2917868544
10052.632576
8689.1619956736
10457.017175808
11637.2114285568
12306.2573643264
12738.079731968
12877.4644274688
12029.3687725056
10870.2554838528
9972.7560784384
10930.725925939201
12820.047019008
14279.346513408
15540.6421172224
14730.9240485888
14720.2081300992
9227.7148971008
9027.6817353728
10167.2223959552
11751.373072844799
10710.051310336
13001.843756544
16013.691945676801
15772.7335519232
15805.0373033472
9815.808359065599
11440.192
13067.059200000002
11415.217885184
11775.580484147198
12142.639080448
14236.433201561598
13379.6925776896
12299.834463692801
14670.803478272
15217.282509824
13528.3126577664
13341.1053093888
12541.8968350208
12418.151400652801
12484.1368460288
15728.0914285568
15747.8456888832
17468.5261942272
16936.372459008002
13540.2275887616
13498.9784615424
13499.0427745792
13214.057079910399
12730.368
11409.711178239999
11275.1047111168
11360.623589734401
14528.3339130368
17606.7664730112
15120.1702356992
14428.2406299136
15609.878882662399
15812.9637558784
