2224.31761258496
2128.28936493056
2122.45547490304
2062.11684132864
1813.27659757568
2049.70407800832
2154.27544614912
1162.0738415104
832.074370214912
464.250147714048
444.10548352
1126.9767461888
1129.16241860608
1395.6096
957.185566707712
845.543115845632
729.111562800128
1721.37534693376
1518.58353719296
1430.14501856256
1609.84549158912
1380.7232748544
1443.78148571136
1985.03831691264
1988.14986215424
1826.1170589696
1730.54776583168
1751.824
1797.73705399296
1695.60617455616
1607.78202673152
1752.2791988736
1663.19469632512
1780.6419723264
596.365752066048
1094.6679533056
1078.377713408
864.430092089344
774.866044205056
555.4483087104
610.669890874368
325.738169203712
369.51193639424
543.53448496128
696.649124938752
942.913916167168
1203.22698914816
1513.43476363264
1344.84783903744
1215.3159412736
694.737581776896
1340.42823904256
706.384457143296
469.929082227712
591.863804357632
817.50244905984
695.203623800832
976.621746086912
1071.25431192576
1239.45806717952
1246.09422222336
1645.58361655296
1997.55792125952
2060.76427907072
2651.99746031616
2124.27069837312
1834.80717466624
1393.44985550848
1755.4984209408
1908.30667421696
1964.56579854336
1914.91150769152
1877.74126829568
1864.58968742912
2076.04391088128
2723.17053075456
2288.85076867072
2127.86384063488
2073.47712
2576.67416144896
1941.90483180544
2063.67261872128
2205.16057516032
1887.02036457472
1929.03281573888
2155.70038675456
2337.66019802112
1710.54506064896
1958.95371353088
2132.5550402048
2169.02428613632
2075.16974212096
1966.96028069888
2083.4849962496
2199.89286766592
2096.99620919296
1914.27727581184
1595.7438975488
1699.41220647936
1271.54636123136
478.94052434432
317.688214253568
538.758122148864
709.815561481216
834.55264936448
706.534829049856
1344.67411296256
1591.9635801088
1705.988773888
1613.9169852416
1831.00725581824
1654.7577995776
1396.90178084864
1664.7306998784
1681.69000451072
1636.21136480256
1734.2654020608
1914.72417391616
1838.26992477184
1649.44448078848
1729.0689874432
1845.61063949312
1853.32509571072
1824.48
2058.67069528064
1830.40265284608
1422.45363465216
1363.923956992
1508.30406808576
1529.29830663168
1533.23603252224
1661.68013321216
1895.57230345216
1484.94330558464
1454.9292786176
1610.10796936192
1657.13495858176
1759.71181714432
1314.63614249984
1215.67268150272
1573.08023553024
1861.59862518784
1487.72652924928
1666.39952238592
1607.44215415808
1781.21424964608
1680.58201105408
1591.46022641664
1709.28937674752
1714.35507789824
1632.45114544128
2071.0849122816
1630.07587096576
1661.94400891904
1574.90415325184
1558.26048822272
1315.59353315328
1244.01371428864
1105.38148207616
1135.57850140672
1018.63326251008
1064.5809357312
1340.997338112
919.227511688192
1676.52095256576
1564.68111235072
1706.9930146304
2036.64057858048
2566.74377143296
2225.88342856704
1945.6882215424
1861.51471366144
2294.15133758464
2353.277118976
2477.10951916544
2751.84391456768
2578.34354817024
2563.51721739264
2647.0866376192
2881.96778336256
3080.7050343424
2691.579904
2763.20978823168
3265.68228571136
3278.5756059136
3332.64103225344
2682.97102222336
2127.11175757824
2407.56123711488
2475.71753290752
2646.20008988672
2405.486878976
2265.088
2201.56183851008
2716.68032520192
2417.79528205312
1912.96722470912
2035.98506667008
2000.5978424832
2025.96167218176
2012.63496170496
1911.64374061056
1877.74126829568
1993.42440201216
1950.76539901952
1908.23156649984
1997.74097297408
2370.23886390272
1674.08764013568
3861.83016296448
4847.35022901248
4166.92252054528
2017.27693871104
1779.647535104
3369.7792
5183.2923312128
5246.74844444672
2435.29407228928
1699.844670464
1745.43517622272
1880.38151938048
1531.15061310464
1562.60259233792
2065.39021339648
1461.94149773312
1672.8250417152
2046.73138714624
1871.35423279104
1857.7563884544
1824.91690621952
1717.51931623424
1688.4611242496
1656.49838913536
1785.56088446976
1493.45340711936
1924.95790563328
1576.7307462656
1584.95823982592
2094.0463061504
1744.61455705088
1782.64102641664
1895.19269352448
2211.0336
2600.73687159808
1742.66356023296
951.309414847488
1333.7858790912
1223.296
912.624669671424
1138.66697690112
1177.343270656
1284.40102127616
1047.68191044608
1104.17702127616
1263.95328589824
1070.50821818368
1349.99621090304
920.834323049472
1061.23190419456
1142.39890597888
843.165567809536
872.826153546752
807.811855988736
1047.15864584192
3034.37953153024
2233.620854784
11121.5880629248
10641.446824652801
10612.277374515199
10310.5842066432
9066.3829878784
10248.520390041598
10771.3772307456
5810.369207551999
4160.37185107456
2321.25073857024
2220.5274176000003
5634.8837309440005
5645.8120930304
6978.048
4785.927833538561
4227.71557922816
3645.55781400064
8606.8767346688
7592.9176859648
7150.7250928128
8049.2274579456
6903.616374272
7218.9074285567995
9925.191584563201
9940.7493107712
9130.585294848
8652.7388291584
8759.12
8988.6852699648
8478.0308727808
8038.9101336576
8761.395994368
8315.9734816256
8903.209861632
2981.82876033024
5473.339766527999
5391.88856704
4322.15046044672
3874.33022102528
2777.241543552
3053.34945437184
1628.69084601856
1847.5596819712
2717.6724248064
3483.24562469376
4714.5695808358405
6016.1349457408005
7567.1738181632
6724.2391951872005
6076.579706368
3473.6879088844803
6702.1411952128
3531.92228571648
2349.64541113856
2959.31902178816
4087.5122452992
3476.0181190041603
4883.10873043456
5356.2715596288
6197.2903358976
6230.4711111168
8227.9180827648
9987.7896062976
10303.8213953536
13259.9873015808
10621.3534918656
9174.035873331199
6967.2492775424
8777.492104704
9541.533371084799
9822.8289927168
9574.5575384576
9388.706341478399
9322.9484371456
10380.219554406402
13615.8526537728
11444.2538433536
10639.3192031744
10367.3856
12883.3708072448
9709.5241590272
10318.3630936064
11025.8028758016
9435.1018228736
9645.164078694399
10778.5019337728
11688.3009901056
8552.7253032448
9794.768567654399
10662.775201024
10845.1214306816
10375.848710604801
9834.8014034944
10417.424981248001
10999.4643383296
10484.9810459648
9571.3863790592
7978.719487744001
8497.0610323968
6357.731806156799
2394.7026217216
1588.44107126784
2693.79061074432
3549.07780740608
4172.7632468224
3532.6741452492797
6723.3705648128
7959.817900544
8529.94386944
8069.584926208
9155.0362790912
8273.788997888001
6984.508904243201
8323.653499392
8408.4500225536
8181.0568240128
8671.327010304
9573.6208695808
9191.3496238592
8247.2224039424
8645.344937216
9228.0531974656
9266.6254785536
9122.4
10293.3534764032
9152.0132642304
7112.2681732608
6819.61978496
7541.5203404288
7646.4915331584
7666.1801626112
8308.4006660608
9477.8615172608
7424.7165279232
7274.646393088
8050.539846809599
8285.6747929088
8798.559085721601
6573.180712499199
6078.3634075136
7865.401177651201
9307.9931259392
7438.6326462464
8331.997611929599
8037.2107707904
8906.071248230399
8402.9100552704
7957.301132083199
8546.4468837376
8571.7753894912
8162.2557272064005
10355.424561408
8150.3793548288
8309.7200445952
7874.5207662592
7791.302441113599
6577.9676657664
6220.068571443199
5526.9074103808
5677.892507033601
5093.1663125504
5322.904678656
6704.98669056
4596.13755844096
8382.6047628288
7823.4055617536
8534.965073152
10183.2028929024
12833.7188571648
11129.4171428352
9728.441107712
9307.5735683072
11470.7566879232
11766.385594880001
12385.5475958272
13759.2195728384
12891.7177408512
12817.5860869632
13235.433188095998
14409.838916812801
15403.525171711999
13457.89952
13816.048941158399
16328.4114285568
16392.878029568
16663.2051612672
13414.855111116798
10635.558787891201
12037.8061855744
12378.5876645376
13231.000449433599
12027.43439488
11325.44
11007.809192550401
13583.4016260096
12088.9764102656
9564.8361235456
10179.9253333504
10002.989212416
10129.808360908799
10063.1748085248
9558.2187030528
9388.706341478399
9967.1220100608
9753.8269950976
9541.1578324992
9988.7048648704
11851.1943195136
8370.4382006784
19309.150814822402
24236.7511450624
20834.612602726404
10086.3846935552
8898.23767552
16848.896
25916.461656064
26233.7422222336
12176.4703614464
8499.223352320001
8727.1758811136
9401.9075969024
7655.753065523199
7813.0129616896
10326.9510669824
7309.7074886656
8364.125208576
10233.6569357312
9356.7711639552
9288.781942272
9124.5845310976
8587.5965811712
8442.305621248
8282.4919456768
8927.8044223488
7467.2670355968
9624.7895281664
7883.653731328
7924.7911991296
10470.231530752
8723.0727852544
8913.2051320832
9475.963467622401
11055.168000000001
13003.684357990402
8713.3178011648
4756.54707423744
6668.929395456
6116.4800000000005
4563.12334835712
5693.334884505601
5886.71635328
6422.0051063808005
5238.409552230401
5520.885106380801
6319.7664294912
5352.541090918399
6749.9810545152
4604.17161524736
5306.1595209728
5711.9945298944
4215.82783904768
4364.13076773376
4039.0592799436804
5235.793229209599
15171.8976576512
11168.10427392
