598.769547572224
829.75995169792
394.842438059008
574.52644434944
624.175804685312
649.781457076224
405.063555408896
501.664819475456
508.02485696
557.970483255296
622.99408626688
795.571733863424
1071.96010635264
782.411813907456
849.502180601856
746.650328914944
984.360519328768
860.1456196608
762.070207773696
842.41914699776
762.855185783808
731.469510253568
768.039039670272
722.40770474496
657.072368397312
715.293076543488
623.737057024
569.324388508672
516.999510098944
814.279758769152
703.491479048192
497.906104561664
769.35346086912
887.6710117888
752.218352941056
729.028266667008
688.131849623552
784.5941659392
835.013728177152
703.391181313024
711.686467367936
747.265062240256
701.36002299904
814.353301260288
777.826353458176
592.881136745472
829.461608440832
823.13962561536
783.786083113984
817.22882743808
826.652304668672
748.797551541248
706.533455633408
551.409153272832
749.655307029504
818.533532203008
752.253856664576
727.51850467328
1025.484280064
921.768328767488
810.43227467776
796.514461538304
828.157607476224
887.521062417408
865.0827155968
948.904502905856
537.8825518592
814.626332361728
958.907125979136
1012.240162654208
983.51469007872
1052.81903589376
951.298455635968
931.777355293696
1018.057839684608
921.245653958656
597.197715989504
1045.70171757568
596.279533359104
1056.57717138432
1210.9289171968
1021.618676759552
1237.36436363264
1349.59867834368
1369.99477441536
1252.53941644288
1277.952
1120.03288955904
1218.8287145984
1041.0695965696
1030.93841992704
1078.0455384576
1022.54576904192
668.264182345728
523.833969912832
654.221143759872
501.580688359424
430.669415272448
423.330761183232
435.89969631232
873.196676232192
1058.81748083712
885.62939741184
534.999946194944
507.910579919872
438.230583355392
811.220180179968
1345.34776470528
950.441754010624
1141.06249275392
1023.17917996032
1005.729569296384
1234.32941089792
1428.54970661888
1581.89729460224
1241.50364575744
1036.20367058944
1280.31265763328
1105.5661926912
1378.64049374208
1414.848
1298.39885318144
803.901686747136
1015.175178835968
1119.70748652544
1052.7148153344
1035.4688
809.249899543552
901.893873144832
867.292942258176
1139.04643247104
963.568743207936
1196.64596145152
1161.4349241344
1046.97114775552
1146.59491504128
823.945332441088
1209.42517072896
1273.3291832832
1074.5381636608
1073.08204269568
986.626522167296
814.497185184768
948.478602789888
1153.50205267968
1165.46108812288
1059.30790581248
1253.18743734272
1126.78092371968
855.706515247104
1116.32945626112
960.234717339648
1212.00306992128
838.022393476096
616.179210838016
348.776421863424
570.568631043072
440.165127445504
614.996747521024
751.8208
849.190671223808
624.04508848128
2993.84773786112
4148.7997584896
1974.2121902950398
2872.6322217471998
3120.87902342656
3248.90728538112
2025.31777704448
2508.32409737728
2540.1242848
2789.85241627648
3114.9704313344
3977.85866931712
5359.8005317632
3912.0590695372803
4247.51090300928
3733.25164457472
4921.80259664384
4300.728098304
3810.35103886848
4212.095734988799
3814.27592891904
3657.34755126784
3840.19519835136
3612.0385237248
3285.3618419865597
3576.46538271744
3118.68528512
2846.62194254336
2584.99755049472
4071.39879384576
3517.45739524096
2489.53052280832
3846.7673043455998
4438.355058944
3761.0917647052797
3645.14133333504
3440.6592481177595
3922.9708296960002
4175.06864088576
3516.95590656512
3558.43233683968
3736.3253112012803
3506.8001149951997
4071.76650630144
3889.13176729088
2964.4056837273597
4147.30804220416
4115.6981280768005
3918.93041556992
4086.1441371903998
4133.26152334336
3743.9877577062402
3532.6672781670404
2757.04576636416
3748.27653514752
4092.66766101504
3761.2692833228803
3637.5925233663997
5127.4214003199995
4608.84164383744
4052.1613733888
3982.57230769152
4140.78803738112
4437.60531208704
4325.413577984
4744.52251452928
2689.4127592960003
4073.1316618086403
4794.53562989568
5061.20081327104
4917.5734503936
5264.0951794688
4756.4922781798405
4658.88677646848
5090.28919842304
4606.228269793281
2985.98857994752
5228.5085878784
2981.39766679552
5282.885856921601
6054.6445859840005
5108.09338379776
6186.8218181632
6747.9933917184
6849.9738720768
6262.6970822144
6389.76
5600.1644477952
6094.1435729919995
5205.347982847999
5154.6920996352
5390.227692288
5112.7288452096
3341.32091172864
2619.16984956416
3271.10571879936
2507.90344179712
2153.34707636224
2116.6538059161603
2179.4984815616
4365.98338116096
5294.0874041856005
4428.1469870592
2674.9997309747196
2539.55289959936
2191.15291677696
4056.10090089984
6726.738823526401
4752.20877005312
5705.3124637696
5115.8958998016
5028.64784648192
6171.6470544896
7142.7485330944
7909.4864730112
6207.518228787199
5181.0183529472
6401.5632881664
5527.830963456
6893.2024687104
7074.24
6491.9942659072
4019.50843373568
5075.8758941798405
5598.537432627199
5263.574076672001
5177.344000000001
4046.2494977177603
4509.4693657241605
4336.464711290881
5695.2321623552
4817.84371603968
5983.2298072575995
5807.174620672
5234.8557387776
5732.9745752064
4119.72666220544
6047.1258536448
6366.645916416001
5372.690818304
5365.4102134784
4933.13261083648
4072.48592592384
4742.39301394944
5767.5102633984
5827.3054406144
5296.5395290624
6265.9371867136
5633.9046185984
4278.53257623552
5581.6472813056
4801.17358669824
6060.0153496064
4190.11196738048
3080.89605419008
1743.88210931712
2852.8431552153597
2200.82563722752
3074.98373760512
3759.104
4245.95335611904
3120.2254424064
