789.961163288576
680.407660606464
1638.49766915072
1262.4254457856
762.027438913536
962.297489318912
1731.41148686336
1207.64536470528
1215.91250881536
656.997720448
571.765325461504
812.79370763264
498.3768186624
433.652221093888
406.455617463296
773.450523751424
519.087617746944
455.316556005376
446.262557377536
507.688015066112
1115.52693076992
1236.14492146688
1376.59074688
1286.25002243072
1240.90561207296
1311.1849513472
1505.6844906496
2081.05310440448
1942.47901049856
2054.16748025856
2473.27964111872
2330.89296811008
1284.54641924096
495.661893557248
793.333093907456
993.3957062144
1101.28581588992
1068.86465401856
1345.85815730176
1069.62126539776
783.579519207424
1063.72269351936
1340.2112
855.487064873984
971.880289815552
496.914311360512
806.73743035392
1181.18656427008
1559.83518319616
1623.06900217856
1910.9636491264
2242.98325332992
2135.20756363264
2253.26885850112
2550.00324903936
1808.5229234176
1829.29842423808
1746.6796391936
1723.494022144
1412.87267158016
1249.39951194112
1333.31488084992
1397.74025344
1435.0261376512
1344.67476860928
1088.00787692544
906.752258455552
910.879814416384
1078.82946717696
885.775484550144
923.768
1151.30856321024
1603.904
797.36976080384
741.930446838784
892.55992626688
1208.24910769152
723.7043685632
336.213570535424
276.088475905024
293.575071660032
294.467903194112
252.3010416896
284.605781994496
267.045404655616
302.744380952576
294.76114856448
309.066373088256
305.296697931776
297.162468100096
315.571399826432
730.81154389504
1062.71787677696
1367.87552342016
1594.97672799232
2096.99620919296
2246.59304159232
2218.41547774976
2301.80547642368
2099.20744727552
1978.4083262976
2067.55431610368
2816.0472615424
2035.9440679936
2007.13791235072
2470.112
3056.51963833344
2958.3717453824
2715.6555992576
3253.68618764288
3560.80305527808
3749.18554589184
3866.2882622976
3244.6086213632
2848.90505544704
3351.53624614912
3424.40191348736
3063.55867826176
3034.91672805376
3880.76296209408
3889.38812235776
3474.35096402944
3477.13624767488
3312.53106382848
3336.83667478528
3211.5246545408
3207.31583863808
3171.1232
3136.73854867456
3137.57446009856
3160.69327374336
3481.15547286528
3205.34092128256
2836.71910660096
2600.89674131456
2356.01103860736
2078.33623747584
1942.89948265472
2000.96573014016
2049.18693919744
2001.91735400448
1875.49115224064
2023.08266667008
1640.0384
1113.19659501568
2251.7832624128
2869.67305660416
2883.67152137216
2882.33110588416
2729.94770632704
2690.17155702784
2518.43925332992
2245.88231110656
1087.35505178624
798.155308737536
1462.72894070784
4285.4097041408
4822.22520430592
4702.5551186432
1378.22348034048
1600.0055719424
2050.10883168256
1339.79572759552
1417.02739539968
2122.36047058944
1926.91550685184
2317.44084767744
1965.56318925824
1705.07296796672
1644.58634167296
1679.54494555136
1502.44920889344
1787.5025310208
2558.98316084224
2667.65640525824
2595.60369230848
2511.59031714816
2127.91203608576
2439.37728466944
2350.12199368704
1427.85486142464
1007.327808382976
626.327552
809.426677326848
889.773860962304
962.719832265728
1345.22223954944
1230.13692004352
1225.89732283392
850.856358315008
1350.92815296512
783.936564608
781.786921417728
1087.27440490496
910.495040871424
792.756790285312
817.976422586368
659.527256148992
722.629737930752
764.622311010304
716.077541256192
1085.48762790912
1250.55662132224
1387.03306293248
1292.02406524928
1276.34599011328
1088.89001039872
1272.66201111552
1454.34266934272
1540.92730640384
1713.90790822912
1686.1715299328
1823.72739459072
2171.32771639296
1908.5475115008
1147.78123553792
755.531776
610.970502770688
1201.26009347072
1398.12919728128
1206.81201989632
1089.89351392256
1122.57057321984
3949.8058164428803
3402.03830303232
8192.4883457536
6312.1272289280005
3810.13719456768
4811.4874465945595
8657.057434316801
6038.2268235264
6079.5625440768
3284.98860224
2858.8266273075196
4063.9685381632
2491.884093312
2168.26110546944
2032.27808731648
3867.25261875712
2595.43808873472
2276.58278002688
2231.31278688768
2538.44007533056
5577.6346538496
6180.7246073344
6882.9537344
6431.250112153601
6204.5280603648
6555.924756736
7528.422453248
10405.2655220224
9712.3950524928
10270.8374012928
12366.3982055936
11654.4648405504
6422.7320962048
2478.30946778624
3966.66546953728
4966.978531072
5506.4290794496
5344.3232700928
6729.2907865088
5348.1063269888
3917.89759603712
5318.613467596801
6701.056
4277.43532436992
4859.40144907776
2484.57155680256
4033.6871517696
5905.9328213503995
7799.1759159808
8115.345010892799
9554.818245632
11214.9162666496
10676.0378181632
11266.3442925056
12750.0162451968
9042.614617088
9146.4921211904
8733.398195968
8617.47011072
7064.3633579008
6246.9975597056
6666.5744042496
6988.7012672
7175.130688256
6723.3738430464
5440.0393846272
4533.76129227776
4554.39907208192
5394.1473358848
4428.87742275072
4618.84
5756.5428160512
8019.52
3986.8488040192
3709.65223419392
4462.7996313344
6041.245538457601
3618.5218428159997
1681.06785267712
1380.44237952512
1467.8753583001599
1472.3395159705601
1261.505208448
1423.02890997248
1335.22702327808
1513.72190476288
1473.8057428224
1545.3318654412801
1526.48348965888
1485.81234050048
1577.8569991321601
3654.0577194752
5313.589383884801
6839.3776171008
7974.8836399616
10484.9810459648
11232.965207961599
11092.077388748801
11509.0273821184
10496.037236377599
9892.041631488
10337.7715805184
14080.236307712
10179.720339968
10035.6895617536
12350.560000000001
15282.5981916672
14791.858726912
13578.277996288
16268.430938214402
17804.0152763904
18745.9277294592
19331.441311488
16223.043106816001
14244.5252772352
16757.6812307456
17122.009567436802
15317.793391308802
15174.5836402688
19403.8148104704
19446.9406117888
17371.754820147202
17385.6812383744
16562.6553191424
16684.1833739264
16057.623272704
16036.5791931904
15855.616
15683.692743372801
15687.8723004928
15803.4663687168
17405.7773643264
16026.7046064128
14183.5955330048
13004.4837065728
11780.055193036802
10391.6811873792
9714.4974132736
10004.8286507008
10245.9346959872
10009.5867700224
9377.4557612032
10115.4133333504
8200.192
5565.9829750784
11258.916312064
14348.365283020801
14418.3576068608
14411.655529420801
13649.738531635201
13450.8577851392
12592.1962666496
11229.411555532799
5436.7752589312
3990.77654368768
7313.644703539199
21427.048520704004
24111.1260215296
23512.775593216
6891.1174017024
8000.027859712
10250.544158412798
6698.9786379776
7085.1369769984
10611.8023529472
9634.5775342592
11587.204238387201
9827.8159462912
8525.364839833599
8222.9317083648
8397.724727756799
7512.246044467201
8937.512655104
12794.9158042112
13338.2820262912
12978.018461542399
12557.9515857408
10639.5601804288
12196.886423347201
11750.6099684352
7139.2743071232
5036.639041914879
3131.6377599999996
4047.13338663424
4448.86930481152
4813.59916132864
6726.1111977472
6150.6846002176
6129.4866141696
4254.28179157504
6754.6407648256
3919.68282304
3908.93460708864
5436.3720245248
4552.47520435712
3963.78395142656
4089.8821129318403
3297.63628074496
3613.14868965376
3823.1115550515196
3580.38770628096
5427.4381395456
6252.7831066112
6935.1653146624
6460.1203262464005
6381.7299505664005
5444.4500519936
6363.3100555776
7271.7133467136
7704.6365320192
8569.539541145601
8430.857649664
9118.6369729536
10856.6385819648
9542.737557504
5738.906177689601
3777.65888
3054.8525138534396
6006.3004673536
6990.6459864064
6034.0600994815995
5449.4675696128
5612.852866099201
