1476.02346793984
1170.212523776
826.640553383936
1049.78146023424
1240.57505709056
972.687333676032
1225.62716849152
1424.04424508416
1163.31805278208
1683.33847396352
1404.79060018176
1513.95068915712
1620.1026006016
1703.56101408768
1421.85565090816
1346.7717497344
1260.08841756672
739.889403508736
1199.9909093888
651.558516012032
1738.83952137216
1480.2738557952
1791.39800295424
1847.29092441088
1375.8995280384
1273.3292178432
837.749265471488
1356.93477761024
895.002425806848
924.610935779328
387.69546088448
954.198119815168
864.28441156096
670.587573661696
849.777303238656
851.997771047936
910.692434613248
885.335293833216
909.156554079232
1190.99672813568
1047.80227340288
935.393115661312
955.38928381952
464.384
343.113142856704
315.494126446592
657.696108474368
753.49387859456
666.058172396544
575.947948976128
713.259584658432
735.002704533504
546.004258813952
917.350234304512
892.757676727296
1322.3919616
918.709164235776
545.46624963584
750.911382636544
636.378470315008
602.845924914176
886.529201878016
1551.61991437312
1514.749811968
848.100710660096
422.73780523008
480.159375567872
911.635104477184
1335.85736414208
1248.62327340032
995.724665263104
1571.1405778432
1464.68284423168
1642.61472463872
1580.85978442752
1682.39308577792
1657.75603166208
1599.08330539008
1651.23320136704
1220.00094852096
877.075801105408
682.335899506688
993.783705449472
1136.88233874432
992.023315547136
2044.66556783616
1701.64814414848
1686.75444784128
1751.77882020864
1395.75546349568
764.8004708352
566.69345852928
1896.2661479936
1334.9675316736
1599.72368253952
1768.99011764224
2130.9879108096
1517.98175837184
1518.89524463616
1401.17001942016
1921.65071038464
2143.54406125568
1598.6294497792
2107.59019355136
1577.63554070528
1960.77107597312
1819.43526372352
1462.6670456832
1159.85607607296
867.517305673728
2183.66658860032
2369.7142228992
2366.32358528
1462.55880963072
1644.56660486144
2245.8748041216
2246.72779966464
2181.48141176832
1887.22518242304
1533.52729954304
1248.48183686144
848.743029876736
1178.50473032704
1081.17333332992
999.313066667008
882.617643972608
646.957498929152
356.30597752832
713.18200402432
453.702213170176
666.650545168384
711.678377179136
876.041383267328
533.40788800512
385.26294309376
869.82844321792
1092.90071414784
1175.38003053568
1006.192659479552
976.585390875648
1006.158462338048
1075.83824657408
670.4106577408
1299.40374575104
1669.2008708608
1397.14605060096
1799.9132781056
1764.1284601344
1826.07312297984
1481.22162637824
2031.90236205056
2286.71845036032
1295.70133332992
1437.5735544832
1911.86039069696
1969.438830848
1900.87727034368
1724.8728615424
1271.73759511552
1465.92861090816
1805.19046112256
1374.29861947392
1259.65630328832
1346.91757184
1388.81005934592
1389.9686956544
1232.16045070336
1352.11872206848
1235.9213344768
1621.64683261952
1546.08477261824
1590.08030103552
1600.80782222336
1519.97753686016
1533.8304897536
1151.25882696704
1571.01499594752
1711.07799757824
1140.59620477952
1771.67341735936
1185.8079253504
1866.56026630144
1876.48068175872
1502.97572852736
1379.3799958528
1874.13826757632
1342.728778496
2083.70131354624
2039.59336244224
1470.25370728448
1779.68620654592
1661.87652365312
1647.33672727552
1915.9538162176
1931.51260115968
1999.16641695744
1710.73926094848
1889.0583092736
1702.03146395648
1958.2333023232
1663.91984520192
1879.56918120448
2306.7383370752
1821.77476923392
2243.65652124672
1704.60289549312
1610.99881025536
1925.81907692544
1927.53517131776
1624.13418068992
1649.3581298688
1944.91907928064
2060.39430839296
1257.47550385152
1377.176684544
814.591487486976
1992.43611813888
2028.05426086912
1908.78844558336
1567.39746043904
1070.94576600064
1177.61665040384
1132.4922828288
1073.31045261312
1033.00542729216
1111.936645376
737.747002375168
893.197151732736
969.596142466048
937.146181818368
1217.87733332992
1134.30654133248
1179.02139774976
1659.78812009472
7380.1173396992
5851.06261888
4133.20276691968
5248.907301171201
6202.8752854528
4863.43666838016
6128.1358424576
7120.2212254208
5816.590263910401
8416.6923698176
7023.9530009088
7569.7534457856
8100.513003008
8517.8050704384
7109.2782545408
6733.858748672
6300.4420878335995
3699.44701754368
5999.954546944
3257.7925800601597
8694.1976068608
7401.369278976
8956.9900147712
9236.4546220544
6879.497640191999
6366.646089216
4188.74632735744
6784.6738880512
4475.01212903424
4623.05467889664
1938.4773044223998
4770.99059907584
4321.422057804801
3352.9378683084797
4248.88651619328
4259.98885523968
4553.46217306624
4426.67646916608
4545.78277039616
5954.983640678401
5239.0113670144
4676.96557830656
4776.9464190976
2321.92
1715.5657142835198
1577.47063223296
3288.48054237184
3767.4693929728
3330.2908619827203
2879.73974488064
3566.29792329216
3675.01352266752
2730.02129406976
4586.75117152256
4463.78838363648
6611.9598080000005
4593.54582117888
2727.3312481792
3754.5569131827197
3181.8923515750403
3014.22962457088
4432.6460093900805
7758.0995718656
7573.74905984
4240.503553300479
2113.6890261504
2400.79687783936
4558.17552238592
6679.2868207104
6243.116367001599
4978.62332631552
7855.702889216
7323.4142211584
8213.073623193599
7904.2989221376
8411.9654288896
8288.7801583104
7995.416526950401
8256.1660068352
6100.0047426048
4385.37900552704
3411.6794975334396
4968.91852724736
5684.4116937215995
4960.11657773568
10223.3278391808
8508.2407207424
8433.772239206399
8758.894101043199
6978.7773174784
3824.002354176
2833.4672926464
9481.330739968
6674.837658368
7998.6184126976
8844.950588211199
10654.939554048
7589.9087918591995
7594.4762231808
7005.850097100801
9608.2535519232
10717.7203062784
7993.147248896001
10537.950967756798
7888.1777035263995
9803.855379865601
9097.1763186176
7313.335228416
5799.280380364799
4337.58652836864
10918.332943001602
11848.571114496
11831.617926399998
7312.7940481536
8222.8330243072
11229.374020608
11233.6389983232
10907.4070588416
9436.1259121152
7667.636497715201
6242.409184307199
4243.71514938368
5892.523651635201
5405.8666666496
4996.56533333504
4413.08821986304
3234.7874946457605
1781.5298876416
3565.9100201216
2268.5110658508797
3333.2527258419204
3558.39188589568
4380.20691633664
2667.0394400256
1926.3147154688
4349.1422160896
5464.5035707392
5876.9001526783995
5030.9632973977605
4882.92695437824
5030.79231169024
5379.191232870399
3352.0532887040004
6497.018728755201
8346.004354304001
6985.7302530048
8999.566390528
8820.642300672
9130.3656148992
7406.1081318912
10159.5118102528
11433.5922518016
6478.5066666496
7187.867772416001
9559.301953484799
9847.19415424
9504.3863517184
8624.364307712
6358.6879755776
7329.6430545408
9025.9523056128
6871.493097369601
6298.281516441601
6734.5878592
6944.050296729601
6949.8434782720005
6160.8022535168
6760.593610342401
6179.6066723839995
8108.2341630976
7730.4238630912005
7950.4015051776005
8004.0391111168
7599.8876843008
7669.152448768
5756.2941348352
7855.0749797376
8555.3899878912
5702.9810238976
8858.3670867968
5929.039626752
9332.8013315072
9382.4034087936
7514.8786426368
6896.899979264
9370.6913378816
6713.6438924799995
10418.5065677312
10197.9668122112
7351.2685364224
8898.4310327296
8309.382618265601
8236.6836363776
9579.769081088
9657.5630057984
9995.8320847872
8553.6963047424
9445.291546368
8510.1573197824
9791.166511616
8319.599226009599
9397.8459060224
11533.691685376
9108.873846169601
11218.282606233599
8523.0144774656
8054.9940512768
9629.0953846272
9637.6758565888
8120.6709034496
8246.790649344
9724.5953964032
10301.971541964798
6287.3775192575995
6885.8834227199995
4072.95743743488
9962.1805906944
10140.2713043456
9543.9422279168
7836.987302195201
5354.7288300032005
5888.0832520192
5662.461414144
5366.5522630656005
5165.0271364608
5559.683226879999
3688.73501187584
4465.98575866368
4847.98071233024
4685.73090909184
6089.3866666496
5671.5327066624
5895.106988748799
8298.9406004736
