257.19877204992
936.483761499136
751.45719049728
603.07274485248
270.8872943872
319.061017373696
345.234941704192
442.242425864192
345.253161290752
399.970065048576
272.576805206016
224.189376241664
454.994979310592
583.162272930816
908.444749642752
492.84728451072
427.752225673216
961.405404839936
1264.16101289984
1194.97341556736
789.644414715904
934.34240986112
1105.90784569344
946.574516983808
824.597901416448
1053.43162181632
900.536032129024
1531.46689235968
1060.86938947584
509.905436608512
271.377446920192
394.827576445952
365.696297597952
368.791768313856
490.805415213056
824.34291637248
681.09050046464
630.704919701504
944.01926795776
821.765655620608
545.067836181504
1332.77246993408
1266.20966089728
1134.76525458432
1396.25577930752
1478.25030094848
1176.27722693632
1176.74185915392
1475.2250930688
1206.44698734592
1176.38981818368
816.475661645824
333.170219087872
926.305981906944
1462.8229663744
1331.62164706304
1452.9301526528
1428.33908256768
1413.913845248
1859.30374736896
1610.4965458432
1647.33672727552
1754.71017822208
1772.6879575552
1289.73578115072
1039.5117037056
1097.23746107392
1506.29019945984
1391.80218181632
1180.21014597632
1096.10883757056
1283.1232
1531.62724324352
1132.25268334592
1409.90357779456
1549.41932429312
1455.2965231616
1398.29863583744
1548.55565940736
1156.65369762816
1075.62002829312
381.5545015552
431.714791189504
695.247803997184
594.64880964608
736.672948517888
836.974774327296
420.88192433664
730.106543516672
768.434686377984
811.012586785792
1020.402602957824
1165.75946218496
1433.35241955328
1089.95437232128
1070.08264599552
1033.31861230592
967.607907040256
1176.52591304704
642.01201277952
660.252015094784
744.077528455168
615.051994865664
481.636344168448
694.888650549248
756.2663803136
642.321462327296
812.736461965312
829.073390087168
749.048422833152
899.283207415808
654.515034227712
606.248867120128
912.976313725952
897.556793407488
1048.93994699776
865.093303867392
972.756425532416
1076.94311973888
1032.47342410752
841.349797909504
959.10760717312
1066.36273972224
1041.62925515776
978.580919667712
476.243934426112
756.15456333824
779.014189010944
857.899050063872
877.607180972032
515.87484893696
586.3636992
517.918131603456
428.655587654656
479.92817453056
635.768009080832
688.155459217408
753.807992398848
922.551836924928
790.553077551104
861.26050171392
880.374435165184
801.012132450304
792.722359858176
767.375081571328
989.542433311744
1067.68850632704
997.955780040704
804.723391044608
905.20233147904
890.117549481984
1052.75733332992
1285.9938602496002
4682.41880749568
3757.2859524863998
3015.3637242624
1354.4364719359999
1595.30508686848
1726.17470852096
2211.2121293209602
1726.26580645376
1999.85032524288
1362.88402603008
1120.94688120832
2274.9748965529598
2915.81136465408
4542.22374821376
2464.2364225536
2138.76112836608
4807.0270241996795
6320.8050644992
5974.8670778368
3948.22207357952
4671.7120493056
5529.539228467201
4732.8725849190405
4122.98950708224
5267.158109081601
4502.68016064512
7657.3344617984
5304.3469473792
2549.52718304256
1356.8872346009603
1974.13788222976
1828.4814879897601
1843.95884156928
2454.02707606528
4121.714581862399
3405.4525023232
3153.52459850752
4720.0963397888
4108.828278103039
2725.33918090752
6663.862349670399
6331.0483044863995
5673.8262729216
6981.2788965376
7391.251504742399
5881.386134681599
5883.7092957695995
7376.125465344001
6032.2349367296
5881.9490909184005
4082.3783082291197
1665.85109543936
4631.52990953472
7314.114831872001
6658.1082353152
7264.650763264
7141.6954128383995
7069.56922624
9296.5187368448
8052.482729216
8236.6836363776
8773.5508911104
8863.439787776
6448.6789057536
5197.558518528
5486.1873053696
7531.4509972992
6959.0109090815995
5901.0507298816
5480.5441878528
6415.616
7658.1362162176
5661.2634167296
7049.5178889728
7747.0966214656
7276.4826158079995
6991.4931791872
7742.778297036801
5783.2684881408
5378.1001414656
1907.7725077759999
2158.57395594752
3476.2390199859196
2973.2440482304
3683.36474258944
4184.8738716364805
2104.4096216832
3650.53271758336
3842.17343188992
4055.06293392896
5102.01301478912
5828.7973109248005
7166.7620977664
5449.7718616064
5350.413229977599
5166.5930615296
4838.03953520128
5882.6295652352
3210.0600638976
3301.26007547392
3720.3876422758403
3075.25997432832
2408.18172084224
3474.4432527462404
3781.3319015680004
3211.60731163648
4063.6823098265595
4145.36695043584
3745.24211416576
4496.41603707904
3272.57517113856
3031.24433560064
4564.88156862976
4487.783967037441
5244.6997349888
4325.46651933696
4863.78212766208
5384.7155986944
5162.3671205376
4206.74898954752
4795.5380358656
5331.8136986111995
5208.1462757888
4892.90459833856
2381.21967213056
3780.7728166912
3895.07094505472
4289.49525031936
4388.03590486016
2579.3742446848
2931.8184960000003
2589.59065801728
2143.27793827328
2399.6408726527998
3178.8400454041603
3440.7772960870398
3769.03996199424
4612.75918462464
3952.7653877555204
4306.3025085696
4401.87217582592
4005.0606622515197
3963.61179929088
3836.87540785664
4947.71216655872
5338.4425316352
4989.77890020352
4023.61695522304
4526.0116573952
4450.58774740992
5263.786666649599
