993.397568847872
663.56713114112
1246.5214693888
999.702440071168
1090.01983171584
861.902899316736
848.011530658816
1137.39452632064
817.920527835136
385.500487709696
348.433557904384
409.709511574528
483.342827149312
632.708798605312
937.674589928448
824.679064935424
614.267657511936
708.057855194112
576.014445140992
608.881617165312
365.660254324736
492.652436098048
505.32352
386.408443753472
548.249395131392
593.804690330624
509.306779184128
443.368209589248
636.841817903104
783.538130223104
760.89971707904
797.410752246784
981.75445305344
628.043641526272
707.16461576192
796.06582908928
795.303563636736
758.72775958528
924.357885530112
760.631528938496
755.945812313088
878.511101871104
859.109743589376
931.131277353984
1075.53771860992
1131.0451843584
556.530231624704
377.249134630912
598.647000448
696.57659841024
426.678509233152
675.258380331008
573.560029303808
697.493165353984
948.078131054592
1056.89894629376
1026.79259532288
1151.91282871296
965.01421487616
585.677987789824
449.164287348736
787.204669097984
814.413662921728
626.239321554944
700.5276310272
471.077515404288
496.483201768448
481.995587900416
708.28094296576
628.388298507264
498.255692388352
1209.74431101952
1264.67995071488
1290.05351544832
1454.5652011008
1277.39821270016
1208.24910769152
1165.295616
909.989958621184
910.384875437056
957.77206636544
1027.65318919168
1325.69574852608
1140.41029014528
1103.71478403072
1181.09854281728
956.853819655168
1018.28417128448
925.365472377856
848.400379772928
648.291891313664
682.595890669568
829.726075855872
719.716607003648
556.809900552192
972.229689933824
979.011782505472
591.226584420352
854.321284248576
839.072744185856
1201.23682322432
1256.4939604992
1211.20312324096
980.475110504448
902.852358422528
920.449304221696
908.251133799424
850.488217237504
969.363157615616
1237.47681810432
1164.50256039936
1387.09813762048
976.577987577856
1219.68864233472
1133.92491932672
1310.0936357376
1351.19473092608
1294.06519008256
1082.73958135808
991.140503350272
1089.64400263168
1126.59747433472
1228.79103719424
1349.9042774528
1047.88699508736
861.103502742528
1013.856214765568
1086.46619272192
1165.9587368448
1144.35506849792
790.90973345792
996.270784248832
1050.07825787904
946.10665462784
773.40098277888
691.728286654464
962.391092783104
1088.16101767168
694.731096322048
686.020573408256
625.801305330688
898.198050035712
917.686982817792
998.235202200576
888.659781818368
790.788144458752
407.755152815104
620.77197424128
498.977890020352
447.068550580224
741.144714025984
964.672849846272
1166.1312
1235.09840596992
1424.78330676224
1116.97259862016
1285.2426619392
1129.63965743104
933.130331838464
706.936199912448
1302.36674016256
2604.5407798784
1510.31518384128
1298.72510825472
1284.7523323392
1234.9853555712
4966.98784423936
3317.8356557055995
6232.607346944
4998.51220035584
5450.0991585792
4309.51449658368
4240.05765329408
5686.972631603199
4089.60263917568
1927.50243854848
1742.16778952192
2048.54755787264
2416.71413574656
3163.54399302656
4688.37294964224
4123.39532467712
3071.33828755968
3540.28927597056
2880.07222570496
3044.40808582656
1828.30127162368
2463.26218049024
2526.6176
1932.04221876736
2741.24697565696
2969.02345165312
2546.53389592064
2216.84104794624
3184.20908951552
3917.69065111552
3804.4985853952
3987.05376123392
4908.7722652672
3140.21820763136
3535.8230788096
3980.3291454463997
3976.51781818368
3793.6387979264
4621.789427650559
3803.15764469248
3779.72906156544
4392.5555093555195
4295.54871794688
4655.656386769921
5377.688593049599
5655.225921792
2782.65115812352
1886.24567315456
2993.2350022399996
3482.8829920512
2133.39254616576
3376.29190165504
2867.80014651904
3487.4658267699197
4740.3906552729595
5284.4947314688
5133.962976614401
5759.564143564799
4825.0710743808
2928.38993894912
2245.8214367436804
3936.0233454899203
4072.0683146086403
3131.19660777472
3502.638155136
2355.38757702144
2482.41600884224
2409.97793950208
3541.4047148288
3141.9414925363203
2491.27846194176
6048.7215550976
6323.3997535744
6450.2675772416005
7272.826005504001
6386.9910635008
6041.245538457601
5826.478080000001
4549.9497931059195
4551.92437718528
4788.8603318272
5138.2659459584
6628.4787426304
5702.0514507264
5518.5739201536
5905.4927140864
4784.2690982758395
5091.4208564224
4626.82736188928
4242.00189886464
3241.45945656832
3412.97945334784
4148.63037927936
3598.5830350182405
2784.0495027609595
4861.14844966912
4895.05891252736
2956.13292210176
4271.60642124288
4195.36372092928
6006.1841161216
6282.469802496
6056.0156162048
4902.3755525222405
4514.26179211264
4602.24652110848
4541.25566899712
4252.44108618752
4846.81578807808
6187.3840905216
5822.5128019968
6935.4906881024
4882.88993788928
6098.443211673601
5669.624596633601
6550.468178687999
6755.973654630399
6470.3259504128
5413.697906790399
4955.70251675136
5448.2200131583995
5632.987371673599
6143.9551859712
6749.521387264
5239.4349754367995
4305.51751371264
5069.28107382784
5432.3309636096
5829.793684224
5721.7753424896
3954.5486672896
4981.35392124416
5250.3912893952
4730.5332731392
3867.0049138944
3458.64143327232
4811.95546391552
5440.8050883584
3473.65548161024
3430.10286704128
3129.0065266534402
4490.99025017856
4588.43491408896
4991.17601100288
4443.29890909184
3953.94072229376
2038.7757640755199
3103.8598712064
2494.88945010176
2235.34275290112
3705.7235701299196
4823.36424923136
5830.656
6175.4920298496
7123.9165338112
5584.8629931008
6426.213309696
5648.1982871552
4665.65165919232
3534.6809995622402
6511.8337008128
13022.703899392
7551.5759192064
6493.6255412736
6423.7616616959995
6174.926777856
