1389.41793599488
1049.83999065088
973.810395039744
992.599758437376
1174.59852833792
1338.90790091776
1327.27871089664
1886.36795099136
1352.74153793536
1416.83497674752
1070.82517761024
899.483945597952
908.838044242944
914.577179584512
801.2506229504
862.189925322752
545.135025089536
1066.84448379904
1515.45243711488
1331.2707950592
1570.99786872832
1595.29513513984
1464.70585506816
1407.70894806016
1597.86193974272
1473.09240485888
1421.46072620032
1593.13301598208
1688.34129006592
1570.12801557504
1545.79977570304
1537.58162376704
1424.01145905152
1414.1961718272
1425.38777283584
1275.2931278336
1245.31518861312
1071.2103701504
1023.772444444672
923.823256723456
950.185833207808
591.20509268992
477.536307590144
1178.53330756608
1125.7805732352
895.261917877248
368.947662467072
954.188472015872
1399.76832669696
988.7042760448
973.164640714752
1018.766049961984
924.08983081984
976.106137741312
1110.17656046592
1011.62175764992
965.226083944448
1055.55921804288
1133.65747572736
843.747180299264
916.388357977088
419.390827318272
327.553074241536
590.752426667008
380.149806598144
499.05683269632
336.949207278592
524.03810104832
381.28291835392
355.760367572992
244.018684896256
263.024942944256
611.314278907904
546.21887228928
662.493309912064
919.029674970112
1035.0733706752
1328.59160199168
1122.53208352768
819.298698795008
713.085772038144
808.143846971392
475.19657464832
323.928793300992
289.717717356544
414.346688391168
242.530744735744
240.344123662336
322.25762559488
312.82342770176
417.742622273536
546.179668174848
527.297994121216
477.677047919616
341.202173508608
488.80849944576
1311.89646462976
1418.60724099072
1510.7901472768
1233.5086495744
1363.03131783168
1415.3026006016
1753.70607903744
1307.8949153792
1318.82621989888
1302.46894336
1289.28707856384
1219.92128704512
1351.55897322496
1167.37345156096
1125.65497696256
1794.40787977216
1432.24848582656
1931.76120230912
1693.15607272448
1329.51089101824
1419.60965400576
1448.3422322688
1337.08123773952
1715.33723711488
1729.0689874432
1680.7475081216
1423.46642331648
1875.77060241408
1830.80256488448
1727.47047433216
1708.87529411584
1774.05493706752
1720.63813592064
1754.07706037248
1417.95512781824
1624.1195515392
1612.07028739072
1203.51830006784
1119.9206251008
1121.44449555456
1254.4493079552
1230.56770429952
1071.41514112
584.078725663744
1360.38984372224
1764.85824718848
1798.2957037056
1494.78268177408
1528.87704398848
1476.75088371712
1572.83011375104
1624.01717448704
1606.54520655872
1609.44678208512
1592.51838747648
1415.91412293632
1272.58808814592
1031.67043321856
1022.512398010368
1439.57991691264
1390.08491362304
1290.55235683328
1591.49570936832
1775.90470484992
2010.94925228032
1899.64212844544
1476.02372359168
1277.62668592128
1249.52824242176
1368.33494163456
1251.99845438464
1489.6689481216
1051.48245208064
1494.93061127168
1443.71842922496
1482.68014034944
1510.19605869568
1920.91649343488
1626.84309382144
1473.1804740096
1469.8511515136
1096.9469023232
1348.9190232064
1304.7087075328
1136.32562742272
633.312918588416
1117.55510864896
1015.262257880064
727.37797595648
1469.32440177664
1336.5353800704
816.810914909184
1040.23804008448
842.265622475776
1266.19251612672
1210.45333332992
6947.0896799744005
5249.1999532544005
4869.051975198719
4962.99879218688
5872.9926416896
6694.5395045888
6636.3935544832
9431.8397549568
6763.707689676799
7084.1748837376
5354.1258880512
4497.41972798976
4544.19022121472
4572.88589792256
4006.2531147520003
4310.949626613759
2725.6751254476803
5334.2224189952
7577.2621855744
6656.3539752960005
7854.9893436416005
7976.475675699201
7323.529275340799
7038.5447403008
7989.3096987136005
7365.4620242944
7107.3036310016005
7965.6650799104
8441.7064503296
7850.6400778752
7728.9988785152
7687.908118835199
7120.0572952576
7070.980859136
7126.9388641792
6376.465639168
6226.5759430656
5356.051850752
5118.86222222336
4619.11628361728
4750.92916603904
2956.0254634496
2387.68153795072
5892.666537830401
5628.902866176
4476.30958938624
1844.73831233536
4770.94236007936
6998.8416334848
4943.5213802240005
4865.82320357376
5093.83024980992
4620.4491540992
4880.53068870656
5550.882802329599
5058.1087882496
4826.13041972224
5277.7960902144005
5668.2873786368
4218.7359014963195
4581.94178988544
2096.95413659136
1637.7653712076801
2953.76213333504
1900.74903299072
2495.2841634816
1684.74603639296
2620.1905052415996
1906.4145917696
1778.80183786496
1220.09342448128
1315.12471472128
3056.57139453952
2731.0943614463995
3312.46654956032
4595.14837485056
5175.366853376
6642.9580099584
5612.6604176384
4096.49349397504
3565.42886019072
4040.71923485696
2375.9828732416
1619.6439665049602
1448.5885867827199
2071.73344195584
1212.65372367872
1201.72061831168
1611.2881279744
1564.1171385088
2088.71311136768
2730.8983408742397
2636.48997060608
2388.38523959808
1706.01086754304
2444.0424972288
6559.4823231488
7093.0362049536
7553.950736384
6167.5432478719995
6815.1565891584005
7076.513003008
8768.530395187201
6539.474576896
6594.1310994944
6512.344716799999
6446.4353928191995
6099.6064352256
6757.7948661248
5836.867257804799
5628.2748848128
8972.0393988608
7161.2424291328
9658.806011545601
8465.7803636224
6647.5544550912
7098.048270028799
7241.711161344
6685.4061886976
8576.686185574401
8645.344937216
8403.737540608001
7117.3321165824
9378.8530120704
9154.0128244224
8637.3523716608
8544.3764705792
8870.274685337601
8603.1906796032
8770.3853018624
7089.7756390912
8120.597757696
8060.351436953601
6017.5915003392
5599.603125504
5607.222477772801
6272.246539776001
6152.838521497601
5357.0757056
2920.39362831872
6801.949218611199
8824.291235942399
8991.478518528
7473.9134088703995
7644.3852199424
7383.7544185855995
7864.1505687552
8120.0858724352
8032.7260327936
8047.233910425601
7962.5919373824
7079.570614681599
6362.9404407296
5158.3521660928
5112.5619900518395
7197.899584563201
6950.4245681152
6452.7617841664005
7957.478546841599
8879.5235242496
10054.7462614016
9498.2106422272
7380.1186179584
6388.1334296064
6247.641212108801
6841.6747081728
6259.9922719232
7448.3447406079995
5257.4122604032
7474.6530563584
7218.5921461248
7413.4007017472
7550.9802934784
9604.582467174401
8134.215469107201
7365.902370047999
7349.255757567999
5484.7345116159995
6744.595116032
6523.543537664
5681.628137113599
3166.56459294208
5587.775543244799
5076.31128940032
3636.8898797824
7346.6220088832
6682.676900351999
4084.0545745459203
5201.190200422399
4211.32811237888
6330.9625806336
6052.266666649601
