2625.52078939136
2713.40819335168
2947.53870241792
2956.79187301376
3014.01456823296
2737.88258177024
2705.85321739264
2328.54115689472
2389.70756626432
2783.86907556864
3002.87603100672
2922.27691162624
2845.97064298496
2629.4093913088
2615.4535384576
2779.00603938816
2875.09776937984
2992.36867405824
2957.72407243776
2970.60425344
2830.52833391616
3036.70327973888
2894.45452983296
2911.648
2446.72609523712
1988.2722622976
1928.71968043008
2066.667944704
1837.42219867136
2469.40501071872
2594.51883921408
2748.5972389376
2908.97282490368
3057.47379697664
2896.06378595328
2882.47606557696
2793.8807824384
2672.16163504128
2589.86758919168
2698.88365714432
2629.30840748032
2515.26095238144
2610.01275362304
2590.68737698816
2571.17696925696
1518.97064951808
1441.19110120448
1310.24213332992
1912.41595421696
1196.76895099904
1157.89596962816
987.373405722624
1663.79810153472
2081.21308663808
2376.96731428864
2508.33073140736
2108.88551964672
1712.06556097536
1680.09669064704
2434.8744771584
2260.9133568
2264.83622189056
2306.27141818368
2272.12471794688
2227.67786667008
1973.59568371712
1728.85103368192
1860.29092385792
1479.70078729216
2306.95978082304
2260.3068865024
2133.75853714432
2042.78320398336
2263.57464194048
2017.86178853888
1731.26707485696
2013.7485128192
2457.4869202432
2064.62871123968
2020.72508527616
2145.28
2197.870982656
1939.02050574336
1773.2073148416
2106.112
2164.30025532416
1947.24684535808
2165.67222856704
2279.45531498496
2379.44997974016
2252.96485448704
2281.05272440832
2335.76533332992
2093.96793962496
2132.96491004928
2269.64769811456
2431.24452446208
2415.52832310272
2514.40562700288
2680.8763838976
2360.14818792448
2261.28315346944
2156.6194050048
2242.39705459712
2383.872
2404.36757414912
2195.13683117056
1992.70683264
2391.72935947264
2552.71250269184
2338.6132277248
2327.08068365312
2319.77295737856
2239.160388608
2508.37936700416
2537.3527321088
2539.2263245312
2396.66155102208
2354.32908969984
2389.76965170176
2493.19751433216
2371.20188542976
2147.4474340352
2039.59336244224
1843.1134370816
1348.3500457984
1059.35887798272
1231.5041553408
1248.06850704384
1239.89491651584
1384.41459053568
1412.16684276736
1764.73826002944
1556.63973259264
1740.65182429184
1622.5359039488
2044.2029780992
1830.3094680576
1586.765824
1521.63448991744
1326.6130411008
479.427345288192
971.07968
1732.02146062336
1299.03755482112
944.944761905152
963.221481950208
985.079030657024
895.242913519616
770.235245714432
1165.03492627456
1459.68272024576
1462.93902050304
1334.61394449408
1423.54972814336
1488.15469938688
1326.4363369984
1664.07029313536
1531.46689235968
1633.76035663872
1554.88203055104
1871.03306023936
1714.69269725184
1437.16788629504
1073.6801884672
1507.6616505856
1413.87300202496
1491.1859226112
1332.1376385536
1403.31926462464
1310.5671958528
1309.26054221824
1327.85902304256
1426.645582848
1478.02584614912
1428.62864516096
1515.784
1458.8262927872
1193.55245714432
575.058797375488
260.45243245056
869.935327730688
674.276072727552
471.022303755264
269.399250354176
400.14281094144
390.197778615296
296.102032164864
228.730107737088
264.68217519616
430.551751370752
871.694033468416
970.133292542976
1001.27529943552
901.893873144832
1106.12849917952
1374.91051162624
922.753897858048
1006.3711372544
1349.29066667008
1073.9128840704
1223.9210363392
750.64460692992
398.379281949696
1452.88687086592
2669.01231398912
2576.07659229184
2383.89768025088
2169.70783280128
1865.46810151936
2255.9191297024
2279.4871036416
2349.29034825728
1708.1358422528
1454.40368390144
1714.4941981184
1095.1206139904
1136.94543171584
1428.23867515904
1420.3963412992
1892.63083568128
1945.88912941056
2175.77224518656
2328.99070404608
2470.5242024448
2680.8763838976
2581.00609174528
2499.52548571136
2159.800259584
2245.9008
2354.16642991104
2494.4720788992
2428.5278160896
2163.2538138112
1978.02482161664
2128.53422754816
1819.25496276992
2158.77999443968
2431.37715464192
2728.11990204416
1828.19306012672
1846.18522034176
2195.41590864896
2534.5989064704
2160.5276097536
2331.1763502592
2474.53585629184
2314.38394888192
2325.28987163648
2323.71582089216
2306.10707692544
2359.04982971392
2492.81478547456
521.995588476928
2978.58366386176
3023.9971040768
13127.603946956799
13567.040966758399
14737.6935120896
14783.9593650688
15070.0728411648
13689.4129088512
13529.2660869632
11642.705784473601
11948.5378313216
13919.3453778432
15014.3801550336
14611.384558131198
14229.853214924799
13147.046956544
13077.267692288002
13895.0301969408
14375.4888468992
14961.843370291199
14788.620362188798
14853.0212672
14152.6416695808
15183.5163986944
14472.272649164799
14558.240000000002
12233.630476185599
9941.361311488
9643.5984021504
10333.339723520001
9187.1109933568
12347.0250535936
12972.5941960704
13742.986194688001
14544.864124518399
15287.3689848832
14480.3189297664
14412.3803278848
13969.403912192
13360.8081752064
12949.3379459584
13494.4182857216
13146.5420374016
12576.304761907199
13050.0637681152
12953.4368849408
12855.8848462848
7594.8532475904
7205.9555060224
6551.2106666496
9562.0797710848
5983.8447549952
5789.4798481408
4936.86702861312
8318.9905076736
10406.065433190399
11884.8365714432
12541.6536570368
10544.427598233598
8560.3278048768
8400.4834532352
12174.372385792001
11304.566784
11324.1811094528
11531.3570909184
11360.623589734401
11138.389333350402
9867.9784185856
8644.2551684096
9301.4546192896
7398.5039364608
11534.7989041152
11301.534432512
10668.7926857216
10213.9160199168
11317.8732097024
10089.3089426944
8656.335374284801
10068.742564096
12287.434601216
10323.1435561984
10103.6254263808
10726.400000000001
10989.35491328
9695.1025287168
8866.036574208
10530.560000000001
10821.5012766208
9736.2342267904
10828.3611428352
11397.2765749248
11897.2498987008
11264.8242724352
11405.2636220416
11678.8266666496
10469.839698124799
10664.824550246401
11348.238490572801
12156.222622310399
12077.641615513601
12572.0281350144
13404.381919488002
11800.740939622401
11306.4157673472
10783.097025023999
11211.985272985601
11919.359999999999
12021.837870745601
10975.6841558528
9963.5341632
11958.6467973632
12763.562513459201
11693.066138623999
11635.4034182656
11598.8647868928
11195.801943040002
12541.8968350208
12686.763660544
12696.131622656001
11983.3077551104
11771.645448499201
11948.848258508799
12465.9875716608
11856.0094271488
10737.237170175998
10197.9668122112
9215.567185408001
6741.750228992
5296.794389913601
6157.520776704
6240.342535219201
6199.4745825792
6922.0729526784
7060.834213836801
8823.6913001472
7783.1986629632
8703.2591214592
8112.679519744001
10221.014890496
9151.547340288
7933.82912
7608.1724495872
6633.065205504
2397.13672644096
4855.3984
8660.1073031168
6495.1877741056
4724.72380952576
4816.10740975104
4925.39515328512
4476.21456759808
3851.17622857216
5825.1746313728
7298.4136012288
7314.695102515199
6673.0697224704
7117.7486407168
7440.7734969344
6632.181684992001
8320.3514656768
7657.3344617984
8168.8017831935995
7774.4101527552
9355.165301196801
8573.4634862592
7185.8394314752
5368.400942336
7538.308252928
7069.3650101248
7455.929613056001
6660.688192768001
7016.5963231232
6552.835979264
6546.302711091201
6639.2951152128
7133.22791424
7390.129230745601
7143.143225804801
7578.92
7294.131463936
5967.7622857216
2875.29398687744
1302.2621622528002
4349.67663865344
3371.3803636377597
2355.11151877632
1346.99625177088
2000.7140547072001
1950.98889307648
1480.5101608243199
1143.6505386854399
1323.4108759808
2152.75875685376
4358.4701673420805
4850.66646271488
5006.3764971776
4509.4693657241605
5530.6424958976
6874.5525581311995
4613.76948929024
5031.855686272
6746.4533333504005
5369.564420352
6119.605181696001
3753.2230346496
1991.89640974848
7264.4343543296
13345.0615699456
12880.3829614592
11919.4884012544
10848.539164006399
9327.3405075968
11279.595648512
11397.435518208
11746.4517412864
8540.679211264
7272.0184195072
8572.470990591999
5475.603069952
5684.7271585792
7141.1933757952
7101.981706496
9463.1541784064
9729.4456470528
10878.8612259328
11644.9535202304
12352.621012223999
13404.381919488002
12905.0304587264
12497.6274285568
10799.00129792
11229.503999999999
11770.832149555199
12472.360394496
12142.639080448
10816.269069056
9890.1241080832
10642.6711377408
9096.274813849599
10793.8999721984
12156.885773209598
13640.5995102208
9140.9653006336
9230.9261017088
10977.0795432448
12672.994532352
10802.638048768
11655.881751296
12372.6792814592
11571.919744409599
11626.449358182399
11618.579104460801
11530.535384627201
11795.249148569601
12464.0739273728
2609.97794238464
14892.918319308801
15119.985520384
