1127.35915444224
715.933130331136
1364.05947394048
1135.07176167424
1249.78155102208
1205.78512683008
1138.43824390144
1093.95938898944
1155.69251565568
1112.37465168896
1083.55526713344
1251.57278087168
1146.12408584192
1172.40224878592
1362.4052404224
1362.66712445952
1364.0598385664
1437.2292566528
1237.36436363264
1329.62927744
1090.12310247424
1102.0008401408
1279.3000506368
1118.35242010624
1024.42363614208
800.118359538688
893.013859432448
948.133073995776
995.636669856768
1053.24720574464
980.878137879552
834.36262726656
992.177857995776
706.39239920128
518.827484721152
799.232
802.13998395392
1077.51624429568
971.85700608512
1126.21076601856
1092.13932988416
920.11723462144
949.721186552832
1113.10902509568
1057.14562378752
1160.68764618752
991.797326517248
999.337220338688
1040.29474864128
1027.5705820672
1005.903029023744
1175.36240349184
1159.86583703552
1143.91130911744
1296.10681207808
1206.56200876032
899.87847950336
1211.5588004352
1139.18751219712
1033.215448576
804.710050113536
789.673685311488
981.392092843008
1121.68182278144
1204.15019820032
1288.7564829184
1216.98931165184
1313.53875268608
1114.69480851456
933.655240471552
1055.73485714432
846.729578230784
950.46162962944
866.61159148032
979.605135435776
875.414707344384
809.651463917568
768.849074855936
917.46775221248
856.539548740608
886.256636427264
1017.342287625216
744.789333332992
903.496535955456
842.4448
826.169437563904
1079.33110856704
1074.20411692032
831.899428571136
981.611902089216
1108.46557197312
982.012528813056
1021.564792711168
1072.61888659456
1045.05604148224
966.548289262592
780.380623115264
894.265569378304
971.592565545984
1174.92954138624
878.05762796544
844.740055522304
695.32031149056
676.412476235776
445.439094606848
447.205567184896
825.723185148928
919.417383535616
1014.371703395328
1111.69731352576
1065.56362104832
971.31590488064
948.432643431424
1174.67377153024
1248.93323051008
1086.92016535552
990.279582045184
1003.01565266944
978.12706142208
975.166077656064
828.981921765376
562.861053613056
540.218859066368
896.48153550848
559.056261071872
578.653090909184
480.17983471104
471.104653667328
583.93979571712
664.317455268864
615.183866617856
632.491628169216
894.574398698496
822.620702649344
901.783475233792
884.054609345536
759.988624151552
453.868191599616
430.835140917248
352.396330144768
503.079231168512
617.78715437568
578.440964621312
301.252383561728
314.569834271744
339.664552018944
331.717932388352
239.538209442816
308.62667730432
276.069980542976
270.447622465536
242.468477535232
307.18755015168
292.880899017728
306.52496942592
494.030989816832
1149.57815872512
1192.73123403776
761.181761316864
851.83384680448
684.888513457152
1018.33274754048
860.306117376
5636.7957722112
3579.66565165568
6820.297369702401
5675.3588083712
6248.9077551104
6028.9256341504
5692.1912195072
5469.7969449472
5778.4625782784
5561.873258444801
5417.7763356672
6257.8639043584
5730.620429209601
5862.0112439296
6812.026202112001
6813.3356222976
6820.299192832
7186.146283263999
6186.8218181632
6648.1463871999995
5450.615512371201
5510.004200703999
6396.500253184
5591.7621005312
5122.1181807104
4000.5917976934397
4465.06929716224
4740.66536997888
4978.18334928384
5266.2360287232
4904.39068939776
4171.8131363328
4960.88928997888
3531.9619960064
2594.13742360576
3996.16
4010.6999197696
5387.5812214784
4859.2850304256
5631.0538300928
5460.696649420799
4600.5861731072
4748.60593276416
5565.5451254784
5285.7281189376
5803.4382309376
4958.98663258624
4996.68610169344
5201.473743206399
5137.852910336
5029.51514511872
5876.8120174592
5799.329185177599
5719.5565455872
6480.534060390401
6032.8100438016
4499.3923975168
6057.7940021760005
5695.9375609856
5166.07724288
4023.55025056768
3948.36842655744
4906.96046421504
5608.4091139072
6020.7509910016
6443.782414592
6084.946558259199
6567.6937634303995
5573.4740425728
4668.27620235776
5278.6742857215995
4233.64789115392
4752.3081481472
4333.0579574016
4898.02567717888
4377.07353672192
4048.25731958784
3844.24537427968
4587.3387610624
4282.69774370304
4431.28318213632
5086.71143812608
3723.94666666496
4517.48267977728
4212.224
4130.84718781952
5396.6555428352
5371.020584601601
4159.49714285568
4908.05951044608
5542.3278598656
4910.0626440652795
5107.82396355584
5363.094432972801
5225.2802074112005
4832.74144631296
3901.90311557632
4471.32784689152
4857.96282772992
5874.6477069312
4390.2881398272
4223.7002776115205
3476.6015574528
3382.06238117888
2227.19547303424
2236.02783592448
4128.61592574464
4597.08691767808
5071.85851697664
5558.486567628799
5327.8181052416
4856.5795244032
4742.16321715712
5873.3688576511995
6244.6661525504
5434.600826777601
4951.39791022592
5015.0782633472
4890.6353071104
4875.83038828032
4144.90960882688
2814.30526806528
2701.0942953318404
4482.4076775424
2795.28130535936
2893.26545454592
2400.8991735552
2355.5232683366403
2919.6989785856
3321.5872763443203
3075.91933308928
3162.45814084608
4472.87199349248
4113.1035132467205
4508.91737616896
4420.273046727681
3799.94312075776
2269.34095799808
2154.17570458624
1761.98165072384
2515.39615584256
3088.9357718784
2892.20482310656
1506.26191780864
1572.84917135872
1698.32276009472
1658.58966194176
1197.69104721408
1543.1333865216002
1380.34990271488
1352.23811232768
1212.3423876761601
1535.9377507584
1464.40449508864
1532.6248471296
2470.15494908416
5747.8907936256
5963.6561701888
3805.9088065843202
4259.1692340224
3424.44256728576
5091.6637377024
4301.53058688
