2192.78098714624
1948.23885466624
1694.03996302336
1291.60322958336
1274.61164806144
1522.02483024896
1287.61291034624
1897.99425577984
2333.47915293696
2571.46348051456
1991.62471979008
1985.11701737472
1961.17683231744
1914.82055937024
1955.05152
2267.86742856704
2543.3557190656
2401.34923843584
2053.05707262976
1908.5475115008
1972.79247515648
1848.16970645504
1558.8386221056
1729.42433411072
1948.10418957312
2487.88939487232
2692.32059480064
3030.18205405184
1521.66774406144
1096.95338230784
1121.3598372864
1603.05284128768
1728.56882312192
1907.83068463104
2127.57511547904
2254.24410256384
2376.45886587904
2324.35646984192
2256.47804081152
1868.20129542144
1898.94496096256
2094.4923915776
1998.23445215232
1750.8832153088
1715.15182629888
2013.06763636736
1654.7577995776
2004.33640793088
2399.96185278464
2479.16363394048
2571.58346037248
2195.41590864896
2144.95736986624
1993.39818846208
1479.00188444672
1342.80256052224
1862.21639074816
1604.45001143296
2580.48
2488.56172243968
2362.99472909312
2631.78703833088
2656.43828272128
2427.74969863168
2447.99765567488
3814.13997303808
2701.16725413888
2681.54130732032
2615.44616537088
2314.88747766784
1960.49415958528
825.514540899328
2328.54115689472
2110.06093617152
2243.65652124672
2455.60068462592
2094.29845332992
1973.25304433664
1699.57140983808
1816.54032055296
1711.59805929472
1742.18410080256
1970.158061312
1572.18060320768
1331.2707950592
2492.42540888064
2248.6064761856
2161.81185027072
1502.78606451712
2735.7736039936
1996.45445267456
2178.14809022464
2607.3659534848
1756.01741771776
1143.63224964096
1331.19175855104
1588.70326342656
1464.45840548864
1767.30383021056
1922.13778468864
1747.38921739264
1982.62644759552
1247.31224531968
1414.74066142208
1540.6471437312
1945.6882215424
2144.99411167232
1973.598684928
1642.80400448512
2211.29216796672
2108.928
1888.27593187328
1859.47635216384
2590.656496128
2168.81709461504
2342.47156988928
2670.21815872512
2054.28132944896
2473.4836160512
2773.12853332992
2692.16604560384
2480.82936986624
2264.3447741952
2323.71582089216
2398.35136
2962.41267924992
2604.56165517312
2327.42987155456
2286.78358709248
2466.06405904384
1771.70384968704
1755.8907370496
1984.5341805056
1318.0039245312
2393.0097904128
1369.93255901184
1914.91150769152
1115.7593043456
756.683750119424
1484.55623617536
1781.01612873728
1878.29457697792
1566.2575483904
1493.24483950592
1655.07006984192
1261.17751737344
2049.76646900736
2422.90533572608
2466.42426845184
2209.69127868416
2164.30025532416
2146.39709090816
2596.9517087744
2730.33658607616
3205.06810136576
2487.88939487232
1965.35750339584
2794.18656697344
2537.65931707392
2158.66328246272
1738.7708383744
1727.90813907968
2238.34136526848
2066.58447883264
1742.29994365952
1885.58756032512
2034.49748837376
1451.28302874624
2553.06662877184
2814.47830167552
2927.54014815232
2435.52645532672
2354.12915033088
2121.35995362304
1729.75774209024
3074.18571800576
2582.6336372736
2127.91203608576
1652.38411866112
853.855211461632
1183.9666086912
1645.2199902208
2021.86082066432
2406.29221052416
2164.3930016256
1965.50529370112
2075.65093409792
2523.8539505664
2524.68583783424
1973.9517366272
1981.86654698496
2208.54643274752
2316.80233790464
1969.17475555328
1959.83390029824
2404.09672521728
2302.91823589376
2329.30494915584
2603.2624099328
2467.51742124032
1888.10066267136
1885.8976969728
2087.7936813568
2161.80629972992
1972.62951929856
1700.86062788608
1787.45244950528
1935.12255072256
1577.64563478528
1085.3859930624
1154.55069090816
905.31352380928
1560.18297340928
1592.6206543872
987.481084249088
1415.26416695296
837.98999112704
1064.77300087808
1525.8585220096
1003.172627211264
2535.56671776768
1001.707109266432
2305.74264267776
2164.76529518592
2086.0562380288
1898.42841893888
1824.32592070656
1834.61599017984
1796.4598578688
1876.32301625344
1535.64227074048
1702.83974695936
1579.6597367808
882.909405405184
956.566359493632
852.221929919488
1849.29470459904
798.629179600896
1265.11527052288
1373.77861256192
2694.29584790528
2557.10513344512
2473.8837482496
2345.22588069888
3046.98843354112
2416.71789540352
1309.13419455488
1837.336365056
1490.33239957504
1923.55736416256
3066.77171057664
2555.21049735168
2107.15761350656
1406.82795181056
1600.23443535872
1281.11590933504
2345.72322980864
2549.64679397376
2048.85234681856
1948.40629737472
2410.9265454592
1855.65725620224
1372.57420224512
1302.64257342464
744.756501935104
970.193263589376
10963.9049357312
9741.1942733312
8470.1998151168
6458.0161479168
6373.0582403072
7610.1241512448
6438.0645517312
9489.9712788992
11667.3957646848
12857.3174025728
9958.1235989504
9925.5850868736
9805.884161587199
9574.1027968512
9775.2576
11339.3371428352
12716.778595328
12006.7461921792
10265.2853631488
9542.737557504
9863.9623757824
9240.848532275199
7794.193110528
8647.1216705536
9740.5209478656
12439.4469743616
13461.602974003199
15150.9102702592
7608.338720307201
5484.7669115392
5606.799186432
8015.2642064384
8642.844115609601
9539.1534231552
10637.8755773952
11271.2205128192
11882.2943293952
11621.7823492096
11282.3902040576
9341.0064771072
9494.724804812799
10472.461957888
9991.1722607616
8754.416076544
8575.7591314944
10065.3381818368
8273.788997888001
10021.682039654399
11999.8092639232
12395.8181697024
12857.9173018624
10977.0795432448
10724.786849331198
9966.9909423104
7395.009422233599
6714.0128026112
9311.081953740799
8022.250057164801
12902.4
12442.808612198402
11814.9736454656
13158.9351916544
13282.191413606399
12138.7484931584
12239.988278374401
19070.6998651904
13505.836270694399
13407.7065366016
13077.2308268544
11574.4373883392
9802.4707979264
4127.572704496641
11642.705784473601
10550.3046808576
11218.282606233599
12278.003423129601
10471.4922666496
9866.2652216832
8497.8570491904
9082.7016027648
8557.990296473601
8710.9205040128
9850.79030656
7860.9030160384
6656.3539752960005
12462.127044403202
11243.032380928
10809.0592513536
7513.9303225856
13678.868019967998
9982.272263372799
10890.7404511232
13036.829767423998
8780.0870885888
5718.1612482048
6655.9587927552
7943.5163171327995
7322.2920274432
8836.5191510528
9610.6889234432
8736.9460869632
9913.1322379776
6236.5612265984
7073.7033071104
7703.235718656
9728.441107712
10724.9705583616
9867.99342464
8214.0200224256
11056.4608398336
10544.64
9441.3796593664
9297.3817608192
12953.28248064
10844.0854730752
11712.3578494464
13351.090793625599
10271.406647244801
12367.418080256
13865.6426666496
13460.8302280192
12404.1468493312
11321.723870976
11618.579104460801
11991.756800000001
14812.0633962496
13022.8082758656
11637.1493577728
11433.9179354624
12330.3202952192
8858.519248435201
8779.453685248
9922.670902528
6590.019622656
11965.048952064
6849.662795059201
9574.5575384576
5578.796521728
3783.41875059712
7422.7811808768
8905.0806436864
9391.472884889601
7831.287741952
7466.2241975296
8275.3503492096
6305.8875868672
10248.832345036799
12114.5266786304
12332.121342259199
11048.4563934208
10821.5012766208
10731.9854545408
12984.758543871998
13651.6829303808
16025.3405068288
12439.4469743616
9826.7875169792
13970.9328348672
12688.2965853696
10793.3164123136
8693.854191872
8639.5406953984
11191.706826342399
10332.922394163199
8711.4997182976
9427.9378016256
10172.4874418688
7256.4151437312
12765.3331438592
14072.391508377601
14637.7007407616
12177.632276633602
11770.6457516544
10606.7997681152
8648.788710451201
15370.9285900288
12913.168186368
10639.5601804288
8261.9205933056
4269.2760573081605
5919.833043456
8226.099951103999
10109.3041033216
12031.4610526208
10821.965008128
9827.5264685056
10378.254670489601
12619.269752831999
12623.4291891712
9869.758683136
9909.3327349248
11042.7321637376
11584.011689523199
9845.8737777664
9799.1695014912
12020.4836260864
11514.5911794688
11646.5247457792
13016.312049664
12337.5871062016
9440.5033133568
9429.488484864
10438.968406783999
10809.0314986496
9863.1475964928
8504.3031394304
8937.2622475264
9675.6127536128
7888.2281739264
5426.929965312001
5772.7534545408
4526.5676190464
7800.9148670464
7963.103271935999
4937.40542124544
7076.320834764801
4189.9499556352
5323.8650043904
7629.292610048
5015.8631360563195
12677.8335888384
5008.53554633216
11528.7132133888
10823.8264759296
10430.281190144
9492.1420946944
9121.6296035328
9173.0799508992
8982.299289344
9381.6150812672
7678.2113537024
8514.198734796799
7898.2986839039995
4414.54702702592
4782.83179746816
4261.10964959744
9246.4735229952
3993.14589800448
6325.5763526144
6868.8930628096
13471.4792395264
12785.5256672256
12369.418741248
11726.129403494399
15234.942167705598
12083.589477017598
6545.6709727744
9186.68182528
7451.6619978752
9617.7868208128
15333.8585528832
12776.052486758399
10535.788067532802
7034.1397590528
8001.1721767936
6405.5795466752
11728.6161490432
12748.2339698688
10244.261734092799
9742.0314868736
12054.632727296
9278.2862810112
6862.871011225599
6513.2128671232
3723.78250967552
4850.96631794688
