1429.55132524544
1941.92024216576
1063.28040231936
1135.07176167424
1902.91597740032
2204.98468998144
2383.45368510464
2463.596544
1732.2771004416
1266.20423981056
1740.99329437696
2388.93359695872
1812.53560180736
1940.41976470528
2107.8722587648
2095.71907591168
2297.47238670336
1828.6697452544
1839.78581226496
1925.58811428864
1901.34788785152
2062.04087335936
2052.07520812032
2028.25003537408
1769.8599956992
1482.09296945152
1786.0277188608
1908.36997446656
1471.88727851008
1512.68430769152
1641.69306203136
1340.20059546624
2132.970088448
2010.81018181632
1505.9531686912
1192.07484745728
1528.09418340352
1649.03668468736
1833.3884081664
1478.84036007936
1884.79484947456
1865.624017664
1821.3995448832
2018.94947310592
2022.56168421376
1912.55008907264
1647.73122717696
1588.1722828288
2010.193612032
1864.80268335104
1670.26176561152
1892.81287200768
1594.15949321216
1747.60309741568
1853.90208356352
1800.6426492416
1745.54741204992
1615.99281726464
1546.57907284992
1897.80523046912
1935.71349041152
1961.8776103936
2698.82825532416
2606.26070588416
2403.96892086272
1834.91058161664
1865.29202907136
1566.14235897856
2217.59390476288
1562.95187006464
1730.90289478656
1477.8670606848
2164.84757820416
2101.6765880832
1938.82681028608
1869.100159232
1594.64349238272
1326.39194701824
963.767585657856
1759.32645219328
1033.36514239488
2691.90569911296
2029.41093533696
2359.5326870016
2543.22958490624
1212.78225931264
1873.83873015808
1198.3956996096
1594.39976042496
1220.63840831488
822.268528813056
1205.04865224704
1601.66765714432
1022.54576904192
1227.18529071104
1151.61410618368
898.31232971776
1363.0009407488
1269.6057112064
1192.731504128
1285.78457038848
1666.3503238144
1882.19097171968
1955.61430204416
1686.80228571136
2685.13236517888
2268.79914093568
1794.18062266368
1732.23475503104
2147.82607854592
1749.62915555328
1606.79380538368
1593.53772973056
2536.58207210496
2331.7329327104
1996.00653403136
1552.23754556416
2168.05691076608
1519.0847931392
1859.08058100736
2015.8414048768
2060.88812517376
2087.5743643136
1704.6236496384
1853.7981526528
1861.75342292992
1876.57858384896
2370.93323364352
2316.67618300928
2012.96192771072
1819.17715756032
1666.30447495168
1581.91645467648
2032.1224145408
1278.23957494784
859.162971843584
1067.8963126784
1153.3691685376
1323.40769307648
1563.69348865024
1018.727174227968
1459.44143089664
1355.56808121344
1226.9095384576
1164.58765152256
1289.3459492352
1340.02354185216
1285.29359238144
741.295443267584
880.988026143744
755.596003714048
645.53295967232
605.177868263424
725.079657587712
1502.92498720768
824.597901416448
877.85968484864
812.4401159424
844.598940639232
655.763103700992
755.253771689984
880.486145995776
1011.645488497664
1304.71001659392
1241.46676988928
754.6396566528
1127.00021900288
1609.1698637312
1492.60281619456
1794.98200474624
1859.84903529472
1443.4290008576
1011.036519298048
1350.31214759936
1490.4201928704
1736.76423529472
1327.76973138944
1597.1348803584
1630.2179902464
1542.41961076736
1279.31962416128
1890.15442696192
1708.16605090816
1450.67155782656
1389.45897285632
944.026243289088
1181.73275040768
1167.47921829888
1353.81704347648
1275.71880851456
1484.31811764224
1182.03893583872
885.47942757376
1104.21014330368
1297.67642718208
1911.36518919168
1842.33458871296
1198.94431407104
2141.12514942976
1585.01707293696
1576.56405332992
2105.68276691968
1877.74126829568
931.200600938496
1346.9570612224
1064.93747903488
1939.16523456512
2089.02408344576
2125.08636017664
2202.87495211008
2330.28579816448
2127.17023775744
2142.1559873024
2047.3382507008
1918.73548754944
2119.21066667008
1979.90507337728
1956.09104516096
2258.73299393536
1837.09490056192
2310.18300952576
2324.9895345152
2150.92059472896
2451.70031222784
1094.71926136832
2123.92392937472
1641.17034610688
1722.59450691584
1621.5468132864
1200.17057796096
1680.58341696512
1419.608795136
1962.92838605824
2341.00409120768
1350.6477640704
1799.00048932864
2034.00163658752
1030.56297568256
456.41982163968
377.552008497152
529.003216124928
463.470533293056
477.416161943552
418.52810018816
470.172718208
358.811527529472
463.266764888064
541.597614142464
772.795044711424
628.174467201024
725.63211237888
721.156969636864
871.307221101568
917.616660117504
1126.64773223424
1519.43101935616
1914.6334093824
2054.168874496
1332.52427067392
981.35588839936
2077.71061628928
1816.25502931968
829.134190045184
634.07753101312
692.325031860224
7147.7566262272
9709.601210828801
5316.402011596801
5675.3588083712
9514.579887001599
11024.9234499072
11917.2684255232
12317.98272
8661.385502207999
6331.0211990528005
8704.9664718848
11944.6679847936
9062.678009036801
9702.0988235264
10539.361293824
10478.595379558401
11487.3619335168
9143.348726272
9198.9290613248
9627.9405714432
9506.7394392576
10310.2043667968
10260.3760406016
10141.2501768704
8849.299978496
7410.4648472576
8930.138594304
9541.849872332801
7359.4363925504
7563.4215384576
8208.4653101568
6701.0029773312
10664.85044224
10054.0509090816
7529.765843456
5960.3742372864
7640.4709170176
8245.1834234368
9166.942040832
7394.2018003968
9423.9742473728
9328.12008832
9106.997724416
10094.7473655296
10112.8084210688
9562.750445363201
8238.6561358848
7940.861414144
10050.96806016
9324.0134167552
8351.308828057601
9464.0643600384
7970.7974660608
8738.015487078399
9269.510417817599
9003.213246208
8727.7370602496
8079.9640863232
7732.8953642496
9489.0261523456
9678.5674520576
9809.388051968
13494.141276620801
13031.3035294208
12019.844604313601
9174.5529080832
9326.4601453568
7830.7117948928
11087.9695238144
7814.7593503232
8654.514473932799
7389.335303424
10824.2378910208
10508.382940415999
9694.1340514304
9345.500796159999
7973.2174619136
6631.9597350912
4818.83792828928
8796.6322609664
5166.825711974399
13459.5284955648
10147.0546766848
11797.663435008
12716.147924531198
6063.9112965632
9369.1936507904
5991.978498048
7971.9988021248
6103.192041574401
4111.34264406528
6025.2432612352
8008.3382857216
5112.7288452096
6135.926453555199
5758.0705309183995
4491.5616485888
6815.004703744
6348.028556032
5963.65752064
6428.9228519424
8331.751619072
9410.9548585984
9778.0715102208
8434.0114285568
13425.6618258944
11343.9957046784
8970.9031133184
8661.173775155201
10739.130392729601
8748.1457777664
8033.969026918399
7967.6886486528
12682.9103605248
11658.664663552
9980.0326701568
7761.187727820799
10840.2845538304
7595.423965696
9295.4029050368
10079.207024383999
10304.4406258688
10437.871821568002
8523.118248192
9268.990763263999
9308.7671146496
9382.892919244801
11854.6661682176
11583.3809150464
10064.8096385536
9095.8857878016
8331.5223747584
7909.582273382401
10160.612072704
6391.1978747392
4295.8148592179205
5339.481563392
5766.845842688
6617.0384653824
7818.4674432512
5093.63587113984
7297.2071544832
6777.8404060672
6134.547692288001
5822.9382576128
6446.729746175999
6700.1177092607995
6426.4679619072
3706.4772163379203
4404.94013071872
3777.98001857024
3227.6647983616
3025.88934131712
3625.39828793856
7514.6249360384
4122.98950708224
4389.298424243199
4062.200579712
4222.99470319616
3278.81551850496
3776.26885844992
4402.43072997888
5058.22744248832
6523.5500829696
6207.3338494464
3773.198283264
5635.0010950144
8045.849318656
7463.0140809728
8974.9100237312
9299.2451764736
7217.145004288
5055.18259649024
6751.5607379968005
7452.100964351999
8683.8211764736
6638.848656947201
7985.674401792001
8151.089951231999
7712.098053836799
6396.5981208064
9450.7721348096
8540.8302545408
7253.3577891328005
6947.294864281601
4720.13121644544
5908.6637520384
5837.3960914944
6769.0852173824
6378.5940425727995
7421.5905882112
5910.1946791936
4427.3971378688
5521.050716518401
6488.3821359104
9556.8259459584
9211.672943564801
5994.7215703552
10705.625747148799
7925.0853646848
7882.8202666496
10528.4138345984
9388.706341478399
4656.00300469248
6734.7853061119995
5324.6873951744
9695.8261728256
10445.1204172288
10625.4318008832
11014.3747605504
11651.428990822402
10635.851188787201
10710.779936511999
10236.691253504
9593.6774377472
10596.0533333504
9899.525366886399
9780.4552258048
11293.6649696768
9185.4745028096
11550.915047628801
11624.947672576
10754.6029736448
12258.501561139201
5473.5963068416
10619.6196468736
8205.8517305344
8612.9725345792
8107.734066432
6000.8528898048
8402.9170848256
7098.043975680001
9814.6419302912
11705.0204560384
6753.2388203519995
8995.0024466432
10170.0081829376
5152.8148784128
2282.0991081984
1887.7600424857599
2645.0160806246404
2317.35266646528
2387.08080971776
2092.6405009408
2350.86359104
1794.05763764736
2316.3338244403203
2707.9880707123198
3863.97522355712
3140.87233600512
3628.1605618944004
3605.7848481843203
4356.53610550784
4588.08330058752
5633.2386611712
7597.1550967808
9573.167046912
10270.844372480002
6662.6213533696
4906.7794419967995
10388.5530814464
9081.2751465984
4145.67095022592
3170.3876550656005
3461.62515930112
