3609.85170532352
3673.36651124736
3569.58420779008
3589.9378843648
3651.123338752
3342.53862897664
3275.50652632064
2555.59807468544
1983.45728
1769.85642904576
1528.09076133888
1159.20578597888
1909.75145649152
2533.04360209408
2486.55201271808
2485.33416829952
2582.21853989888
2375.9828732416
2213.83865060352
1935.95932495872
1293.76295071744
1028.77420479488
1506.554593792
2198.7666312704
2457.69796113408
2598.95588571136
2748.51703985152
2776.88510217216
2788.44976884736
3125.04161240064
3173.15253716992
4550.79103296512
4530.9455515136
3795.20205897728
3305.04989313024
3490.44248138752
3534.68250505216
3095.86591120384
2982.10894605312
3641.86710361088
3665.78940290048
2708.74256410624
2186.232230656
1612.04666079232
1525.60178540544
1614.122569472
1338.07139310592
1481.73979475968
1254.01383865344
1432.67052307456
927.020663829504
500.85223371776
936.370094352384
669.804400755712
680.522339468288
1329.83906033664
840.3737540608
1085.13527343104
1775.9196958208
2357.10207371264
2374.90898823168
2295.81422492672
2235.15291629568
2187.97195061248
2265.4351186432
2787.01525123072
3008.83789615104
3205.34092128256
2752.8751921152
2631.376
2613.08959116288
2718.98842718208
2707.2489494528
2698.58133332992
2783.86907556864
2923.55477735424
2488.27539009536
2449.97166972928
2498.16520481792
2502.4659456
2534.94163673088
2518.09059602432
2314.85123842048
2569.91060140032
3348.8488944128
3335.15121311744
3409.43942238208
3378.20737604608
3532.61558293504
3476.1098012672
2848.170833664
2591.17796064256
2391.82370132992
2139.72302313472
2396.02001782784
2482.56024014848
2556.30854321152
2392.3392512
2272.24778170368
2189.43886726144
2404.52704273408
2421.68559169536
2490.38193197056
2225.04104025088
2527.38268896256
2791.82636644352
3528.7168267264
3583.89810945024
2831.21541198848
2901.75686531072
3235.61556164608
3576.412018432
4224.06419104768
4230.31250632704
4627.25883230208
4635.10331915264
3889.56633526272
3613.42818461696
3398.8156163072
3230.82935922688
3339.37364040704
3416.99139622912
3382.8765301248
3384.5426086912
3360.21206304768
3309.29940983808
2962.05050980352
2615.35934020608
2550.01047482368
2843.84408510464
3588.35578858496
3571.12569383936
2855.66736623616
2890.51895172096
3055.02156915712
3002.9791492096
2979.3171063808
2391.84130485248
2518.67591110656
2966.33240449024
3779.22934634496
4119.9313836032
3770.07405176832
3407.12202816512
3244.89878838272
3159.2183084544
3142.41057851392
3160.5580140544
3483.38593364992
3558.84271946752
3802.69577570304
4035.96034188288
4015.81605298176
4985.83202675712
4982.4240484864
4065.40585475072
3384.27214953472
3346.76823880704
3189.08910345216
3352.43549272064
3557.0016344064
3719.65853892608
4052.0651273728
4021.62036363264
3708.44998715392
3597.56603580416
2898.0005631488
2964.2602753024
3051.75480254464
3097.07960655872
3153.85871322112
2850.3463069184
2893.02618473472
3396.14470534144
3467.95332682752
3819.94505660416
3785.76296585216
3647.06573196288
3682.58609366016
4447.69356418048
4445.91542856704
3282.41451707392
2998.37657872384
2426.89402739712
2394.06779855872
2438.03827728384
2198.48915325952
2581.87358160896
2994.0184615424
2825.74534315008
3119.36169536512
3147.17866667008
3211.264
3164.74514285568
3308.43247524864
3334.5624518656
3389.20042264576
3490.26011428864
2951.5862535168
2260.51092617216
1842.13910808576
1968.75787698176
1657.8711601664
1721.0041475072
1906.16306137088
1951.49122417664
1933.19857230848
1741.6102956544
1789.68432059392
1718.72661098496
1494.1244235264
2191.53706051584
2291.27041086464
2374.78007108608
3267.66467878912
3242.13902788608
3148.04906667008
3150.06869610496
2812.7618415104
2772.68117368832
2695.21351110656
3030.26878660608
3158.2179154944
2935.98679364608
2824.03059895296
2604.73348031488
2909.52213582848
3330.09361247232
3131.88134513664
2980.80231325696
3012.09490364416
2971.83497239552
3069.90477149184
3071.31733332992
3168.50072955904
2914.04917971968
2657.6342138368
2536.49126760448
2349.49978812416
2177.42858192896
2282.12498550784
2532.07637193728
2649.92791011328
2784.95573332992
2446.5966239744
2141.78229213184
2029.8490980352
2184.8635534848
2346.53329801216
2554.89768905728
2438.03827728384
2426.80795979776
2441.55436521472
2382.99428571136
2331.32574483456
2078.04536470528
2595.6112714752
2727.84791397376
2625.56634074112
2716.68032520192
2777.89245171712
2540.70187270144
3053.9776
3597.64161373184
3752.82593871872
3957.90138911744
18049.2585266176
18366.8325562368
17847.9210389504
17949.689421824
18255.61669376
16712.6931448832
16377.5326316032
12777.990373427201
9917.2864
8849.2821452288
7640.4538066944
5796.0289298944
9548.7572824576
12665.2180104704
12432.760063590398
12426.6708414976
12911.0926994944
11879.914366207999
11069.1932530176
9679.7966247936
6468.814753587199
5143.8710239744
7532.77296896
10993.833156352
12288.489805670399
12994.779428556802
13742.5851992576
13884.4255108608
13942.2488442368
15625.208062003201
15865.7626858496
22753.955164825602
22654.727757568
18976.0102948864
16525.2494656512
17452.2124069376
17673.4125252608
15479.3295560192
14910.5447302656
18209.3355180544
18328.947014502402
13543.7128205312
10931.16115328
8060.2333039616
7628.0089270272
8070.612847359999
6690.3569655296
7408.6989737984
6270.0691932672
7163.3526153728
4635.10331914752
2504.2611685888
4681.85047176192
3349.02200377856
3402.61169734144
6649.195301683199
4201.8687703040005
5425.676367155201
8879.598479104
11785.5103685632
11874.5449411584
11479.0711246336
11175.7645814784
10939.859753062401
11327.175593216
13935.0762561536
15044.189480755198
16026.7046064128
13764.375960576
13156.880000000001
13065.4479558144
13594.942135910402
13536.244747264
13492.9066666496
13919.3453778432
14617.7738867712
12441.376950476799
12249.858348646401
12490.8260240896
12512.329728
12674.7081836544
12590.4529801216
11574.2561921024
12849.5530070016
16744.244472063998
16675.7560655872
17047.1971119104
16891.0368802304
17663.0779146752
17380.549006336
14240.85416832
12955.889803212798
11959.1185066496
10698.6151156736
11980.1000891392
12412.801200742399
12781.5427160576
11961.696256
11361.2389085184
10947.1943363072
12022.6352136704
12108.427958476801
12451.9096598528
11125.2052012544
12636.9134448128
13959.1318322176
17643.584133632
17919.4905472512
14156.0770599424
14508.7843265536
16178.0778082304
17882.060092159998
21120.3209552384
21151.5625316352
23136.2941615104
23175.5165957632
19447.8316763136
18067.1409230848
16994.078081535998
16154.1467961344
16696.8682020352
17084.9569811456
16914.382650624
16922.713043456
16801.0603152384
16546.4970491904
14810.252549017601
13076.7967010304
12750.0523741184
14219.220425523199
17941.7789429248
17855.6284691968
14278.3368311808
14452.5947586048
15275.107845785602
15014.895746048001
14896.585531904
11959.2065242624
12593.3795555328
14831.6620224512
18896.1467317248
20599.656918016
18850.370258841598
17035.6101408256
16224.493941913599
15796.091542271999
15712.0528925696
15802.790070272
17416.9296682496
17794.2135973376
19013.4788785152
20179.8017094144
20079.0802649088
24929.160133785597
24912.120242432
20327.0292737536
16921.3607476736
16733.841194035198
15945.4455172608
16762.1774636032
17785.008172032
18598.2926946304
20260.325636864
20108.1018181632
18542.2499357696
17987.8301790208
14490.002815744001
14821.301376512
15258.7740127232
15485.3980327936
15769.2935661056
14251.731534592
14465.130923673602
16980.7235267072
17339.7666341376
19099.7252830208
18928.814829260802
18235.3286598144
18412.930468300798
22238.467820902402
22229.5771428352
16412.0725853696
14991.8828936192
12134.470136985601
11970.3389927936
12190.191386419201
10992.445766297602
12909.367908044802
14970.092307712
14128.7267157504
15596.8084768256
15735.8933333504
16056.32
15823.7257142784
16542.1623762432
16672.812259328
16946.002113228802
17451.3005714432
14757.931267584
11302.554630860799
9210.6955404288
9843.7893849088
8289.355800832
8605.020737536
9530.8153068544
9757.4561208832
9665.9928615424
8708.051478272
8948.4216029696
8593.6330549248
7470.6221176320005
10957.6853025792
11456.352054323199
11873.9003554304
16338.3233939456
16210.6951394304
15740.245333350398
15750.3434805248
14063.809207552
13863.405868441601
13476.0675555328
15151.3439330304
15791.089577472001
14679.9339682304
14120.152994764801
13023.667401574401
14547.610679142399
16650.4680623616
15659.4067256832
14904.0115662848
15060.474518220799
14859.174861977599
15349.5238574592
15356.5866666496
15842.5036477952
14570.245898598401
13288.171069184
12682.4563380224
11747.4989406208
10887.1429096448
11410.6249275392
12660.3818596864
13249.6395505664
13924.7786666496
12232.983119871998
10708.911460659201
10149.245490176001
10924.317767424
11732.6664900608
12774.488445286399
12190.191386419201
12134.039798988799
12207.7718260736
11914.9714285568
11656.628724172799
10390.2268235264
12978.056357376
13639.239569868801
13127.831703705599
13583.4016260096
13889.4622585856
12703.5093635072
15269.888
17988.2080686592
18764.1296935936
19789.5069455872
