2581.69362963456
2828.78145511424
2931.818496
2875.64492623872
2537.22130320384
2350.1575950336
2044.2029780992
2891.54523943936
2798.5287901184
2911.80423529472
3123.95974193152
2268.19327075328
2038.5260457984
2032.82070588416
2240.74672779264
1684.3577718784
1901.1584
2085.8705904128
1983.79063967744
1467.1147537408
1951.50334772224
2196.3133023232
2135.16980281344
2022.74596471808
1455.04419115008
1157.84828639232
1091.53615674368
1085.87637772288
1487.67159248896
579.835121179648
2029.4549202432
2271.23574406144
2373.35243174912
2363.28942905344
2132.81544827904
2087.01531157504
2239.5748352
2156.6194050048
2184.46278419456
2199.96338864128
2195.65511110656
1861.51471366144
2131.2530177536
1878.996621312
1016.340860614656
1263.1012620288
2028.97100130304
1058.3855676928
1758.91941052416
1517.28853768192
1572.11236288512
1716.56881632256
2001.75709090816
2016.08266287104
2076.601709824
1473.25307664384
1786.44186436608
1788.39969426432
1736.3081040896
1879.2175200768
2102.784
1977.28502618112
1914.64042264576
1969.17475555328
2069.05065015296
1707.53751308288
1486.98362913792
1042.11557914624
794.926975817728
507.062292811776
596.430284993536
542.218408518656
678.303013216256
865.194015266816
611.35526978048
1030.92749966336
1085.12873229312
1112.69546667008
980.0364510464
881.149980845056
1154.55069090816
1597.61210084352
1105.28933005312
1580.63318709248
1846.45435616256
2535.13051713536
2623.37422222336
2833.58983177216
3073.73974432768
3425.41653332992
3019.53380913152
2812.5601553408
2519.47721348096
2344.6542422528
2410.34599701504
2337.81732861952
2222.47934168064
2166.973959424
2681.08024242176
2284.75744590848
2437.8653726208
3062.87586871296
3063.48237657088
3077.8940299776
3314.41852632064
3390.6095013376
2965.36028069888
2852.92483168256
2710.6266074112
2430.53139145728
2263.8971501568
2047.70820052992
1946.43948280832
1156.38300346368
1681.69000451072
1362.77836640256
1908.92191772672
1701.97704347648
1758.44430769152
1242.85872642048
1510.95973675008
2718.20703939584
2617.98370162688
2524.68583783424
2514.6541127168
2541.4943309312
2080.77928374272
2037.66952610816
1969.17475555328
1988.99809523712
1459.40867411968
1012.557059751936
1905.4279653376
1918.19335469056
1629.0985634816
1447.4956878336
1468.18247968768
1515.12702582784
1419.28964579328
2100.8242758656
2223.07608608768
2174.01223529472
2005.35853816832
2303.86346667008
2494.48359809024
2623.97884297216
2919.24514395136
2615.42300775424
2038.81950623744
1942.9357549568
1725.93191092224
1739.25362799616
1834.76013313024
2304.11711900672
2319.04081241088
2143.46877172736
1939.0474966528
1975.6253039616
1813.40360783872
2043.7534499328
2254.18161499136
2370.92738931712
1988.31387234304
1884.96720106496
1071.02420779008
2796.51753479168
2656.0422618624
2529.09253194752
1861.88667357184
1523.56335483904
728.512294930432
720.176974861312
753.518326360064
993.038241519616
921.49116267008
1687.1424
2146.83653665792
2540.50539318272
2121.87103492096
2080.97394413568
2222.95771428864
2649.1928188928
2507.53913166848
2386.03722558464
2010.72763746304
1998.77866021888
2232.3641787392
2446.87365577728
2623.97123595264
2453.5563785216
2419.6418630144
2237.99371851776
2255.02094222336
2048.85234681856
2108.21249211392
2167.67852873728
2320.77031524352
2539.10377829376
3064.90126508032
3246.42051084288
3402.65623021568
3394.6158545408
3241.5744
3258.24604517376
3443.5250086912
3489.82890090496
3695.8208
3576.52114285568
2897.07382035456
2996.24754023424
3151.37905707008
2902.53190839296
2811.57973332992
2672.7070254592
2636.5020635648
2492.42540888064
1888.82944
750.945169040384
2090.83278541824
2686.60120261632
2793.50344721408
2823.52530214912
2940.7668459008
3152.8494545408
2838.9462535168
2739.55405382656
2706.67963399168
2880.94803853312
3620.4868746752
3491.62529032192
3381.36615385088
3372.85366747136
3413.39062004736
2951.49181109248
2642.26372028416
2690.8454127616
2568.77714285568
2369.61684210688
2581.54914991104
2543.57936314368
2535.24081573888
2723.09265965056
2726.51542196224
2657.61183300608
2985.92654108672
3217.19196624896
3129.74407441408
3124.69399556096
3719.96354855936
3728.57617927168
3072.47202973696
2903.41553507328
2719.40679903232
2715.50511628288
2469.34502960128
2347.29376744448
2331.24345678848
2536.89856
2496.13701408768
2531.45212121088
2417.79528205312
2401.43880213504
2432.37153982464
2318.81188381696
2326.88171329536
12908.468148172798
14143.9072755712
14659.09248
14378.2246311936
12686.1065160192
11750.787975168001
10221.014890496
14457.7261971968
13992.643950592
14559.0211764736
15619.7987096576
11340.9663537664
10192.630228992
10164.1035294208
11203.7336389632
8421.788859392
9505.792
10429.352952064
9918.9531983872
7335.573768704
9757.5167386112
10981.566511616
10675.8490140672
10113.7298235904
7275.2209557504
5789.2414319616
5457.680783718401
5429.3818886144
7438.357962444799
2899.17560589824
10147.274601215999
11356.1787203072
11866.762158745601
11816.4471452672
10664.0772413952
10435.0765578752
11197.874176000001
10783.097025023999
10922.3139209728
10999.816943206399
10978.2755555328
9307.5735683072
10656.265088768
9394.98310656
5081.70430307328
6315.506310144
10144.855006515201
5291.927838463999
8794.5970526208
7586.442688409599
7860.5618144256005
8582.8440816128
10008.7854545408
10080.413314355199
10383.00854912
7366.265383219199
8932.2093218304
8941.9984713216
8681.540520448
9396.087600384
10513.92
9886.4251309056
9573.202113228801
9845.8737777664
10345.2532507648
8537.6875654144
7434.918145689599
5210.5778957311995
3974.63487908864
2535.31146405888
2982.15142496768
2711.09204259328
3391.5150660812797
4325.97007633408
3056.7763489023996
5154.637498316801
5425.6436614656
5563.4773333504
4900.182255232
4405.74990422528
5772.7534545408
7988.0605042176
5526.4466502656
7903.165935462401
9232.2717808128
12675.6525856768
13116.8711111168
14167.9491588608
15368.6987216384
17127.0826666496
15097.6690456576
14062.800776704
12597.386067404801
11723.271211264
12051.7299850752
11689.0866430976
11112.396708403201
10834.86979712
13405.4012121088
11423.787229542399
12189.326863104
15314.379343564799
15317.411882854401
15389.470149888
16572.0926316032
16953.047506688
14826.8014034944
14264.6241584128
13553.133037055999
12152.6569572864
11319.485750783999
10238.541002649601
9732.1974140416
5781.915017318401
8408.4500225536
6813.8918320128005
9544.6095886336
8509.8852173824
8792.2215384576
6214.2936321024
7554.7986837504
13591.035196979201
13089.918508134399
12623.4291891712
12573.270563584
12707.471654656
10403.8964187136
10188.3476305408
9845.8737777664
9944.9904761856
7297.0433705984
5062.78529875968
9527.139826688
9590.9667734528
8145.492817408
7237.478439168
7340.9123984384
7575.6351291392
7096.4482289664
10504.121379328
11115.3804304384
10870.0611764736
10026.7926908416
11519.3173333504
12472.417990451198
13119.894214860798
14596.225719756801
13077.1150387712
10194.0975311872
9714.678774784
8629.6595546112
8696.2681399808
9173.8006656512
11520.585595033599
11595.2040620544
10717.3438586368
9695.237483264
9878.126519808
9067.018039193601
10218.767249664
11270.908074956802
11854.636946585599
9941.5693617152
9424.8360053248
5355.1210389504
13982.587673958402
13280.211309312
12645.462659737601
9309.4333678592
7617.816774195199
3642.5614746521596
3600.88487430656
3767.5916318003196
4965.19120759808
4607.4558133504
8435.712
10734.1826832896
12702.526965913601
10609.3551746048
10404.8697206784
11114.788571443201
13245.964094464
12537.6956583424
11930.1861279232
10053.6381873152
9993.8933010944
11161.820893696
12234.368278886399
13119.856179763201
12267.781892608
12098.209315072
11189.9685925888
11275.1047111168
10244.261734092799
10541.0624605696
10838.3926436864
11603.851576217601
12695.5188914688
15324.5063254016
16232.1025542144
17013.2811510784
16973.079272704
16207.872
16291.230225868801
17217.625043456
17449.1445045248
18479.104
17882.6057142784
14485.369101772802
14981.237701171201
15756.8952853504
14512.6595419648
14057.8986666496
13363.535127296
13182.510317824
12462.127044403202
9444.1472
3754.72584520192
10454.163927091198
13433.006013081598
13967.5172360704
14117.626510745598
14703.834229504
15764.247272703999
14194.731267584
13697.7702691328
13533.3981699584
14404.740192665598
18102.434373376
17458.1264516096
16906.8307692544
16864.2683373568
17066.9531002368
14757.459055462401
13211.3186014208
13454.227063808
12843.8857142784
11848.0842105344
12907.745749555199
12717.896815718399
12676.2040786944
13615.4632982528
13632.5771098112
13288.0591650304
14929.6327054336
16085.9598312448
15648.7203720704
15623.4699778048
18599.8177427968
18642.880896358398
15362.3601486848
14517.0776753664
13597.0339951616
13577.5255814144
12346.7251480064
11736.4688372224
11656.217283942402
12684.4928
12480.685070438401
12657.260606054399
12088.9764102656
12007.1940106752
12161.8576991232
11594.059419084799
11634.408566476799
