797.34278846464
544.65622316544
711.146142302208
415.798857143296
607.971350180864
832.325941047296
566.055195553792
1102.77374395392
1071.41514112
1002.545255696384
1267.99020621824
1336.7862468096
1459.272743168
1230.0288
1448.18631110656
1151.41048050688
1169.94363076608
1302.66242470912
1432.73768421376
1455.23528205312
1225.56761445376
1642.46038260736
1318.23526956032
1395.84623220736
1571.89286424576
1556.5938994688
1191.1747368448
972.813327548416
1427.705413376
1111.31734803456
1100.83578036224
1316.06562711552
760.535112920064
1190.58903953408
1033.93799642112
1254.8156289024
1326.76234312704
988.086758434816
1437.376512
1494.93061127168
1592.8178136064
1386.59176374272
1285.21591436288
1373.11291556864
1484.19714405376
2115.22330745856
1577.40123577344
1678.60202135552
1928.97366810624
1375.78702124032
1848.42302060544
1874.35926462464
1856.702229248
1701.44791356416
1586.53360667648
1597.09174106112
1924.04296414208
1192.26646284288
1216.32
1457.96435258368
1099.666029568
972.7274694144
1174.49007407104
1169.80678547456
1180.7479858688
1124.03462781952
1189.58690330624
916.19328
661.080832807936
668.285968253952
900.893744761856
1241.9326297088
1387.1602162176
1488.52328705024
1420.6470887936
1299.90271140864
1300.80649275392
1120.47655385088
1116.48768
1120.37336389632
935.203063328768
1056.19911110656
910.633112010752
909.646574257152
874.557456610304
673.377654943744
760.398325281792
989.21406851584
1145.8599354368
946.574516983808
917.664121059328
1157.84850520064
1215.35757181952
841.609965622272
824.397480572928
954.693079364608
1000.294647343104
1062.6951186944
1173.80627528704
1010.411985997824
1456.15768116224
1411.0224516096
1259.10969561088
1486.42865770496
1262.63562907648
1382.18288961536
880.800083377152
854.017213988864
476.787742019584
1062.67628101632
1428.62864516096
1187.57675286528
1336.22427195392
828.239623296
910.187748320256
865.464808172544
1266.03005832192
910.94828183552
1003.757869688832
1102.81830654976
991.595652069376
1153.50664968192
856.685742181376
417.396675603456
759.27229442048
782.86473573376
579.013323112448
540.91653731328
571.695896774656
537.22135048192
498.6170058752
533.81165646336
636.613744064512
680.398129869824
594.031971781632
643.495531972608
711.704721728512
750.638800731136
897.4919819008
935.077629280256
1044.83077006336
705.943298876416
639.888766773248
509.453837838336
519.787708873728
557.75395696128
565.82095238144
597.149677876224
482.913555847168
442.300797374464
327.278059923456
339.473299784704
592.46528969216
807.564342362112
538.375879501824
511.929404150784
996.195653369856
1070.32683532288
733.350005285888
919.8639315456
1527.94989376512
938.342864048128
1047.06724929536
574.517194805248
781.51901805056
980.242731707392
799.848155428864
913.502542732288
994.036315353088
808.654279293952
811.744123235328
886.80763903488
1262.68802804736
1848.15450505216
860.169911675904
841.567467933696
896.167907620864
1053.65711392768
1031.46508642304
1174.135022848
876.407466667008
1234.66968073216
864.032490497024
1090.23547076608
1272.56376290304
971.775398001664
1091.7892630016
1029.43630431232
981.232941176832
960.781716575232
1118.82094061568
1079.03268571136
1265.28606483456
1243.68931930112
1164.29156794368
3986.7139423231997
2723.2811158271998
3555.7307115110398
2078.99428571648
3039.8567509043196
4161.629705236481
2830.2759777689603
5513.8687197696
5357.0757056
5012.7262784819195
6339.9510310912
6683.931234048
7296.36371584
6150.144
7240.931555532799
5757.0524025344
5849.7181538304
6513.3121235456
7163.6884210688
7276.1764102656
6127.8380722688
8212.301913036801
6591.1763478016
6979.2311610368
7859.464321228799
7782.969497344
5955.873684224
4864.06663774208
7138.52706688
5556.586740172799
5504.1789018112
6580.328135577601
3802.67556460032
5952.9451976704
5169.6899821056
6274.078144512
6633.8117156352
4940.43379217408
7186.88256
7474.6530563584
7964.089068032
6932.9588187136005
6426.0795718144
6865.564577843199
7420.9857202688
10576.1165372928
7887.0061788672
8393.0101067776
9644.8683405312
6878.935106201599
9242.1151030272
9371.7963231232
9283.51114624
8507.2395678208
7932.668033382401
7985.4587053056
9620.2148207104
5961.3323142144
6081.599999999999
7289.8217629184
5498.330147840001
4863.637347072
5872.4503703552
5849.0339273728005
5903.739929344
5620.1731390976
5947.9345165312
4580.966399999999
3305.40416403968
3341.42984126976
4504.46872380928
6209.663148544
6935.8010810880005
7442.6164352512005
7103.235443968
6499.5135570432
6504.0324637696
5602.3827692544
5582.4384
5601.8668194816
4676.01531664384
5280.9955555328
4553.16556005376
4548.23287128576
4372.78728305152
3366.88827471872
3801.99162640896
4946.0703425792
5729.299677184
4732.8725849190405
4588.32060529664
5789.2425260032
6076.7878590976
4208.04982811136
4121.98740286464
4773.4653968230405
5001.47323671552
5313.475593472
5869.0313764352
5052.05992998912
7280.7884058111995
7055.1122580480005
6295.548478054399
7432.1432885248
6313.1781453824
6910.9144480768
4404.0004168857595
4270.08606994432
2383.93871009792
5313.3814050816
7143.143225804801
5937.8837643264
6681.1213597696
4141.19811648
4550.93874160128
4327.324040862721
6330.1502916096
4554.7414091776
5018.78934844416
5514.0915327488
4957.97826034688
5767.5332484096
4283.42871090688
2086.98337801728
3796.3614721023996
3914.3236786688
2895.0666155622403
2704.5826865664
2858.47948387328
2686.1067524096
2493.085029376
2669.0582823168
3183.0687203225602
3401.99064934912
2970.15985890816
3217.4776598630397
3558.5236086425602
3753.1940036556803
4487.459909504
4675.38814640128
5224.153850316799
3529.71649438208
3199.44383386624
2547.26918919168
2598.9385443686397
2788.7697848064
2829.1047619071996
2985.74838938112
2414.56777923584
2211.50398687232
1636.39029961728
1697.36649892352
2962.3264484608
4037.8217118105604
2691.87939750912
2559.64702075392
4980.97826684928
5351.6341766144
3666.75002642944
4599.3196577280005
7639.749468825599
4691.7143202406405
5235.3362464768
2872.58597402624
3907.5950902528
4901.21365853696
3999.2407771443195
4567.51271366144
4970.18157676544
4043.2713964697596
4058.72061617664
4434.0381951744
6313.440140236799
9240.7725252608
4300.84955837952
4207.83733966848
4480.83953810432
5268.2855696384
5157.3254321152
5870.675114240001
4382.03733333504
6173.348403660801
4320.16245248512
5451.1773538304
6362.8188145152
4858.87699000832
5458.946315007999
5147.181521561601
4906.16470588416
4803.90858287616
5594.1047030784
5395.1634285568
6326.430324172799
6218.4465965056
5821.4578397184005
