1991.59222856704
1664.76017052672
1227.04457143296
859.303430035456
2145.32565605376
2187.14088324096
2435.2678956544
2350.76006107136
3292.0452780032
3683.77093953536
2934.6288484864
2817.441865472
2762.5542620672
2818.31841553408
2854.08981021696
2581.31252032512
2663.61947460608
2946.6337816576
3024.66844444672
3171.55689411584
2735.38452436992
2518.43925332992
3234.070528
3499.4454835712
3476.1098012672
3490.2045467648
2950.0376374784
2931.15649673216
2219.606016
2310.20268194816
2410.20875773952
2407.6859534848
2800.02253184
3111.23157801984
2872.04999005184
2747.36
2490.63037722624
2242.4878652416
2403.63965217792
2830.28997752832
2226.5798309888
2394.12940510208
2808.43477582848
2666.1901056512
2604.14077656064
2572.0501197824
2358.9100547072
2346.70232836096
2434.93397449728
2184.71751319552
2049.66262365184
1996.72099702784
2081.5908301312
2093.50976661504
2275.38751453184
2399.11458925568
2546.22908962816
2354.53880083456
2323.71582089216
2129.50176248832
2102.784
2109.8404469248
2122.92766527488
2085.00856470528
2050.01030674432
1964.45866667008
2234.17440795648
2390.06942608384
2265.54188107776
2260.51092617216
2631.26128512
2917.248
2898.34887529472
2068.79507692544
2343.22707692544
2424.85764005888
2421.15428130816
1762.68588778496
2131.32743612416
2289.957856512
2419.05859047424
2539.10971619328
2414.2366225408
2268.50133332992
2329.00506263552
2295.56247108608
2292.26873786368
2420.7114730496
2211.81569139712
1864.17226303488
2088.1137675776
1842.8352162816
2024.68146275328
2025.18797080576
2067.33522051072
1903.891522304
2138.3234974208
2258.6284471296
2309.3154453504
2183.916953344
2302.20674304
2243.16389743616
2172.61806528512
1985.32667403264
2276.16693976064
2147.1941324288
2029.118079232
1962.84337874944
2234.7150656512
2069.66646870016
1946.70276923392
2050.41323117568
2346.70232836096
1989.25409523712
1784.40400479232
1884.98021261312
1734.2654020608
1631.06133332992
1453.6472943616
1167.63306667008
1262.78835141632
1569.66885373952
1644.38507759616
1588.66285714432
1490.81669619712
1032.192
1622.60554243072
1556.37948466176
1521.25088411648
1816.04173913088
1861.06610526208
1390.30667492352
1616.81167058944
1589.10046635008
1271.00425660416
1339.85613597696
1344.80580072448
741.154194946048
842.232390658048
902.062359909376
1008.778666667008
1446.0058365952
2150.71338523648
2431.21270351872
2215.35583002624
2373.84254205952
2982.20925490176
2405.62971836416
2096.988393728
2008.0620931072
2331.73895701504
2372.90130653184
2205.04808727552
2225.02056119296
2198.12825668608
2159.36987537408
2501.67267702784
2231.17882587136
1972.39871089664
2051.55403561984
2113.74538018816
2010.30089320448
2009.6935913984
2177.86210461696
2175.68611055616
1725.94885890048
1658.45292891136
1968.20507527168
2154.98727436288
2216.09215249408
2842.01650336768
2766.37538461696
2739.02479087616
2058.70375245824
1880.76833862656
2140.7849184256
2685.40279584768
2099.49778041856
2091.98552738816
2060.82620193792
2057.96085289984
2167.13357809664
1774.85767254016
1867.33348089856
1907.02248710144
1721.86453332992
1710.51281227776
1363.00365048832
2094.47031390208
1996.54639750144
2099.659506688
2186.17331403776
2475.0229853696
2394.94227026944
2447.99765567488
2221.58676440064
2341.95074837504
2147.328
2072.31272187904
2169.50807085056
2157.21421208576
2078.33623747584
2268.50510496768
2778.92438529024
2917.16667403264
2945.7871330816
2708.14455172096
2370.23886390272
1943.0173815296
1678.15581115392
2540.01152
2513.92846280704
2585.36067432448
2910.8690376192
2585.92168824832
2257.35616089088
2062.04087335936
2193.08580108288
2522.4429373952
2296.36862569472
2313.85579650048
2355.23330081792
2577.396229888
2588.96502643712
2660.92652145664
2346.10746099712
2271.23574406144
2123.88072727552
2457.65688889344
2042.27139622912
1705.02826667008
1824.9468996096
2128.40781394944
2092.2511091712
2107.914711296
2165.57764383744
1949.54482122752
1567.71168661504
1659.56731065344
1736.0938510336
1872.12630912
1672.58924137472
2358.43584
1954.3549005824
1754.97920376832
1777.32982750208
1911.6334545408
1976.4894698496
2093.50976661504
1980.80609523712
1865.6771467264
1826.99161664512
1906.81665195008
1817.38085603328
1961.8416032768
2131.32857918464
1888.3072
2013.41155555328
1958.29533702144
2031.31720365056
2207.14211703808
1908.90140701696
1918.7293821952
1717.72642622464
1825.561669376
1972.76002502656
9957.9611428352
8323.8008526336
6135.2228571648
4296.51715017728
10726.6282802688
10935.7044162048
12176.339478272
11753.800305356799
16460.226390016
18418.8546976768
14673.144242432
14087.209327359998
13812.771310336
14091.5920776704
14270.449051084799
12906.562601625601
13318.0973730304
14733.168908288
15123.342222233601
15857.7844705792
13676.9226218496
12592.1962666496
16170.352640000001
17497.227417856
17380.549006336
17451.022733824
14750.188187392
14655.782483660802
11098.03008
11551.013409740799
12051.0437886976
12038.429767424
14000.1126592
15556.1578900992
14360.2499502592
13736.800000000001
12453.1518861312
11212.439326208001
12018.198260889601
14151.4498876416
11132.899154944
11970.6470255104
14042.1738791424
13330.950528256
13020.7038828032
12860.250598912
11794.550273535999
11733.5116418048
12174.6698724864
10923.5875659776
10248.3131182592
9983.6049851392
10407.954150656002
10467.5488330752
11376.9375726592
11995.5729462784
12731.1454481408
11772.6940041728
11618.579104460801
10647.5088124416
10513.92
10549.202234624
10614.6383263744
10425.0428235264
10250.0515337216
9822.2933333504
11170.8720397824
11950.347130419199
11327.7094053888
11302.554630860799
13156.3064256
14586.24
14491.7443764736
10343.9753846272
11716.1353846272
12124.288200294399
12105.7714065408
8813.429438924799
10656.6371806208
11449.78928256
12095.292952371201
12695.548580966399
12071.183112704
11342.506666649599
11645.0253131776
11477.8123554304
11461.3436893184
12103.557365248
11059.0784569856
9320.8613151744
10440.568837888
9214.176081408
10123.4073137664
10125.9398540288
10336.6761025536
9519.45761152
10691.617487103998
11293.142235648
11546.577226751999
10919.58476672
11511.033715200001
11215.8194871808
10863.0903264256
9926.633370163201
11380.8346988032
10735.970662144
10145.59039616
9814.2168937472
11173.575328256
10348.332343500799
9733.5138461696
10252.0661558784
11733.5116418048
9946.2704761856
8922.020023961599
9424.901063065601
8671.327010304
8155.3066666496
7268.236471808
5838.1653333504
6313.9417570816
7848.3442686976005
8221.9253879808
7943.3142857216
7454.0834809856005
5160.96
8113.0277121536
7781.8974233088
7606.2544205824
9080.208695654399
9305.330526310401
6951.5333746176
8084.0583529472
7945.5023317504
6355.0212830208
6699.2806798848005
6724.0290036224
3705.77097473024
4211.16195329024
4510.31179954688
5043.89333333504
7230.029182976
10753.5669261824
12156.0635175936
11076.779150131199
11869.2127102976
14911.046274508799
12028.1485918208
10484.94196864
10040.310465536
11658.6947850752
11864.5065326592
11025.2404363776
11125.1028059648
10990.6412834304
10796.8493768704
12508.3633851392
11155.8941293568
9861.9935544832
10257.7701780992
10568.726900940801
10051.5044660224
10048.467956992
10889.310523084801
10878.430552780801
8629.7442945024
8292.2646445568
9841.0253763584
10774.9363718144
11080.4607624704
14210.0825168384
13831.876923084801
13695.123954380799
10293.518762291202
9403.841693132801
10703.924592128002
13427.0139792384
10497.4889020928
10459.9276369408
10304.1310096896
10289.8042644992
10835.6678904832
8874.2883627008
9336.6674044928
9535.1124355072
8609.322666649601
8552.5640613888
6815.0182524416
10472.3515695104
9982.731987507199
10498.29753344
10930.8665701888
12375.114926848
11974.7113513472
12239.988278374401
11107.933822003199
11709.7537418752
10736.64
10361.5636093952
10847.5403542528
10786.071060428802
10391.6811873792
11342.5255248384
13894.6219264512
14585.8333701632
14728.935665408
13540.7227586048
11851.1943195136
9715.086907648
8390.7790557696
12700.0576
12569.6423140352
12926.8033716224
14554.345188095998
12929.6084412416
11286.7808044544
10310.2043667968
10965.4290054144
12612.214686976
11481.8431284736
11569.278982502401
11776.166504089599
12886.98114944
12944.825132185599
13304.6326072832
11730.5373049856
11356.1787203072
10619.4036363776
12288.2844444672
10211.3569811456
8525.1413333504
9124.734498048
10642.0390697472
10461.255545856
10539.57355648
10827.8882191872
9747.7241061376
7838.5584330752
8297.8365532672
8680.469255168
9360.631545600001
8362.9462068736
11792.1792
9771.774502912
8774.8960188416
8886.6491375104
9558.167272703999
9882.447349248
10467.5488330752
9904.0304761856
9328.385733632
9134.9580832256
9534.083259750401
9086.9042801664
9809.208016384
10656.6428959232
9441.536
10067.0577777664
9791.4766851072
10156.5860182528
11035.7105851904
9544.5070350848
9593.646910976
8588.632131123199
9127.80834688
9863.8001251328
