527.083671242752
694.524280479744
975.84458207232
386.25702752256
923.768
896.89610248192
633.967201234944
686.02067617792
646.803390772224
468.26353339392
556.747484271616
1011.541333332992
1398.29863583744
1403.9867289088
1058.33813332992
1245.6402293248
1169.46124090368
1196.08532465664
1217.07600903168
1352.91254530048
1168.83009900544
1166.1312
1307.68752280576
1393.38977627136
1004.427395444736
1031.67270654976
1504.92263087104
1184.00036415488
1344.88863386624
1131.9115551744
1282.111405568
1009.596240377856
1266.19889803264
1070.3622645248
1062.42320241664
1191.26321020928
1055.76393366528
813.916484711424
944.01926795776
1009.335470071808
728.558344827904
457.664243964928
1035.17564921856
927.502194390016
991.048682517504
1156.60418480128
1380.54780877824
1491.94057143296
1222.2947858944
1343.56739383296
1070.6363977728
928.963079762944
875.42069919744
880.940897419264
981.002938872832
911.197705660416
711.282462317568
774.571940298752
868.9678840576
862.154269676544
958.531573604352
1145.32666365952
1265.89805714432
1160.24888889344
883.295857219584
1027.61797711872
1092.87468787712
880.515226891264
739.848716090368
773.773768507392
770.442387895296
496.092739428352
565.288857854976
425.697797366784
562.01814726144
863.035076923392
965.229802409984
822.808380952576
765.561045521408
778.189803921408
916.773188667392
756.903125069824
756.945861997568
825.673310872576
1087.21028190208
788.984728487936
538.05521206784
752.151249243136
723.679549295616
629.504885813248
783.803290043392
997.701766407168
1186.53208267776
1279.77894602752
1287.1640155648
910.158206593024
818.84558159872
497.578336731136
875.11174532608
1137.14496362496
1041.46895238144
1021.873395673088
945.020717948928
1471.6405530624
1220.75033204736
1513.20981199872
1285.21591436288
1354.05954486272
1431.88405236736
1562.51335832576
1232.85370611712
1062.35848648704
1473.8464740864
1228.34076174336
1196.97723076608
1391.71659979776
1353.73390201856
1123.06348018688
1376.5270899712
1362.72873206784
1440.16337176576
1609.0472893952
1782.69801526272
1703.97965186048
1535.94657391616
1326.29127304192
1375.01276964864
1390.00570980352
1380.79206611968
1228.14203184128
1459.2008318464
1491.7665346048
1395.92089259008
1296.69346679808
1189.85966288896
1452.94842022912
1535.90806982656
1158.22322919424
1268.23178862592
1241.57374358528
887.414598870016
1160.23278203904
1141.06445283328
1476.90388668416
1219.9863208448
1492.567929344
813.476957203456
834.746657581056
786.527603209216
1183.67548509184
1332.0376868864
1675.10559116288
1458.6729706496
1292.61001257984
1509.76690456576
1336.22553505792
1557.17688889344
1005.863753474048
1112.85125741568
1328.5186827264
1252.38503225344
1130.16782464
837.143919574016
770.051642508288
661.640790216704
659.940722300928
386.065008173056
451.57917436416
413.056804591616
433.263906817024
480.732468714496
554.125784614912
942.523095943168
907.377705168896
1085.14518836224
1171.44363471872
1298.22156329984
950.767248932864
756.333677157376
1055.32802214912
1026.53695804416
962.59357377024
905.62690862592
1098.26872607744
762.801085371392
1021.003771670528
1276.2670545408
985.373164557312
956.47113060864
882.066696629248
2635.4183562137596
3472.62140239872
4879.2229103616
1931.2851376128
4618.84
4484.4805124096
3169.83600617472
3430.1033808896
3234.01695386112
2341.3176669696
2783.73742135808
5057.706666664961
6991.4931791872
7019.933644543999
5291.690666649601
6228.201146624
5847.3062045184
5980.426623283201
6085.3800451584
6764.5627265023995
5844.150495027199
5830.656
6538.4376140287995
6966.9488813568005
5022.13697722368
5158.3635327488
7524.6131543552
5920.0018207744
6724.4431693312
5659.557775872
6410.55702784
5047.98120188928
6330.994490163201
5351.811322623999
5312.116012083199
5956.3160510464
5278.8196683264005
4069.58242355712
4720.0963397888
5046.67735035904
3642.79172413952
2288.32121982464
5175.8782460928
4637.51097195008
4955.24341258752
5783.0209240064005
6902.739043891201
7459.702857164801
6111.473929472
6717.8369691648
5353.181988863999
4644.81539881472
4377.1034959871995
4404.70448709632
4905.01469436416
4555.988528302079
3556.41231158784
3872.85970149376
4344.839420288
4310.77134838272
4792.65786802176
5726.6333182975995
6329.4902857216
5801.2444444672
4416.4792860979205
5138.0898855936
5464.3734393856
4402.57613445632
3699.24358045184
3868.86884253696
3852.2119394764795
2480.46369714176
2826.44428927488
2128.48898683392
2810.0907363072
4315.17538461696
4826.14901204992
4114.04190476288
3827.8052276070403
3890.94901960704
4583.86594333696
3784.51562534912
3784.72930998784
4128.36655436288
5436.0514095104
3944.92364243968
2690.2760603392
3760.75624621568
3618.39774647808
3147.5244290662404
3919.01645021696
4988.50883203584
5932.6604133887995
6398.8947301376
6435.820077824
4550.79103296512
4094.2279079935997
2487.89168365568
4375.5587266304
5685.7248181248
5207.344761907199
5109.36697836544
4725.10358974464
7358.202765311999
6103.7516602368
7566.0490599936
6426.0795718144
6770.2977243136
7159.4202618368
7812.5667916288
6164.2685305856
5311.7924324352
7369.232370432
6141.7038087168
5984.886153830401
6958.5829989888
6768.6695100928
5615.3174009344
6882.6354498559995
6813.643660339199
7200.816858828801
8045.2364469760005
8913.4900763136
8519.898259302401
7679.732869580801
6631.4563652096
6875.0638482432
6950.028549017599
6903.9603305984
6140.7101592064
7296.004159231999
7458.832673024
6979.6044629504
6483.4673339904
5949.2983144448
7264.742101145601
7679.5403491328
5791.1161459712
6341.1589431296
6207.8687179264
4437.07299435008
5801.1639101952005
5705.3222641664
7384.5194334208
6099.931604224001
7462.83964672
4067.38478601728
4173.73328790528
3932.63801604608
5918.377425459201
6660.188434432001
8375.5279558144
7293.364853248
6463.0500628992
7548.8345228288
6681.1276752896
7785.8844444672
5029.3187673702405
5564.2562870784
6642.593413631999
6261.9251612672
5650.839123199999
4185.71959787008
3850.2582125414397
3308.2039510835198
3299.70361150464
1930.32504086528
2257.8958718208
2065.28402295808
2166.31953408512
2403.66234357248
2770.62892307456
4712.61547971584
4536.88852584448
5425.725941811201
5857.2181735936
6491.1078164991995
4753.8362446643205
3781.6683857868798
5276.6401107456
5132.6847902208
4812.9678688512
4528.1345431296
5491.3436303872
3814.00542685696
5105.01885835264
6381.335272704
4926.86582278656
4782.3556530432
4410.33348314624
