414.17482683904
450.033539091456
438.415531380736
453.31914939392
461.996792185856
536.505379310592
626.231963396096
568.52949623808
603.666731707392
610.513802994688
603.83424891904
637.090048508928
672.27141454336
603.876917374976
550.500979627008
627.703970284544
452.7199838976
658.302223017984
639.578495848448
607.069672510464
668.37559801856
465.378529547264
435.132450671616
564.823062864896
660.0522884352
610.39548251136
625.91339009024
584.51703370752
547.359630685184
577.566393714688
535.964603968512
543.12097057792
532.785234475008
559.020704970752
528.616429913088
522.288907462656
576.967918046208
590.05603940864
591.767755677696
769.748839926784
783.97743970304
920.004495529984
959.828438032384
895.94257340928
1036.72246964224
667.596910107648
752.69228936192
784.955227245568
724.344843947008
750.467023622144
694.422059855872
774.306039560192
551.910479751168
457.895320261632
476.228738692096
725.853883767808
667.329178847232
758.22545454592
768.39450861056
653.292116504576
691.054784995328
550.303375270912
642.122202898432
797.498042959872
803.26184950272
810.22833739264
721.88570978304
774.007844875264
719.308335291392
655.763211091968
650.9141382912
758.496472906752
710.598219436032
686.913054640128
730.888694339584
773.75558620672
733.981434723328
697.469478135808
721.754137517056
661.806023970816
789.681578400768
819.40392956928
979.339682878464
833.330250386432
558.912703296512
665.549485553664
537.340030128128
506.890097246208
545.520881220608
470.399255332864
414.915061586944
363.57271503872
497.818334927872
487.756041137152
410.041713046528
354.152209806336
483.418051083264
571.27133494784
654.762247259136
611.054874022912
537.32601612288
570.449776392192
595.433517812736
687.61367060992
438.674070066176
433.28771084288
336.382685033472
524.261593122816
526.225338267648
545.076775385088
448.991268729856
867.6036198656
545.401367605248
455.23291903488
473.586643478528
385.171709215744
393.531692823552
405.639986262016
603.400587488256
455.243721288704
2070.8741341952
2250.16769545728
2192.0776569036802
2266.5957469696
2309.98396092928
2682.5268965529604
3131.15981698048
2842.6474811904
3018.3336585369602
3052.56901497344
3019.1712445952
3185.45024254464
3361.3570727168003
3019.38458687488
2752.5048981350396
3138.51985142272
2263.599919488
3291.51111508992
3197.8924792422404
3035.34836255232
3341.8779900928002
2326.89264773632
2175.6622533580803
2824.11531432448
3300.261442176
3051.9774125568
3129.5669504512
2922.5851685376
2736.79815342592
2887.8319685734405
2679.8230198425604
2715.6048528896004
2663.92617237504
2795.10352485376
2643.08214956544
2611.44453731328
2884.83959023104
2950.2801970432
2958.83877838848
3848.74419963392
3919.8871985152
4600.02247764992
4799.142190161921
4479.7128670464
5183.6123482112
3337.98455053824
3763.4614468095997
3924.77613622784
3621.72421973504
3752.33511811072
3472.1102992793603
3871.5301978009597
2759.5523987558404
2289.47660130816
2381.14369346048
3629.26941883904
3336.64589423616
3791.1272727296
3841.9725430528
3266.46058252288
3455.27392497664
2751.5168763545603
3210.61101449216
3987.49021479936
4016.3092475136
4051.1416869632003
3609.4285489152003
3870.03922437632
3596.54167645696
3278.81605545984
3254.5706914559996
3792.48236453376
3552.99109718016
3434.56527320064
3654.4434716979204
3868.7779310336
3669.9071736166397
3487.34739067904
3608.77068758528
3309.03011985408
3948.40789200384
4097.0196478463995
4896.69841439232
4166.65125193216
2794.56351648256
3327.74742776832
2686.70015064064
2534.45048623104
2727.6044061030398
2351.9962766643202
2074.57530793472
1817.8635751936
2489.09167463936
2438.78020568576
2050.20856523264
1770.76104903168
2417.09025541632
2856.3566747392
3273.81123629568
3055.27437011456
2686.6300806144
2852.24888196096
2977.1675890636798
3438.0683530496
2193.37035033088
2166.4385542144
1681.91342516736
2621.30796561408
2631.12669133824
2725.38387692544
2244.95634364928
4338.018099328
2727.00683802624
2276.1645951744
2367.93321739264
1925.8585460787199
1967.65846411776
2028.19993131008
3017.0029374412798
2276.21860644352
