1153.02681705472
1170.51651780608
1129.47872477184
974.107158260736
913.796937684992
667.830734006272
990.01344
964.809484433408
964.373808135168
1281.8251776
829.86505660416
578.845749815296
474.76850841088
649.13645753344
995.24946312704
1019.409753120768
1077.252091904
768.438995278848
720.927267175424
572.875034482688
364.222764720128
661.91623832576
1061.57206126592
774.99651150336
974.92813913088
1176.46961978368
1113.61980110848
1216.18070588416
1048.41008607232
1031.18071172096
1137.95045659648
1028.4121995264
983.67015384576
1181.2103561216
1165.87943949312
1075.07592520704
978.86972020736
1147.63824319488
1099.71070917632
704.856673189888
901.316729064448
1034.08062836736
1090.99277597696
1312.05648013312
1088.50884923392
987.281205317632
1008.1037510144
905.551657957376
957.176352774144
1026.39256518656
844.137053007872
890.369027424256
1018.478097350656
974.969281292288
1062.5496764416
926.72
1024.93647862784
1117.05205376
1080.5763662336
861.425657046016
879.532148883456
990.079051851776
5765.134085273599
5852.5825890303995
5647.3936238592
4870.5357913036805
4568.98468842496
3339.15367003136
4950.0671999999995
4824.04742216704
4821.86904067584
6409.125888
4149.3252830208
2894.22874907648
2373.8425420544
3245.6822876672
4976.2473156352
5097.0487656038395
5386.26045952
3842.19497639424
3604.6363358771205
2864.37517241344
1821.11382360064
3309.5811916288
5307.8603063296
3874.9825575168
4874.6406956544
5882.3480989184
5568.0990055424
6080.903529420801
5242.0504303616
5155.9035586048
5689.7522829824
5142.060997631999
4918.350769228799
5906.051780608
5829.3971974656
5375.3796260352
4894.348601036801
5738.191215974401
5498.5535458816
3524.2833659494404
4506.58364532224
5170.4031418368
5454.9638798848
6560.2824006656
5442.5442461696
4936.40602658816
5040.518755072
4527.758289786881
4785.88176387072
5131.9628259328
4220.68526503936
4451.8451371212805
5092.39048675328
4874.84640646144
5312.748382208
4633.6
5124.6823931392
5585.260268800001
5402.881831168001
4307.12828523008
4397.66074441728
4950.395259258879
