780.739341851648
788.186144800768
934.096802038784
857.54526445056
898.775525016576
1032.12049317888
1086.54047720448
1539.74784
1415.49136841728
958.850789346304
845.326804146176
1032.52183401472
706.161953283072
607.5487584768
606.217525581824
628.71572277248
714.385495537664
1275.57492627456
1281.59447602176
1516.63761462272
1409.13748225024
1124.3032380928
660.194038106112
819.100975823872
819.232653712384
854.116957746176
936.913635187712
961.343931404288
1078.176497408
873.048983216128
924.671284416512
873.061104708608
832.987204456448
959.735842711552
857.34957623808
806.102189111296
1124.2845558272
1112.7238419456
763.343872543744
1321.13186014208
1046.06893631488
1079.34569604096
1018.181653709824
1157.105429248
942.878557029376
834.137502060544
928.32704306176
991.6338500352
991.675632047104
1038.31173797888
780.823856630784
451.607366443008
321.743605479424
256.71184785408
326.330398626816
459.291456516096
816.227803943936
712.184532657152
654.155294117888
507.587589417984
398.048126196736
488.40794051072
606.18842532864
696.368282907648
651.367797270528
754.687544686592
469.98331344896
398.056457638912
455.570921739264
916.50647074816
1185.38650627072
1007.394992805888
949.728814186496
837.34344274432
1204.57909049344
1071.56572060672
1033.37094736896
809.233066667008
900.393290322944
753.028991814656
1011.151082802176
1279.16460891136
1121.82732502016
986.569707382784
726.147706397696
967.055134877696
1044.70654867456
778.418772785152
697.27024134656
885.406535272448
1067.80285840384
1020.04822535168
709.03864664064
1029.5018627072
687.349306052608
783.42487152128
837.73833580544
817.055755191296
781.673311982592
901.064591050752
872.06963422208
869.940504660992
966.564076567552
619.558841378816
713.585858357248
768.812975076352
555.456904370176
507.655757576192
530.147905830912
640.766500225024
674.214850618368
704.887745685504
858.133113402368
570.298102388736
579.306898911232
538.660894383104
529.005484276736
842.845090909184
931.212951379968
631.752110108672
710.352364418048
593.77227540992
800.50962793984
849.212509090816
732.321025953792
530.232963602432
652.828764045312
847.044594323456
858.235970944
972.785094614016
798.725782588416
913.206011184128
944.529154638848
726.386911611904
825.529725490176
800.624995345408
546.450357072896
583.514103268352
525.593184498688
700.894470796288
639.7539355904
616.574618253312
562.006829884416
497.577642783744
559.986113856512
606.208
652.478215358464
776.947767414784
537.080330288128
680.763474747392
670.3269324544
581.536157635584
685.184433898496
767.643550978048
912.430597113856
724.44763364864
809.200268156928
3903.69670925824
3940.93072400384
4670.48401019392
4287.7263222528
4493.87762508288
5160.6024658944
5432.702386022401
7698.7392
7077.4568420864
4794.25394673152
4226.6340207308795
5162.609170073601
3530.8097664153597
3037.743792384
3031.08762790912
3143.5786138624003
3571.9274776883203
6377.874631372801
6407.9723801088
7583.188073113601
7045.6874112512005
5621.516190464
3300.97019053056
4095.50487911936
4096.163268561921
4270.58478873088
4684.56817593856
4806.71965702144
5390.882487039999
4365.24491608064
4623.35642208256
4365.30552354304
4164.93602228224
4798.67921355776
4286.7478811904
4030.51094555648
5621.422779136
5563.619209728
3816.7193627187203
6605.6593007104
5230.344681574399
5396.728480204801
5090.90826854912
5785.527146240001
4714.39278514688
4170.68751030272
4641.6352153088
4958.169250176
4958.37816023552
5191.5586898944
3904.11928315392
2258.03683221504
1608.7180273971198
1283.5592392704002
1631.6519931340802
2296.45728258048
4081.13901971968
3560.92266328576
3270.77647058944
2537.9379470899203
1990.2406309836801
2442.0397025536
3030.9421266432
3481.84141453824
3256.83898635264
3773.43772343296
2349.9165672448003
1990.28228819456
2277.85460869632
4582.5323537408
5926.9325313536
5036.97496402944
4748.64407093248
4186.7172137216
6022.8954524672
5357.8286030336
5166.8547368448
4046.1653333350396
4501.96645161472
3765.14495907328
5055.7554140108805
6395.8230445568
5609.1366251008
4932.84853691392
3630.7385319884797
4835.27567438848
5223.5327433728
3892.09386392576
3486.3512067328
4427.03267636224
5339.0142920192
5100.2411267584
3545.1932332031997
5147.509313536
3436.74653026304
3917.1243576064
4188.6916790272
4085.2787759564803
3908.3665599129604
4505.3229552537605
4360.3481711104005
4349.70252330496
4832.82038283776
3097.79420689408
3567.92929178624
3844.06487538176
2777.2845218508796
2538.27878788096
2650.73952915456
3203.83250112512
3371.07425309184
3524.43872842752
4290.66556701184
2851.49051194368
2896.53449455616
2693.3044719155205
2645.0274213836797
4214.22545454592
4656.06475689984
3158.7605505433603
3551.7618220902395
2968.8613770496
4002.5481396992
4246.06254545408
3661.6051297689596
2651.16481801216
3264.14382022656
4235.22297161728
4291.17985472
4863.9254730700795
3993.62891294208
4566.03005592064
4722.64577319424
3631.93455805952
4127.64862745088
4003.12497672704
2732.2517853644804
2917.5705163417597
2627.96592249344
3504.4723539814404
3198.769677952
3082.87309126656
2810.03414942208
2487.88821391872
2799.93056928256
3031.04
3262.39107679232
3884.73883707392
2685.4016514406403
3403.8173737369602
3351.634662272
2907.68078817792
3425.92216949248
3838.21775489024
4562.152985569281
3622.2381682432
4046.00134078464
