671.944285370368
505.540154596352
517.047516808192
561.515404511232
932.474089326592
1715.4225124352
989.395068082176
921.763255204864
1321.3239453184
1303.7278047232
1092.1248939008
1215.26124009472
1100.5249220096
1633.64846401536
1263.63134082048
1216.87819867136
422.211959279616
908.233142856704
763.471883589632
426.283461511168
495.764474892288
309.758842502144
335.813404706816
546.798218195968
880.209899901952
1234.0285485568
1036.99130032128
999.399250755584
1218.00583529472
1536.70301336576
896.523348955136
1195.2009275392
1076.2420198912
1184.2083519488
1183.78704608256
878.592
707.241388862464
1049.54136431616
724.8093310464
631.344014022656
453.31011706368
356.3561062656
906.137861892096
819.083280210944
882.20792019968
753.964327129088
1017.049381569536
1091.58839799808
1076.6319616
1179.27781756928
1352.39132824576
1286.08859516928
1206.56200876032
1538.00886624256
1325.99174498304
1042.56
671.10216439296
802.881163636736
1203.70180079616
1532.86922054656
1501.91294915584
1511.99855203328
3359.72142685184
2527.70077298176
2585.23758404096
2807.57702255616
4662.37044663296
8577.112562176
4946.97534041088
4608.816276024319
6606.619726592
6518.6390236160005
5460.624469504
6076.3062004736
5502.624610048
8168.242320076801
6318.156704102401
6084.3909933568
2111.05979639808
4541.16571428352
3817.3594179481597
2131.41730755584
2478.8223744614397
1548.79421251072
1679.0670235340801
2733.99109097984
4401.04949950976
6170.142742784
5184.956501606401
4996.99625377792
6090.0291764736
7683.5150668288
4482.61674477568
5976.004637696
5381.2100994560005
5921.041759744001
5918.9352304128
4392.96
3536.20694431232
5247.7068215808
3624.046655232
3156.7200701132797
2266.5505853184
1781.7805313279998
4530.68930946048
4095.41640105472
4411.0396009984
3769.82163564544
5085.24690784768
5457.9419899904
5383.159808
5896.3890878464
6761.9566412287995
6430.4429758464
6032.8100438016
7690.044331212801
6629.9587249152
5212.799999999999
3355.5108219648
4014.40581818368
6018.509003980799
7664.346102732799
7509.564745779199
7559.9927601664
