1513.95126583296
2225.86892689408
1650.79870270464
1332.67169475584
1641.0042777088
1845.73352585216
1528.2718035456
1087.20059311104
745.660631578624
986.929285981184
1758.77869693952
1942.16239876096
2033.35212182528
2027.14243575808
1636.02637657088
1771.27721060352
1903.53782227968
1848.70996164608
880.76025404416
1744.86948867072
2001.91118326784
2343.4608436736
2292.58307750912
1798.26752231424
1887.71519632384
2317.54028025856
2184.71867270144
2120.41108274176
2015.3807651328
1892.63083568128
1488.41913160704
1975.14459777024
2282.76646107136
2587.95314076672
2059.2700879872
2154.13218989056
2221.80043174912
2313.34056240128
1325.9930922496
1765.6248224256
2090.40883305472
2118.11448621056
2112.5029912064
2024.53439557632
1895.81448532992
2015.9311749632
2015.7958649344
2071.83236310016
2166.5782042112
2306.46647677952
1355.51021510656
943.090365802496
1795.20635923456
1421.57082446848
1141.59665179648
1119.15365741568
1918.94616159232
1884.42115436544
1979.09694915584
2265.26692798464
2743.8268893184
2577.89378839552
2628.91042487296
2568.48881159168
2580.3218532864
3239.10741984256
2108.30542723072
1561.69309090816
1283.69141807104
1445.56278111232
1696.75055067136
2314.51080991744
1989.98105330688
1956.55465351168
2275.89296551936
2699.44953310208
3027.90137831424
3000.52710112256
2938.12547367936
1219.05005144064
2280.0821543936
2880.54303030272
3205.60159620096
3252.18775221248
3257.79258006528
1500.0495778816
2690.64022792192
2665.44274285568
1133.6606661632
1728.91686224896
1601.11693729792
1469.03496956928
1499.8894448128
1535.70526937088
1676.21774636032
937.777893692416
874.9056
1422.6565480448
1258.32032710656
567.818407868416
1956.39543811072
1836.9216167936
1412.09698746368
885.084059113472
1035.89777107968
982.670818958336
704.86045037568
286.483801949184
706.43743629312
1351.57876805632
1479.33154070528
1703.80111525888
2147.28604552192
2337.025790208
2153.14645086208
1681.31090628608
2984.01319734272
3173.95718919168
3382.59215273984
3369.87771139072
2946.50615329792
853.241667844096
615.742877193216
921.236449703936
693.16513294848
2197.62184759296
2716.98877698048
3056.50428915712
3003.82589830144
3010.37549549568
3947.19136744448
4158.04681481216
3096.9913690112
3009.8761077248
3192.56993364992
3061.28942394368
2828.8465454592
3384.061186816
4395.47319667712
4201.64855172096
3208.04147411968
3306.78703158272
3674.95750458368
3094.74197014528
2279.94346355712
2834.83428571136
2740.40850450432
2532.00426266624
2244.25780763648
2187.28061663232
2241.80963085312
1047.02297117696
819.443545946112
762.149169734656
475.614676308992
648.869949174784
1089.07404511232
1221.98077384704
949.09037172224
919.339493728256
649.904031433728
377.84852554752
244.915975757824
594.794272269312
1059.2331155968
1399.65006964736
1406.76811255808
1692.88390289408
1886.32088188928
1996.53216380928
2107.82890667008
2739.47384116224
2749.47908397056
2766.99124385792
1638.08855299072
2521.70750178304
2421.47085179904
2374.26426845184
2790.7698371584
2555.70727958528
2272.65125484544
1858.82590055424
1553.73428004864
1190.01352812544
1495.61988314112
1690.1737750528
2211.91504121856
2712.8381835776
2715.50511628288
1664.07726625792
2607.14178597888
2492.81478547456
2416.09386667008
2378.86883221504
1754.07706037248
2470.58557205504
2544.30060056576
2855.66736623616
2299.72701234176
1643.00550244352
2687.32509090816
2393.63938461696
2350.76006107136
2364.77768107008
1052.50598272
1627.60927730688
1704.9919565824
2139.2275994624
2222.71666768896
2474.74875949056
1930.09993920512
1985.5440208896
2322.81974526976
3418.5787534848
3434.16988534784
2379.46460818432
2446.67025906688
2500.5699958784
2070.50524444672
2498.78409725952
3038.44529436672
3247.68717489152
3297.55105882112
2788.44976884736
2454.37058143232
2090.37062875136
1636.84578656256
1841.3941280768
2007.9579687936
2154.03749254144
2272.45285945344
2275.99068617728
2198.71557957632
1969.00892054528
1564.57023602688
1468.8703182336
1368.62782186496
1954.85351425024
1941.29757029376
1875.8058891776
2090.26492035072
2373.33763914752
2586.94973308928
2610.896
2072.29115994112
2310.52877576192
2377.72076324864
2481.0510422528
2996.41884143616
2991.23976629248
3154.5609771008
2932.80233198592
2686.87800956928
2699.80855491584
2683.47005315072
2327.9585634304
2011.51233022976
1731.67137201152
1687.8640761856
2006.91699699712
2400.69630552064
2420.85744474112
1593.37961739264
2010.19303597056
2410.13329516544
1930.48659592192
7569.7563291648
11129.344634470399
8253.993513523199
6663.3584737792
8205.021388543999
9228.6676292608
7641.359017728
5436.0029655552
3728.30315789312
4934.64642990592
8793.893484697599
9710.8119938048
10166.760609126399
10135.7121787904
8180.131882854401
8856.386053017599
9517.6891113984
9243.5498082304
4403.8012702208
8724.347443353601
10009.555916339199
11717.304218367999
11462.9153875456
8991.3376115712
9438.5759816192
11587.7014012928
10923.5933635072
10602.0554137088
10076.903825664
9463.1541784064
7442.0956580352
9875.7229888512
11413.8323053568
12939.7657038336
10296.350439935999
10770.660949452798
11109.0021587456
11566.702812006399
6629.965461248001
8828.124112128
10452.0441652736
10590.572431052798
10562.514956032
10122.6719778816
9479.0724266496
10079.655874816
10078.979324672
10359.1618155008
10832.891021056
11532.3323838976
6777.5510755328005
4715.45182901248
8976.0317961728
7107.8541223424
5707.9832589824
5595.7682870784
9594.730807961601
9422.1057718272
9895.4847457792
11326.3346399232
13719.134446592
12889.4689419776
13144.5521243648
12842.4440579584
12901.609266431999
16195.5370992128
10541.5271361536
7808.4654545408
6418.4570903552
7227.813905561599
8483.7527533568
11572.5540495872
9949.9052665344
9782.773267558401
11379.464827596801
13497.2476655104
15139.5068915712
15002.6355056128
14690.6273683968
6095.250257203199
11400.410771968
14402.715151513601
16028.007981004801
16260.9387610624
16288.962900326402
7500.247889408
13453.2011396096
13327.213714278401
5668.303330815999
8644.5843112448
8005.5846864896
7345.174847846401
7499.447224064001
7678.5263468544
8381.0887318016
4688.88946846208
4374.528
7113.282740224
6291.601635532799
2839.09203934208
9781.9771905536
9184.608083968
7060.484937318401
4425.42029556736
5179.4888553984
4913.35409479168
3524.3022518784
1432.41900974592
3532.1871814655997
6757.8938402816
7396.6577035264
8519.0055762944
10736.4302276096
11685.128951040002
10765.732254310402
8406.5545314304
14920.0659867136
15869.7859459584
16912.9607636992
16849.3885569536
14732.530766489599
4266.20833922048
3078.71438596608
4606.18224851968
3465.8256647424005
10988.1092379648
13584.9438849024
15282.521445785602
15019.1294915072
15051.8774774784
19735.9568372224
20790.234074060798
15484.956845056
15049.380538624
15962.8496682496
15306.4471197184
14144.232727296001
16920.30593408
21977.3659833856
21008.2427586048
16040.2073705984
16533.9351579136
18374.7875229184
15473.7098507264
11399.7173177856
14174.1714285568
13702.042522521599
12660.021313331199
11221.2890381824
10936.4030831616
11209.0481542656
5235.1148558848
4097.21772973056
3810.74584867328
2378.07338154496
3244.34974587392
5445.3702255616
6109.9038692352
4745.4518586112
4596.69746864128
3249.5201571686403
1889.2426277376
1224.57987878912
2973.97136134656
5296.165577984
6998.250348236799
7033.8405627904
8464.419514470399
9431.6044094464
9982.6608190464
10539.1445333504
13697.369205811201
13747.3954198528
13834.9562192896
8190.4427649536
12608.537508915198
12107.3542589952
11871.3213422592
13953.849185792002
12778.5363979264
11363.256274227198
9294.1295027712
7768.6714002432
5950.0676406272
7478.0994157056
8450.868875264001
11059.575206092799
13564.190917888
13577.5255814144
8320.3863312896
13035.7089298944
12464.0739273728
12080.4693333504
11894.344161075202
8770.3853018624
12352.927860275198
12721.503002828798
14278.3368311808
11498.635061708801
8215.0275122176
13436.6254545408
11968.196923084799
11753.800305356799
11823.888405350399
5262.5299136
8138.046386534399
8524.959782912
10696.137997312
11113.583338444801
12373.7437974528
9650.499696025601
9927.720104448
11614.0987263488
17092.893767424
17170.8494267392
11897.3230409216
12233.3512953344
12502.849979391998
10352.5262222336
12493.9204862976
15192.226471833601
16238.4358744576
16487.7552941056
13942.2488442368
12271.8529071616
10451.8531437568
8184.228932812801
9206.970640384
10039.789843968
10770.1874627072
11362.2642972672
11379.9534308864
10993.577897881602
9845.0446027264
7822.851180134399
7344.351591168001
6843.1391093248
9774.267571251201
9706.487851468799
9379.029445888
10451.3246017536
11866.688195737599
12934.748665446401
13054.480000000001
10361.4557997056
11552.643878809598
11888.603816243201
12405.255211264
14982.0942071808
14956.1988314624
15772.804885504
14664.0116599296
13434.3900478464
13499.0427745792
13417.350265753601
11639.792817152
10057.5616511488
8658.3568600576
8439.320380928
10034.584984985599
12003.4815276032
12104.2872237056
7966.8980869632005
10050.9651798528
12050.6664758272
9652.4329796096
