925.585690668032
765.676139812864
1225.67662876672
1005.09651798528
1043.58211618816
1002.05342372864
1293.56031409152
1288.49191631872
1387.03306293248
1324.4326956544
976.976060529664
1093.62843515904
1087.02949254144
1366.69866667008
1217.15269727232
1257.43144554496
958.970189155328
1246.12952169472
697.007522048
1017.291833962496
1043.97292623872
1032.1472349696
1535.16006076416
787.513880612864
1025.70176918528
1144.19441509376
1155.07853270016
939.197788481536
1069.86151156736
1109.78766139392
1075.77610406912
1068.24243508224
1256.48069915648
1535.36916269056
1515.17597899776
1684.608766464
1281.80794139648
1368.54633271296
1082.3618313216
1092.03384971264
1230.25033462784
1072.49705583616
1008.912492997632
1038.84909012992
1430.44352515072
1199.99967484928
1080.89332590592
909.422560411648
1073.71787309056
1152.34133332992
1024.83131183104
868.251581935616
795.280469525504
1066.44553197568
981.638418879488
1046.19617215488
934.71248516096
717.187106002944
798.404923076608
712.734430906368
673.211456884736
285.296649669632
567.53882774016
583.93979571712
665.640796812288
481.501358298112
599.158180120576
618.005585160192
463.762376763392
812.58414475264
1017.685241527296
1090.77237779456
1333.11501298688
1426.94768345088
1052.50598272
1008.778666667008
1132.05321801728
1451.34191304704
1317.09072958464
1414.14214828032
1423.77327353856
1571.20528925696
1238.12685504512
1338.78767213568
1013.467428571136
1173.43460129792
1171.73042183168
1288.81662911488
1355.23979636736
1279.53302412288
1425.4802115584
1328.87016513536
1129.63965743104
1839.45249944576
1072.15523403776
1116.62836118528
1025.05441584128
699.350810102784
735.76422453248
760.58240843264
868.837751698432
923.307567282176
1182.8308368384
1134.47238515712
1178.91953821696
1082.7888219136
1277.59286469632
724.347430870016
828.374854555648
799.69677390336
716.119058110464
635.091168576512
1027.64088889344
817.101926649856
1162.22881746944
1376.30775451648
1254.23108294656
1617.95291848704
1302.67105882112
1376.5270899712
1848.98204921856
1963.14952845312
1425.2728527872
1342.14620689408
1635.70425234432
1290.47566027776
1300.0393803776
1125.01044789248
1664.09134272512
1683.38377833472
1644.66306976768
1829.2018574336
1966.78342755328
1974.67725795328
1921.91799144448
1709.01252393984
1753.088
1852.32822856704
2018.78603561984
2100.8242758656
2038.79477895168
1625.58741526528
1309.05349019648
1785.28165313536
1550.09040237568
1560.20363636736
1454.04084129792
1381.32883520512
1327.9032195072
1638.798395136
1569.48292381696
1792.058292224
1608.45682758656
1415.73008166912
1362.2203280896
1448.17442387968
1888.48563233792
2043.12958541824
2052.65661159424
1549.01198078976
1658.1511378432
1549.08472817664
1678.12798203904
1707.61202412544
1686.31562220544
1717.51931623424
1767.34125252608
1860.66655145984
2495.44533332992
1980.83204194304
1761.41691365376
1925.12
1800.9088
1915.88791622656
2289.63102093312
2300.64872727552
1742.0458092032
1499.00583051264
1472.22329515008
1365.69875709952
1632.70770021376
2235.53148172288
2376.45361214464
2477.80788810752
2437.91519414272
2416.65197661184
2398.68270198784
1817.33820064768
1824.48
2115.41465050112
1891.6611084288
2027.71242952704
2131.84752941056
2025.43689143296
1704.85551020032
1749.78586391552
1670.95462697984
1614.43749779456
1577.1411025408
1572.0706091008
1623.92863862784
1783.7949554176
1964.5905454592
1866.78332235776
1857.00059085824
1944.14558595072
1985.11701737472
2020.53149053952
1685.75375609856
2107.8722587648
1454.76032073728
1288.92094915584
1330.92531755008
1165.73264393216
1489.40517127168
1558.95957088256
1951.27008264192
2048.60886486016
2443.87504262144
1559.96198861824
2178.7654131712
2060.41035561984
1900.28366101504
1750.4779305984
1901.55833962496
1668.6060630528
1697.2212459008
1814.57770873856
1857.7563884544
1852.24186523648
1756.11525593088
1796.83475224576
1766.39876477952
1729.69496029184
1814.37556783104
2020.2832971264
2449.64544927744
2496.92727903232
2550.06684320768
1908.53807248384
1925.54295652352
1883.69273786368
1842.528
1869.6206321664
2200.85279763456
1661.16447930368
1427.13674655744
1237.25811414016
1530.56815550464
1756.07083905024
1798.68329923584
1704.47570823168
1719.9310995456
1962.46588235776
1722.33490843648
495.988363636736
814.803538295808
1225.55485989888
1239.34075524096
1054.10624605184
1275.20081742848
4627.928453340161
3828.3806990643197
6128.383143833599
5025.4825899264
5217.910580940799
5010.2671186432
6467.8015704576
6442.459581593601
6935.1653146624
6622.163478272
4884.88030264832
5468.1421757952
5435.1474627072
6833.4933333504
6085.7634863616
6287.157227724801
4794.8509457766395
6230.6476084736005
3485.0376102400005
5086.45916981248
5219.8646311936
5160.736174848
7675.800303820801
3937.56940306432
5128.5088459264
5720.9720754688
5775.392663500799
4695.98894240768
5349.3075578368
5548.9383069696
5378.8805203456
5341.2121754112
6282.4034957824
7676.8458134528
7575.8798949888005
8423.04383232
6409.039706982399
6842.7316635648
5411.809156608
5460.169248563199
6151.2516731392
5362.4852791808
5044.562464988159
5194.2454506496
7152.2176257536
5999.998374246399
5404.466629529599
4547.11280205824
5368.5893654528
5761.706666649599
5124.1565591552
4341.25790967808
3976.40234762752
5332.2276598784
4908.19209439744
5230.9808607744
4673.5624258048
3585.93553001472
3992.0246153830403
3563.6721545318396
3366.05728442368
1426.48324834816
2837.6941387007996
2919.6989785856
3328.20398406144
2407.50679149056
2995.7909006028804
3090.02792580096
2318.8118838169603
4062.9207237632
5088.426207636479
5453.8618889728
6665.5750649344
7134.738417254401
5262.5299136
5043.89333333504
5660.266090086399
7256.7095652352
6585.4536479232
7070.7107414016
7118.8663676928
7856.0264462848
6190.6342752256005
6693.9383606783995
5067.33714285568
5867.1730064896
5858.6521091584
6444.0831455744
6776.1989818368
6397.665120614401
7127.401057792
6644.3508256768
5648.1982871552
9197.2624972288
5360.7761701888
5583.1418059264
5125.272079206399
3496.7540505139195
3678.8211226624
3802.9120421632
4344.188758492161
4616.53783641088
5914.154184192001
5672.3619257856
5894.5976910848
5413.944109568
6387.9643234816
3621.73715435008
4141.87427277824
3998.4838695168
3580.59529055232
3175.4558428825603
5138.2044444672
4085.50963324928
5811.1440873472
6881.538772582399
6271.155414732801
8089.7645924352
6513.3552941056
6882.6354498559995
9244.9102460928
9815.7476422656
7126.3642639360005
6710.7310344704
8178.521261721599
6452.3783013888
6500.196901888001
5625.0522394624
8320.456713625601
8416.9188916736
8223.315348838401
9146.009287168
9833.9171377664
9873.3862897664
9609.5899572224
8545.0626196992
8765.44
9261.6411428352
10093.930178099201
10504.121379328
10193.9738947584
8127.9370763264
6545.2674509824
8926.4082656768
7750.4520118784
7801.0181818368
7270.2042064895995
6906.6441760256
6639.5160975359995
8193.991975679999
7847.4146190848005
8960.29146112
8042.2841379328
7078.6504083456
6811.101640448
7240.8721193984
9442.4281616896
10215.647927091199
10263.2830579712
7745.0599039488
8290.755689216001
7745.4236408832
8390.639910195201
8538.0601206272
8431.5781110272
8587.5965811712
8836.7062626304
9303.3327572992
12477.2266666496
9904.160209715199
8807.0845682688
9625.599999999999
9004.544
9579.4395811328
11448.1551046656
11503.2436363776
8710.229046016
7495.0291525632
7361.1164757504
6828.4937854976
8163.5385010688005
11177.6574086144
11882.2680607232
12389.0394405376
12189.575970713599
12083.2598830592
11993.4135099392
9086.6910032384
9122.4
10577.0732525056
9458.305542144
10138.5621476352
10659.2376470528
10127.1844571648
8524.2775510016
8748.929319577599
8354.7731348992
8072.1874889728
7885.705512703999
7860.353045504
8119.6431931392
8918.974777088
9822.952727296
9333.9166117888
9285.0029542912
9720.7279297536
9925.5850868736
10102.6574526976
8428.7687804928
10539.361293824
7273.801603686399
6444.604745779199
6654.6265877504
5828.663219660801
7447.0258563584
7794.7978544128
9756.3504132096
10243.0443243008
12219.3752131072
7799.8099430912
10893.827065856001
10302.051778099201
9501.4183050752
8752.389652992
9507.7916981248
8343.030315264
8486.106229504001
9072.8885436928
9288.781942272
9261.2093261824
8780.5762796544
8984.1737612288
8831.9938238976
8648.4748014592
9071.8778391552
10101.416485632
12248.2272463872
12484.636395161599
12750.3342160384
9542.6903624192
9627.7147826176
9418.4636893184
9212.64
9348.103160831999
11004.2639881728
8305.8223965184
7135.6837327872
6186.290570700799
7652.840777523199
8780.3541952512
8993.4164961792
8522.3785411584
8599.655497728001
9812.3294117888
8611.6745421824
2479.94181818368
4074.01769147904
6127.7742994944
6196.7037762048
5270.531230259199
6376.0040871424
