2777.2764803584
2709.31557164032
2487.4025701376
1887.9515675648
2118.3404276736
1899.47476304896
1731.41148686336
2032.67041584128
1858.03960655872
1714.30898701312
1744.91445045248
1898.15569788928
2266.31042715648
2780.52487356416
2917.98734328832
3307.30666667008
2842.85368224768
2338.92248180736
2272.00751777792
2478.9180321792
2890.85931083776
3148.04906667008
3286.65704065024
3073.73974432768
2844.63656747008
2660.72266179584
2359.06918566912
1892.26558649344
2659.2723833856
2678.60709634048
2187.1150545408
2230.45951885312
2034.302084352
1991.013175808
2775.3944615424
2191.04099688448
2228.87622930432
2388.81660033024
2322.09452665856
2651.53482104832
2914.04917971968
2859.99214889984
2713.23359698944
2407.46442104832
2271.3432332288
2207.47603738624
2091.86363341824
2170.33973006336
1917.90351793152
2331.7329327104
2767.60252632064
2296.5698839552
1976.4894698496
2010.36327943168
2530.61158935552
1846.91614748672
1857.44147692544
2189.30800779264
2445.37633508352
2180.31941818368
2201.04493458432
2534.64053691392
1900.29854682112
1865.53397895168
1871.9982072832
2652.0192
3765.77824738304
4886.36416
4887.75799416832
1308.02379805696
1903.29664386048
2101.732142592
1924.6848
2147.17973477376
2332.87408541696
1739.03931761664
2049.88429364224
1517.312
2493.87282473984
2110.71689068544
1845.9386046464
1866.1677545984
1876.99342419968
2318.59442271232
2160.98064929792
1951.50334772224
2491.85941952512
2197.05878260736
1896.64602544128
2744.90807345152
2182.03192803328
2008.97153952768
2024.68146275328
2115.2535095296
2848.977865728
3021.01508675584
2469.91242942464
1071.0687908352
4508.31327388672
4498.30167272448
1815.03009032192
2031.54466183168
1949.8596218368
2013.13236974592
2605.81870345216
2810.43854222336
2812.40492512256
2466.99835616256
3011.807341568
3306.65317209088
2590.85853016064
2007.97259508736
799.018353472512
930.256612386816
2335.38768652288
2829.21890909184
3108.0599353344
2979.35939111936
2512.95409929216
2997.97679279104
3332.64103225344
1968.48417391616
1768.68505196544
1723.494022144
1543.58896862208
2250.11281528832
1929.30492976128
1893.2078806016
1836.53604145152
1841.05608815616
1361.10047153152
1523.5591382528
1977.39556834304
1539.48667768832
1629.0985634816
1636.57168165888
1982.69598583808
1744.75675920384
1805.1943390208
1874.5816615424
1712.13705193472
1684.42234852352
1814.5883035136
1770.04144390144
1615.74505785344
1567.90834568192
1612.859724288
2347.0578643456
1814.80106667008
1868.85501559808
1963.27357297664
2062.04087335936
2038.27974454272
2132.70926466048
2177.74825960448
2109.29753043968
2000.64707182592
1993.18641777664
1972.39871089664
2130.14725495808
2940.45468444672
2671.75473548288
2286.25692965888
2487.89168365568
2620.03955219456
2818.93450901504
2309.79252805632
2273.82698136576
2245.9008
2449.55404862464
2544.6626639872
2612.45032457216
2881.45408
2341.9813888
1985.83919553536
2024.57088
2086.24034408448
2204.14564486144
2374.38499467264
2679.81536690176
2022.47876923392
1906.21806232576
1996.0863909376
2183.83068104704
2032.21632976896
2155.13683441664
2348.1431961088
2587.82259907584
2538.40695652352
2342.7119511552
2109.060967168
2158.06537143296
2215.63193013248
2513.84011347968
2819.84540084224
1567.21356232704
2420.85744474112
2539.10377829376
2312.41516137472
2527.70077298688
2388.733414144
1657.13495858176
2112.86153001984
1900.31835209728
1806.18187457536
2017.55733332992
2177.78002079744
1854.49244444672
1863.20151989248
1930.91508148224
2334.56941176832
2473.05157723136
1993.43910192128
1839.78581226496
1827.67685424128
1822.5686360576
1848.16970645504
1752.56712138752
2975.5763992064
3703.15300900864
1870.7137480704
1586.49340635136
1590.30831205376
1774.73828571136
2083.36107493376
2238.9248866304
2292.1881033216
2369.59117591552
2527.87565714432
1779.90353956864
1702.96406779904
1760.67204025344
1432.822481408
1347.119505152
1010.953075585024
955.93147694592
1831.26257854464
1485.2856082432
1757.18891716608
1592.2294109696
2253.09954848768
1843.42377197568
2033.13434482688
2439.37728466944
1500.4807089664
2027.85770212352
1255.40107462656
1329.46886037504
1217.6169347072
1399.68632597504
962.719832265728
675.433264335872
1168.69407699968
1428.33908256768
1301.68323473408
1192.4648506368
1064.584749824
636.61193475584
710.323559117824
638.303113658368
1322.90903195648
1178.65893962752
1192.44244685824
1021.633755027456
910.313859459072
13886.382401792
13546.5778582016
12437.012850688
9439.757837824
10591.702138368
9497.3738152448
8657.057434316801
10163.3520792064
9290.1980327936
8571.5449350656
8724.5722522624
9490.7784894464
11331.5521357824
13902.6243678208
14589.9367164416
16536.533333350402
14214.2684112384
11694.6124090368
11360.0375888896
12394.590160896001
14454.2965541888
15740.245333350398
16433.285203251202
15368.6987216384
14223.1828373504
13303.6133089792
11795.3459283456
9461.3279324672
13296.361916928
13393.0354817024
10935.575272704
11152.2975942656
10171.51042176
9955.06587904
13876.972307712002
10955.2049844224
11144.3811465216
11944.083001651199
11610.4726332928
13257.6741052416
14570.245898598401
14299.9607444992
13566.167984947198
12037.322105241601
11356.716166143999
11037.380186931201
10459.318167091202
10851.698650316801
9589.5175896576
11658.664663552
13838.0126316032
11482.849419776001
9882.447349248
10051.8163971584
12653.0579467776
9234.5807374336
9287.2073846272
10946.540038963201
12226.8816754176
10901.597090918402
11005.224672921599
12673.202684569602
9501.492734105599
9327.6698947584
9359.991036415999
13260.096000000001
18828.8912369152
24431.8208
24438.7899708416
6540.1189902848
9516.4832193024
10508.66071296
9623.423999999999
10735.8986738688
11664.3704270848
8695.1965880832
10249.421468211201
7586.5599999999995
12469.364123699199
10553.5844534272
9229.693023232001
9330.838772992
9384.9671209984
11592.9721135616
10804.9032464896
9757.5167386112
12459.2970976256
10985.293913036801
9483.2301272064
13724.5403672576
10910.159640166401
10044.857697638401
10123.4073137664
10576.267547648
14244.88932864
15105.0754337792
12349.562147123199
5355.343954176
22541.5663694336
22491.5083636224
9075.1504516096
10157.7233091584
9749.298109184
10065.6618487296
13029.0935172608
14052.1927111168
14062.024625612801
12334.9917808128
15059.036707840001
16533.2658604544
12954.2926508032
10039.862975436801
3995.09176736256
4651.28306193408
11676.938432614399
14146.0945454592
15540.299676672
14896.796955596801
12564.770496460802
14989.8839639552
16663.2051612672
9842.4208695808
8843.4252598272
8617.47011072
7717.9448431104
11250.564076441598
9646.5246488064
9466.039403008
9182.680207257601
9205.2804407808
6805.5023576576
7617.795691264
9886.9778417152
7697.4333884416
8145.492817408
8182.8584082944
9913.4799291904
8723.7837960192
9025.971695104
9372.908307712001
8560.685259673599
8422.1117426176
9072.941517568
8850.2072195072
8078.7252892671995
7839.5417284096
8064.298621440001
11735.289321728
9074.0053333504
9344.2750779904
9816.3678648832
10310.2043667968
10191.3987227136
10663.5463233024
10888.7412980224
10546.4876521984
10003.2353591296
9965.932088883199
9861.9935544832
10650.736274790399
14702.2734222336
13358.7736774144
11431.2846482944
12439.4584182784
13100.197760972802
14094.6725450752
11548.9626402816
11369.1349068288
11229.503999999999
12247.7702431232
12723.313319936002
13062.2516228608
14407.2704
11709.906943999998
9929.1959776768
10122.8544
10431.2017204224
11020.7282243072
11871.9249733632
13399.0768345088
10112.3938461696
9531.0903116288
9980.431954688
10919.1534052352
10161.0816488448
10775.6841720832
11740.715980544
12939.1129953792
12692.0347826176
11713.559755776001
10545.30483584
10790.3268571648
11078.159650662401
12569.2005673984
14099.2270042112
7836.067811635201
12104.2872237056
12695.5188914688
11562.0758068736
12638.5038649344
11943.667070720001
8285.6747929088
10564.3076500992
9501.5917604864
9030.9093728768
10087.786666649601
10888.9001039872
9272.4622222336
9316.0075994624
9654.575407411201
11672.8470588416
12365.2578861568
9967.195509606401
9198.9290613248
9138.3842712064
9112.843180288
9240.848532275199
8762.8356069376
14877.881996032
18515.765045043197
9353.568740352
7932.4670317568
7951.541560268799
8873.6914285568
10416.8053746688
11194.624433152001
11460.940516608
11847.955879577601
12639.3782857216
8899.517697843201
8514.8203389952
8803.3602012672
7164.11240704
6735.59752576
5054.7653779251195
4779.6573847296
9156.312892723201
7426.428041216
8785.9445858304
7961.147054847999
11265.4977424384
9217.1188598784
10165.6717241344
12196.886423347201
7502.403544832
10139.2885106176
6277.005373132801
6647.3443018752005
6088.084673536
6998.4316298752
4813.59916132864
3377.16632167936
5843.4703849984
7141.6954128383995
6508.416173670401
5962.324253184001
5322.92374912
3183.0596737792002
3551.61779558912
3191.5155682918403
6614.5451597824
5893.294698137601
5962.2122342912
5108.16877513728
4551.56929729536
