898.041496643584
682.994761976832
569.949163296768
454.829352142848
1052.5504
581.0432628992
785.019784162304
962.3424
821.732689798144
471.014422837248
569.663247058944
374.204607504384
451.09275675648
541.984310679552
762.946934634496
1039.284582656
696.395018314752
674.105030969344
463.718884542464
1067.65281584128
1168.38032447488
1079.33110856704
1450.68953110528
1284.0342601216
1483.93496029184
1314.73829810176
832.931845888
774.554307426304
883.60112101888
865.550977992704
1217.29954738176
1215.62226223104
1010.961482082304
1029.53481309184
1084.43715966976
1260.4375627264
1352.40026279936
1408.02363076608
1181.08176828416
1012.307332886528
1078.17335378944
1180.345921792
1252.80612173824
1335.52770802688
1079.621005312
1045.13246017536
920.072801422336
787.019746384896
1171.58523400192
976.39406553088
1438.6311245312
762.919473923072
1000.87854545408
1151.34533874688
1116.69605368832
972.919336080384
1123.97544763392
1105.42815748096
1164.7553117184
1060.63078385664
1117.93579747328
1581.8280209408
1413.31396100096
1312.78317036544
1478.54725663744
1282.91178230784
1406.63760689152
951.889122077696
1136.61084203008
1189.1125436928
1040.63633883136
1016.536508167168
1037.74075147264
1470.589271552
1161.30608797696
975.131549402112
966.59928615424
1059.00956510208
1241.60306586624
900.426721934336
889.98301331456
852.059787114496
1053.51933801472
979.992576
1062.39344236544
895.736814529536
720.927267175424
772.46907515904
723.32060941312
484.58589330944
323.785382870016
651.582762033152
945.135814541312
489.907154796544
569.59430307328
622.684521411584
475.092142256128
600.728016070656
1070.80965809152
1031.47477308416
1292.87529411584
1432.6860511744
1125.55309454336
1046.88748142592
1035.1882520576
1380.67395633152
1373.0750284288
1408.33532746752
1407.4407384576
1601.19466667008
1207.15469846528
1434.53125323776
1020.967896103936
1175.70690589696
1183.4609563136
1338.84898331648
1351.19473092608
1301.23452632064
1422.9981044224
1292.3317436928
1424.9913379328
1275.35594365952
1218.1290759168
1252.19002681344
1017.328254507008
704.071174887424
741.239332678656
747.245525773312
738.440533332992
789.956690307072
945.040249443328
1157.39447422976
1150.03340585984
1144.36927781888
1139.81769204736
1167.82522469376
677.281276904448
847.762059188224
811.64492276224
693.529555166208
656.561030508544
1113.98853900288
846.871813953536
1295.9232
1334.50615699456
1341.0831678976
1496.97511811072
1319.2162971648
1534.43513987072
1846.45435616256
1965.64467633152
1366.73620839424
1552.85076568064
1476.00373861376
1393.38977627136
1153.26093185024
1672.59639723008
1616.09709549568
1643.34107798528
1752.74073043968
1879.552
1965.76891139072
2006.99601610752
1754.1640247808
1723.22999402496
1812.69113402368
1912.20528961536
2094.91355651072
2120.02435398656
1749.27644444672
1361.3534381056
1596.08627006464
1635.33148694528
1557.16847660032
1487.30215899136
1412.9607337984
1307.6350598144
1570.54550943744
1591.4032761856
1697.0129202688
1564.05024820224
1416.62100210688
1373.52533332992
1415.89022178304
1765.38686472192
2043.25086774272
2049.22822065152
1555.56095290368
1588.66285714432
1616.4120370688
1585.93810101248
1742.3826528256
1714.1206486528
1656.3152149504
1696.20142132224
1777.26941152256
2009.2575212544
2504.40076537856
1869.00890970112
1848.09946776576
1873.14540990464
1815.59681037312
1909.76476278784
2347.2867218944
2103.61421513728
1678.74759696384
1483.56442975232
1428.05835293696
1442.77732007936
1793.62524770304
2224.17821366272
2453.10761290752
2462.69757664256
2429.73365950464
2375.17476652032
1372.30505227264
835.026277629952
951.943836734464
1121.71841685504
862.19189092864
947.536
1050.375982592
985.641635165184
4490.20748321792
3414.97380988416
2849.74581648384
2274.14676071424
5262.752
2905.2163144960005
3925.0989208115197
4811.7119999999995
4108.66344899072
2355.07211418624
2848.3162352947197
1871.02303752192
2255.4637837824002
2709.92155339776
3814.7346731724797
5196.422913280001
3481.9750915737595
3370.5251548467204
2318.59442271232
5338.2640792064
5841.901622374399
5396.6555428352
7253.447655526399
6420.171300608
7419.6748014592
6573.6914905088
4164.65922944
3872.7715371315203
4418.0056050944
4327.75488996352
6086.4977369088
6078.1113111551995
5054.80741041152
5147.6740654592
5422.1857983488
6302.187813632
6762.0013139968
7040.1181538304
5905.4088414208
5061.5366644326405
5390.8667689471995
5901.7296089599995
6264.0306086912005
6677.6385401344
5398.105026560001
5225.6623008768
4600.364007111681
3935.0987319244805
5857.9261700096
4881.9703276544
7193.155622656
3814.59736961536
5004.3927272704
5756.7266937344
5583.4802684416
4864.59668040192
5619.877238169601
5527.1407874048
5823.776558592
5303.1539192832
5589.6789873664
7909.140104704
7066.5698050048
6563.9158518272
7392.7362831872
6414.5589115391995
7033.188034457599
4759.44561038848
5683.0542101504
5945.562718464
5203.1816941568
5082.68254083584
5188.703757363201
7352.94635776
5806.5304398848
4875.65774701056
4832.9964307712
5295.0478255104
6208.0153293312005
4502.1336096716805
4449.9150665728
4260.29893557248
5267.5966900736
4899.96288
5311.9672118272
4478.68407264768
3604.6363358771205
3862.3453757952
3616.6030470656
2422.9294665472
1618.92691435008
3257.91381016576
4725.67907270656
2449.53577398272
2847.9715153664
3113.42260705792
2375.4607112806398
3003.64008035328
5354.0482904576
5157.3738654208
6464.3764705792
7163.430255872
5627.7654727168
5234.4374071296
5175.941260288
6903.3697816576005
6865.375142143999
7041.6766373376
7037.203692288
8005.973333350401
6035.7734923264
7172.6562661888
5104.83948051968
5878.5345294848
5917.304781568
6694.2449165824
6755.973654630399
6506.1726316032
7114.990522112001
6461.658718464
7124.956689664
6376.779718297601
6090.645379584001
6260.9501340671995
5086.64127253504
3520.3558744371203
3706.19666339328
3736.22762886656
3692.20266666496
3949.7834515353597
4725.20124721664
5786.9723711487995
5750.1670292992
5721.8463890943995
5699.0884602368
5839.1261234688
3386.40638452224
4238.81029594112
4058.2246138111996
3467.64777583104
3282.80515254272
5569.942695014401
4234.35906976768
6479.616
6672.5307849728
6705.4158394880005
7484.8755905536
6596.081485823999
7672.1756993536
9232.2717808128
9828.2233816576
6833.6810419712
7764.2538284032
7380.0186930688005
6966.9488813568005
5766.3046592512
8362.9819861504
8080.4854774784
8216.7053899264
8763.7036521984
9397.76
9828.8445569536
10034.9800805376
8770.820123903999
8616.1499701248
9063.4556701184
9561.0264480768
10474.5677825536
10600.1217699328
8746.3822222336
6806.767190527999
7980.431350323201
8176.6574347263995
7785.8423830016
7436.510794956801
7064.803668992
6538.175299072
7852.7275471872
7957.016380927999
8485.064601344
7820.2512410112
7083.1050105344
6867.626666649599
7079.4511089152
8826.9343236096
10216.2543387136
10246.1411032576
7777.8047645184
7943.3142857216
8082.060185343999
7929.6905050624
8711.913264128
8570.603243263999
8281.576074752
8481.0071066112
8886.3470576128
10046.287606272
12522.0038268928
9345.0445485056
9240.4973388288
9365.7270495232
9077.9840518656
9548.8238139392
11736.433609472002
10518.071075686401
8393.7379848192
7417.822148761599
7140.2917646848
7213.8866003968
8968.1262385152
11120.891068313598
12265.538064537599
12313.4878832128
12148.6682975232
11875.873832601601
6861.5252613632
4175.13138814976
4759.71918367232
5608.5920842752
4310.9594546432
4737.679999999999
5251.879912959999
4928.20817582592
