1065.92864268288
913.206011184128
1221.59104
1156.20758069248
850.009155835904
1195.8766523392
1251.64606927872
1133.20908187648
1121.38927491072
916.148932330496
1129.36153935872
1278.31034791936
1042.47330643968
1337.7271741952
1025.60079737856
1095.7771872256
1018.705103817728
1022.39263030272
899.625987760128
888.244929160192
892.299228069888
1054.03428571136
1036.56106667008
884.201527876608
867.194059071488
798.36275150848
948.571368696832
691.012240369664
355.17484787712
415.705458107392
332.213057494016
382.737508318208
322.591592664064
396.085721320448
358.783124922368
513.375299269632
324.162638258176
271.426242075648
376.079673468928
747.465305637888
929.241252020224
958.738150879232
724.711790744576
545.967313688576
348.580746261504
274.438345468928
364.186488972288
311.276177738752
370.709581807616
346.023535532032
279.499448680448
492.422229052416
573.093530703872
361.557681632256
508.830923547648
400.919221925888
314.54718888448
331.595809861632
489.07526701568
420.948022816768
677.082342117376
588.028711561216
724.82816
736.905313929216
614.249411764224
452.370012792832
459.876145417216
979.885860962304
947.711131712512
1004.67152274432
1108.30513415168
1169.33531524096
1134.25255248896
1109.62645035008
1258.15846226944
1093.49614114816
1130.0171510784
992.124750464
923.304061068288
805.791455950848
838.841321004032
1042.44463331328
962.59505848832
883.406769230848
927.196340498432
784.363273252864
933.216126482432
611.586711044096
443.811782078464
429.18296423936
731.364470351872
664.130435579904
604.810443695104
591.159272727552
689.111740171264
744.628366910464
818.422893280256
833.916359174144
890.881288860672
907.200704033792
956.903619047424
787.695144626176
874.235567761408
1031.85679253504
757.961307923456
806.053119183872
733.29950542336
810.763669105664
797.677584741376
758.730450373632
874.274901912576
802.5660889344
901.313059872768
683.07549923328
954.501821908992
852.403013974016
1097.70795431936
1114.9026835456
1279.15714079744
1288.57860212736
1235.41849925632
1255.463043328
1180.98318401536
1258.94037735424
1054.22037801984
911.658611612672
974.61016774144
1093.49075862528
1080.64468292608
862.326916128768
936.798540223488
933.13050597376
813.791218357248
1026.63869687808
919.6344791808
891.974004714496
1114.64998208512
1115.7593043456
1135.83809878016
888.900956228608
954.703654960128
1079.53528522752
824.643063304192
1026.47382177792
5329.643213414401
4566.03005592064
6107.9552
5781.0379034624
4250.04577917952
5979.383261696001
6258.2303463936005
5666.0454093824
5606.9463745535995
4580.74466165248
5646.8076967935995
6391.5517395968
5212.366532198401
6688.635870976
5128.0039868928
5478.885936128
5093.52551908864
5111.9631515136
4498.12993880064
4441.2246458009595
4461.49614034944
5270.1714285568005
5182.805333350399
4421.00763938304
4335.97029535744
3991.8137575424
4742.85684348416
3455.0612018483203
1775.8742393856
2078.52729053696
1661.0652874700802
1913.68754159104
1612.9579633203202
1980.42860660224
1793.91562461184
2566.87649634816
1620.81319129088
1357.1312103782402
1880.3983673446398
3737.32652818944
4646.20626010112
4793.69075439616
3623.55895372288
2729.83656844288
1742.9037313075198
1372.19172734464
1820.9324448614398
1556.38088869376
1853.54790903808
1730.1176776601599
1397.49724340224
2462.11114526208
2865.4676535193603
1807.78840816128
2544.15461773824
2004.59610962944
1572.7359444224
1657.97904930816
2445.3763350784
2104.74011408384
3385.41171058688
2940.14355780608
3624.1408
3684.52656964608
3071.24705882112
2261.8500639641597
2299.38072708608
4899.4293048115205
4738.55565856256
5023.3576137216
5541.5256707584
5846.6765762048
5671.2627624448
5548.1322517503995
6290.7923113472
5467.4807057408
5650.0857553920005
4960.62375232
4616.52030534144
4028.95727975424
4194.20660502016
5212.2231665664
4812.9752924416
4417.03384615424
4635.98170249216
3921.81636626432
4666.0806324121595
3057.93355522048
2219.05891039232
2145.9148211968
3656.82235175936
3320.6521778995198
3024.05221847552
2955.79636363776
3445.5587008563202
3723.1418345523202
4092.11446640128
4169.581795870719
4454.40644430336
4536.00352016896
4784.518095237119
3938.47572313088
4371.17783880704
5159.2839626752
3789.80653961728
4030.26559591936
3666.4975271167996
4053.81834552832
3988.38792370688
3793.6522518681604
4371.37450956288
4012.830444672
4506.56529936384
3415.3774961664
4772.509109544961
4262.01506987008
5488.539771596799
5574.513417728
6395.7857039872
6442.8930106368
6177.092496281601
6277.31521664
5904.9159200768
6294.7018867711995
5271.101890099199
4558.29305806336
4873.0508387072005
5467.4537931264
5403.2234146304
4311.634580643839
4683.9927011174395
4665.6525298688
4068.95609178624
5133.1934843904
4598.172395904
4459.87002357248
5573.2499104256
5578.796521728
5679.1904939008
4444.50478114304
4773.51827480064
5397.6764261376
4123.21531652096
5132.369108889599
