266.037796600832
544.821420685312
665.918798304256
633.59825850368
743.113354660864
508.159243620352
579.525727884288
758.02970584576
647.65952
381.232612274176
668.169052177408
542.09623468544
708.034234202112
695.797691275264
729.496835820544
839.95089947136
600.20786108928
1039.72131895296
1347.37751054336
994.768767527936
822.8280040448
843.980983020544
829.532454172672
1109.1992380928
943.857598162944
1129.98081987584
1172.84897166336
1352.84146002944
1354.51953783808
1068.60269847552
1082.81882815488
1169.8361129984
1272.52087829504
1035.55988880384
1135.63681573888
1203.29197604864
959.379213159424
1214.21606633472
948.137540896768
851.478787605504
649.562066768896
845.550455227392
803.080847268864
751.791663071232
653.128554892288
446.221541561344
514.13143954944
560.19853681664
486.986794899456
706.485227121664
891.261830508544
955.1383619584
1199.35063148544
1207.24541056
1044.8207974912
1114.62572622848
781.447870550016
541.521218900992
627.778064516096
562.33326142976
588.04446441984
657.374134029312
784.203573415936
760.625442060288
769.934746544128
703.686686567424
757.922457383936
845.066822444032
816.610322454528
768.54792470016
835.63465724416
700.13952
730.603957295104
486.58872247808
581.079055026176
573.034035503104
490.8512
673.510496847872
692.80858424832
613.830932496384
675.1758426368
612.289339774976
684.0133157632
622.349222692864
643.778712836096
510.045061736448
486.560906748928
465.20001841152
535.091089734656
322.645199372288
283.044592765952
702.798874333184
366.694148814848
407.81590200832
356.20089949184
319.460310961152
297.501425287168
372.221068459008
557.326916535296
558.84031752192
581.981100537856
582.979705122816
807.691437396992
611.649579574272
664.92514210304
657.668925636608
612.1895545088
573.994836653056
493.50585569792
325.965351673856
453.93965919232
334.662099180544
283.63630066176
597.042765519872
508.35119208448
438.70799539712
614.796688899072
493.776100911104
371.411454926848
283.877521006592
415.324108542976
553.824293577728
412.455015791616
278.347365911552
392.609185184768
1330.18898300416
2724.1071034265597
3329.5939915212803
3167.9912925184
3715.56677330432
2540.79621810176
2897.6286394214403
3790.1485292288
3238.2976000000003
1906.16306137088
3340.8452608870402
2710.4811734272
3540.17117101056
3478.98845637632
3647.48417910272
4199.7544973568
3001.0393054464
5198.6065947648
6736.887552716799
4973.84383763968
4114.140020224
4219.90491510272
4147.66227086336
5545.996190464
4719.28799081472
5649.9040993792005
5864.244858316801
6764.2073001472
6772.597689190399
5343.0134923775995
5414.0941407744
5849.180564992001
6362.604391475199
5177.799444019201
5678.184078694399
6016.4598802432
4796.89606579712
6071.0803316736
4740.68770448384
4257.39393802752
3247.81033384448
4227.75227613696
4015.40423634432
3758.9583153561603
3265.64277446144
2231.10770780672
2570.6571977472
2800.9926840831995
2434.93397449728
3532.4261356083202
4456.30915254272
4775.691809792
5996.753157427201
6036.2270528
5224.103987456
5573.1286311424
3907.23935275008
2707.6060945049603
3138.89032258048
2811.6663071488
2940.2223220992
3286.87067014656
3921.0178670796804
3803.1272103014403
3849.6737327206397
3518.4334328371197
3789.61228691968
4225.33411222016
4083.0516122726403
3842.7396235008
4178.1732862208
3500.6975999999995
3653.01978647552
2432.9436123904
2905.39527513088
2865.1701775155198
2454.256
3367.5524842393597
3464.0429212416
3069.15466248192
3375.879213184
3061.44669887488
3420.066578816
3111.74611346432
3218.89356418048
2550.22530868224
2432.80453374464
2326.0000920576
2675.4554486732795
1613.22599686144
1415.2229638297601
3513.99437166592
1833.47074407424
2039.0795100415999
1781.0044974592001
1597.3015548057601
1487.5071264358398
1861.10534229504
2786.63458267648
2794.2015876096
2909.90550268928
2914.89852561408
4038.45718698496
3058.2478978713602
3324.6257105152
3288.34462818304
3060.947772544
2869.9741832652803
2467.5292784896
1629.82675836928
2269.6982959616
1673.3104959027198
1418.1815033088
2985.21382759936
2541.7559604223998
2193.5399769856
3073.9834444953603
2468.88050455552
1857.05727463424
1419.38760503296
2076.62054271488
2769.12146788864
2062.27507895808
1391.73682955776
1963.04592592384
