539.88291567616
633.60713368576
586.3636992
698.54208
327.642147859456
816.872566494208
743.346537491456
642.900977035264
396.295160839168
657.543173100544
549.852388928512
541.628910345216
669.850113712128
746.62241975296
829.730088064
1065.44107382784
826.590608695296
898.50750466048
778.18362308096
518.427569230848
412.456612265984
340.329628828672
372.588770506752
467.177617047552
478.52151804416
368.552873132032
370.168280091648
358.057440319488
460.117333332992
662.498550534144
450.222731541504
405.736757675008
436.940979544064
351.35526631936
463.184312383488
334.836543680512
621.000120674304
755.985842023424
837.144153756672
1100.78284632064
838.65871618048
677.185641025536
709.717753694208
539.72653687296
364.673214670848
456.278047649792
567.518397075456
616.315986062336
548.3095783424
365.907992141824
511.041887399936
492.96335238144
516.771907591168
600.044924640256
702.428335620096
679.124877568
815.309145751552
765.586235855872
813.705365853184
722.939370007552
845.643834829824
604.500104041472
750.561704141824
693.642771037184
721.70989200896
672.994563045376
605.418343107584
527.55851055616
593.872119022592
594.031971781632
717.163329795072
378.07061491712
552.62372005376
617.899464174592
643.649534336
426.267959284736
498.04957273088
511.584122605568
549.369411052544
632.446913060864
752.819063426048
1098.14203610112
873.50049967616
803.71179004928
682.055246047232
920.041713963008
802.391435853824
939.408557707264
805.382915180544
830.404008080384
723.00809538048
756.775590386688
711.287777953792
704.785991532544
702.62373507584
630.998859322368
544.41978615296
585.668637681664
655.071896344576
694.962337078272
504.355797777408
772.054204081152
883.73239348224
763.749475026944
736.537450292224
695.270667399168
774.990994956288
840.564200699904
702.70684973568
725.809527310336
771.055286180864
682.569400175616
826.554616822784
752.6907387392
580.2092461056
859.12619267584
812.675091787776
778.583973480448
785.211142382592
796.589883901952
767.404805942272
707.07874670592
570.68852032512
1061.51563636736
1014.638333157376
1037.49695154176
890.71094339584
672.917389920256
987.329961003008
764.649153317888
2699.4145783808
3168.0356684288
2931.8184960000003
3492.7104000000004
1638.2107392972798
4084.36283247104
3716.73268745728
3214.50488517632
1981.4758041958398
3287.7158655027197
2749.26194464256
2708.14455172608
3349.2505685606397
3733.1120987648
4148.65044032
5327.2053691392
4132.95304347648
4492.5375233024
3890.9181154048
2592.13784615424
2062.28306132992
1701.64814414336
1862.94385253376
2335.88808523776
2392.6075902208
1842.76436566016
1850.84140045824
1790.2872015974401
2300.58666666496
3312.4927526707197
2251.11365770752
2028.68378837504
2184.7048977203203
1756.7763315968
2315.92156191744
1674.18271840256
3105.00060337152
3779.92921011712
4185.72076878336
5503.914231603199
4193.2935809024
3385.92820512768
3548.58876847104
2698.6326843648
1823.36607335424
2281.39023824896
2837.5919853772803
3081.57993031168
2741.547891712
1829.5399607091201
2555.20943699968
2464.8167619072
2583.85953795584
3000.22462320128
3512.14167810048
3395.62438784
4076.54572875776
3827.93117927936
4068.5268292659202
3614.69685003776
4228.21917414912
3022.50052020736
3752.80852070912
3468.2138551859202
3608.5494600448
3364.97281522688
3027.0917155379198
2637.7925527807997
2969.36059511296
2970.15985890816
3585.81664897536
1890.3530745856
2763.1186002688
3089.4973208729602
3218.24767168
2131.33979642368
2490.2478636544
2557.92061302784
2746.84705526272
3162.23456530432
3764.0953171302403
5490.710180505601
4367.5024983808
4018.5589502464
3410.27623023616
4600.2085698150395
4011.95717926912
4697.04278853632
4026.91457590272
4152.02004040192
3615.0404769024
3783.8779519334403
3556.43888976896
3523.92995766272
3513.1186753792003
3154.99429661184
2722.0989307648
2928.34318840832
3275.35948172288
3474.81168539136
2521.7789888870398
3860.27102040576
4418.6619674112
3818.7473751347197
3682.68725146112
3476.35333699584
3874.95497478144
4202.82100349952
3513.5342486783998
3629.0476365516797
3855.2764309043196
3412.84700087808
4132.77308411392
3763.4536936960003
2901.046230528
4295.6309633792
4063.37545893888
3892.91986740224
3926.05571191296
3982.94941950976
3837.02402971136
3535.3937335296
2853.4426016255998
5307.5781818368
5073.19166578688
5187.484757708799
4453.5547169792
3364.58694960128
4936.649805015039
3823.24576658944
