1815.51969478656
2031.9866787328
2110.23404222464
1700.3052657152
1530.9824
1493.194052096
1499.62949397504
1476.97634532352
1610.92977055744
1584.021504
1561.97987096576
1850.63191752704
1563.20143609856
1634.49772973056
1382.88348010496
1502.96539644928
1671.34804396032
2105.395120128
1952.17644621824
1451.31809421312
1005.904692212736
1281.43109905408
1364.20297863168
1519.63687665664
1732.56052265984
1698.26755659776
2008.97153952768
2360.3523368448
1876.78073505792
1973.71049204736
2026.34702603264
2016.82784415744
1909.59391059968
1661.5145164288
2211.80861302784
2157.43607361536
2034.49748837376
1901.74620259328
1857.0755969024
1957.73944041472
1756.52408889344
1855.38458835968
1687.0340046848
1769.93756710912
1777.32608
1506.05697768448
1670.78882238464
1475.55944108032
1522.5270523904
1479.62000397312
1528.00500200448
1513.82446793728
1588.76774746112
1474.82425806848
1294.84600777728
1441.14206799872
1373.27426729984
1438.04738540544
1516.45090909184
1683.05358596096
1672.27319289856
1708.87529411584
1714.1206486528
1664.09134272512
1398.12418410496
1136.8334146048
969.388140312576
1142.86064032768
986.177054117888
584.496534490112
604.819969309696
560.953045568512
659.068096308224
583.369788235776
571.642549260288
1202.08225911808
1149.66063311872
1021.863183673344
1064.10116128768
1146.6577829888
1046.13324547072
1150.47406959616
772.058508009472
935.10741984768
660.336401714176
654.161491961856
839.479751110656
846.910927374336
935.234489334784
864.913169910784
960.036474934272
1025.10154281984
962.375416308736
963.370666667008
1060.86938947584
815.283184226304
708.708472333312
911.714653658112
563.76358741504
430.914691216384
447.122797202432
466.733668555776
347.00108435968
379.154975468544
878.195728065536
1131.21408229376
1172.16044383232
1153.50443554816
1093.15785511936
1260.51495035904
1336.98076981248
1236.78312032256
1123.06468571136
965.183214440448
1076.57322543104
934.405019608064
954.460958865408
1161.77822918656
1095.29065842688
1013.014989345792
993.383384614912
1077.17795687424
1028.49359707136
1083.6818561536
876.910917733376
919.968
1063.0863898624
805.364622222336
749.368828752896
856.799179487232
835.010407963648
682.216568173568
821.084343539712
513.791293901824
800.038308788224
788.282026667008
761.538566961152
933.888
988.639142679552
911.404777905152
614.387007136768
697.711866740736
517.198667527168
662.452753993728
728.477510945792
973.930797546496
1137.56673148928
1061.80823918592
953.300171206656
1010.61794189312
1006.526773036032
812.050490112
689.469271177216
982.05782345216
1061.45896449024
1129.10418619392
1016.46910877184
1089.83461482496
1138.64877702144
1152.62435453952
824.940528677888
1263.85142624256
1064.96583476224
667.11138925568
625.666959537152
824.047053309952
913.068670580736
857.34459953152
775.283987054592
564.36700821504
785.038698944512
933.84274033152
807.129994397696
924.077252525056
549.8301871616
630.988252894208
740.889172315136
424.30629805056
346.944913573888
483.60186433024
725.82055782912
767.26907183616
768.814507365376
805.287563636736
640.5686698752
726.269750438912
626.645480969216
562.96491629056
578.05306930688
482.565665995776
617.870943594496
1837.76856448
1792.8611731456
1695.93998086144
1718.0034961408
1167.32619532288
1208.79961238528
1518.55239779328
1387.83194701824
1763.43522512896
2006.23209331712
2467.45205285888
9077.5984739328
10159.933393664
10551.170211123199
8501.526328576
7654.912
7465.9702604799995
7498.147469875201
7384.8817266176
8054.6488527872
7920.1075200000005
7809.8993548288
9253.1595876352
7816.007180492799
8172.488648652799
6914.4174005248
7514.8269822464
8356.740219801599
10526.97560064
9760.8822310912
7256.5904710656005
5029.52346106368
6407.1554952704
6821.0148931584
7598.1843832832
8662.8026132992
8491.3377829888
10044.857697638401
11801.761684224
9383.9036752896
9868.5524602368
10131.7351301632
10084.1392207872
9547.9695529984
8307.572582144001
11059.043065139198
10787.180368076799
10172.4874418688
9508.7310129664
9285.377984512
9788.697202073601
8782.6204444672
9276.9229417984
8435.170023424
8849.6878355456
8886.6304
7530.2848884224
8353.9441119232
7377.797205401601
7612.635261952
7398.1000198656
7640.0250100224
7569.1223396864
7943.8387373056
7374.1212903424
6474.2300388864
7205.7103399936
6866.3713364992
7190.2369270272
7582.2545454592
8415.267929804799
8361.3659644928
8544.3764705792
8570.603243263999
8320.456713625601
6990.6209205248
5684.167073024
4846.940701562879
5714.3032016383995
4930.885270589441
2922.48267245056
3024.09984654848
2804.7652278425603
3295.34048154112
2916.84894117888
2858.21274630144
6010.4112955904
5748.303165593599
5109.31591836672
5320.5058064384
5733.288914944
5230.6662273536
5752.3703479808
3860.29254004736
4675.5370992384005
3301.6820085708796
3270.80745980928
4197.39875555328
4234.55463687168
4676.17244667392
4324.56584955392
4800.18237467136
5125.5077140992
4811.87708154368
4816.85333333504
5304.3469473792
4076.41592113152
3543.54236166656
4558.57326829056
2818.8179370752
2154.57345608192
2235.6139860121602
2333.66834277888
1735.0054217984002
1895.7748773427202
4390.978640327679
5656.0704114688
5860.8022191616
5767.5221777408005
5465.7892755968
6302.5747517952
6684.903849062401
6183.9156016128
5615.3234285568
4825.91607220224
5382.866127155201
4672.02509804032
4772.304794327039
5808.891145932801
5476.453292134401
5065.07494672896
4966.91692307456
5385.8897843712
5142.4679853567995
5418.409280768
4384.55458866688
4599.84
5315.431949312
4026.82311111168
3746.8441437644797
4283.99589743616
4175.05203981824
3411.08284086784
4105.42171769856
2568.9564695091203
4000.1915439411196
3941.41013333504
3807.69283480576
4669.4400000000005
4943.19571339776
4557.02388952576
3071.9350356838404
3488.55933370368
2585.9933376358404
3312.26376996864
3642.38755472896
4869.65398773248
5687.8336574464
5309.0411959296
4766.50085603328
5053.0897094656
5032.63386518016
4060.2524505600004
3447.34635588608
4910.289117260801
5307.2948224512
5645.5209309696
5082.3455438592
5449.1730741248
5693.2438851072
5763.1217726976
4124.70264338944
6319.257131212799
5324.8291738112
3335.5569462784
3128.3347976857603
4120.23526654976
4565.34335290368
4286.7229976576
3876.41993527296
2821.8350410752
3925.19349472256
4669.2137016576
4035.64997198848
4620.38626262528
2749.1509358079998
3154.94126447104
3704.44586157568
2121.5314902528
1734.72456786944
2418.0093216512
3629.1027891456
3836.3453591808
3844.07253682688
4026.43781818368
3202.8433493760003
3631.34875219456
3133.22740484608
2814.8245814528
2890.2653465344
2412.82832997888
3089.35471797248
9188.8428224
8964.305865728
8479.699904307201
8590.017480704
5836.6309766144
6043.9980619264
7592.7619889664
6939.1597350912
8817.176125644799
10031.1604665856
12337.2602642944
