1178.14546169856
1292.96018425856
1157.11123180544
947.73539086336
453.868191599616
731.565617335296
1258.15846226944
1174.74149507072
1296.77922806784
1352.13626329088
1042.69682758656
1106.89399575552
1081.77662691328
1112.601843456
918.066851700736
1136.88233874432
1034.86501343232
802.937243216896
473.153667335168
500.11399917568
778.060425887744
1188.00573410304
1317.1179149312
1115.92332819456
1590.30831205376
1250.7171389952
1367.70269041664
1478.44090278912
1269.01527272448
1093.79080614912
1170.89360462848
1094.02788629504
888.596538218496
1161.60520498176
1451.28302874624
1535.65866667008
1535.95004877824
1399.00148672512
1333.00895898624
1134.43074016256
1371.82602436608
1321.43202973696
1259.732992
1211.68057455616
1427.91271846912
1451.4427274752
1137.38728549376
1301.1510170624
1318.10964936704
1185.2287569408
1239.9878495232
1317.92247129088
1113.87463072768
1165.57067739136
1087.23621297152
1415.35418181632
1333.34335510528
1230.89795122176
465.243535570944
899.60941843968
721.897059062784
528.721012658176
5890.7273084928
6464.8009212928
5785.5561590272
4738.676954316799
2269.34095799808
3657.82808667648
6290.7923113472
5873.7074753536
6483.8961403392
6760.6813164544
5213.4841379328
5534.469978777601
5408.8831345664
5563.0092172800005
4590.33425850368
5684.4116937215995
5174.3250671616
4014.6862160844803
2365.76833667584
2500.5699958784003
3890.30212943872
5940.028670515199
6585.589574656
5579.6166409728
7951.541560268799
6253.585694976
6838.5134520832
7392.2045139455995
6345.0763636224
5468.9540307456
5854.4680231424
5470.1394314752
4442.98269109248
5808.0260249088
7256.4151437312
7678.293333350401
7679.7502438912
6995.0074336256
6665.0447949312
5672.1537008128
6859.1301218304
6607.160148684799
6298.66496
6058.4028727808
7139.563592345599
7257.2136373759995
5686.9364274688
6505.755085311999
6590.5482468352
5926.143784704
6199.939247616001
6589.6123564544
5569.373153638399
5827.8533869568
5436.1810648576
7076.770909081601
6666.7167755264
6154.4897561088
2326.21767785472
4498.0470921984
3609.4852953139202
2643.60506329088
