2450.05281584128
2558.79803988992
2498.7089454592
2483.70517332992
2237.9809169408
1960.49415958528
1736.7802046464
2029.32170016768
2244.36467326976
1727.39531515904
2185.44997460992
2235.90582206464
1932.78826537984
1919.88622222336
1724.41148401664
2437.63101727744
2635.92152512512
2979.15733332992
2773.56389434368
2736.87650761728
3106.0186870272
3148.04906667008
2929.41171014656
2946.17347035136
3096.42172505088
2864.99074016256
2577.34604982272
2768.31446914048
2812.00086486016
2340.37949492224
2325.49140246528
2234.47113668608
1379.34689298432
2194.74475659264
2059.2700879872
1992.4197167104
1944.07537777664
1986.89901763584
1977.13412929536
1688.68698100736
1791.35601133568
1976.90685380608
1211.713238016
882.301608198144
969.230309475328
1345.86858119168
1241.7302528
1166.57997032448
1323.54331881472
1047.80403938304
1048.79573040128
947.072450386944
1086.53584579584
860.538015785984
840.872833859584
1003.027883495424
974.313619367936
1111.99505742848
1342.14620689408
1730.1001695232
1818.624
1374.56393084928
1457.9876781568
1429.23974193152
1485.11857777664
1672.20915074048
2069.44265438208
2134.81929320448
1526.86793442304
1805.98460053504
2023.3977155072
1616.4837402624
860.194324022272
386.54465870848
512.628318446592
1138.48936957952
797.827982222336
1399.37246462976
1343.92035555328
1199.41811043328
1291.96923703296
1031.13675932672
1342.84405174272
1467.05475448832
1779.42135973888
2073.31693248512
2343.4608436736
2671.31376210944
2934.57436220416
2740.33322667008
2826.04911844352
3030.26878660608
2677.41459104768
2142.47684941824
2193.90676462592
2739.55405382656
2700.79554782208
2427.2922597376
2569.16582214656
2706.0096
3064.59328975872
3240.12562963456
3445.51664941056
3289.191102976
3236.34871092224
3797.88992192512
4063.11384614912
3958.04131867648
3892.92119148544
3590.5577373696
3184.71823819776
3180.6615081984
3208.75624489984
3080.13537327104
3046.98843354112
2342.47156988928
2308.38756774912
2310.22457704448
3382.59215273984
3344.47662311424
2130.1416907264
2029.13774789632
2176.57947286528
2289.54352941056
1961.8416032768
2211.37847886848
1846.75520782336
819.676432956416
5626.2135873024
5663.58779661312
1172.97324672
879.66514397696
777.533193776128
1285.66026993664
1427.18698305536
1468.848496896
1430.68101149696
1201.75441170432
1572.61231318016
1500.02036363264
2155.05428651008
2421.15428130816
2413.07450602496
1870.40461855744
1289.3991887872
1930.09993920512
1830.2367268352
1549.43544431616
2035.99565650944
2757.87556009984
2699.09418242048
2698.32777143296
2062.54497958912
1851.88046707712
1806.81311648768
1796.8090074112
1757.85009709056
2061.9169839104
2398.70967146496
2287.26449929216
1966.12868944896
2183.41995078656
2208.58498079744
2236.3512922624
2237.52731783168
1893.20096904192
1808.4422118912
2175.84632392704
2207.95163133952
2180.9160865792
2761.34791266304
2557.11854765056
2409.24254180352
2536.80826343424
2039.97254519808
1960.16544398336
2180.00395505664
2796.5642371584
2689.69567806464
2609.4174150656
2239.2789897216
2206.21303606272
2388.5372745728
3114.9584879104
2584.66348737536
2192.29436604416
2615.17031047168
2570.0572265472
2566.3015384576
2419.52217906176
2691.56352
3121.16892562432
3171.1232
2858.47948387328
2905.66678260736
3160.69327374336
3242.37585559552
3132.28471794688
2827.15175716864
2322.86984827904
2473.04165228544
3086.01441321984
3258.7255873024
3449.49092173824
3428.61797402624
3443.29784889344
3027.90137831424
2989.33110448128
3447.58666033152
3378.05878185984
3052.8984615424
2821.75643785216
2355.25003839488
3340.88378181632
3512.47343322112
1273.51626916864
5555.38070588416
5537.792
4084.28431780864
2012.48462178304
1728.52172921856
2040.09645070336
1748.40913840128
1931.21173086208
2347.19282678784
2450.3789037056
2339.67222598656
1996.2777463296
1486.98568067072
1783.56966426624
1700.90486093824
1607.042792192
1855.95003295744
1977.13412929536
1606.1369266688
1565.21948515328
2089.3144128512
1941.68064690176
1722.04513882112
1736.0938510336
1807.65257143296
1667.19958754304
1811.85851984896
2277.3062214656
1780.1401959424
1789.84623474688
1874.35926462464
1951.85178947584
1884.71557446656
1601.80709507072
2010.9366812672
2378.98908374016
2241.74652295168
2162.34666667008
2002.79863048192
2068.91778623488
1951.73870800896
1731.67137201152
1704.0935384576
1914.9093409792
1491.46949736448
1823.6306842624
2078.32124007424
1558.08642378752
1096.22824410112
1793.2482123264
12250.2640792064
12793.9901994496
12493.544727296001
12418.5258666496
11189.904584704
9802.4707979264
8683.901023232
10146.6085008384
11221.823366348799
8636.9765757952
10927.2498730496
11179.5291103232
9663.9413268992
9599.431111116799
8622.0574200832
12188.1550863872
13179.607625625598
14895.786666649601
13867.819471718401
13684.3825380864
15530.093435136001
15740.245333350398
14647.0585507328
14730.867351756799
15482.108625254401
14324.9537008128
12886.7302491136
13841.5723457024
14060.0043243008
11701.8974746112
11627.457012326398
11172.3556834304
6896.7344649216
10973.7237829632
10296.350439935999
9962.098583552
9720.3768888832
9934.4950881792
9885.6706464768
8443.4349050368
8956.7800566784
9884.5342690304
6058.5661900800005
4411.50804099072
4846.15154737664
6729.3429059584005
6208.651264
5832.8998516224
6617.7165940735995
5239.020196915199
5243.9786520064
4735.36225193472
5432.6792289792
4302.69007892992
4204.36416929792
5015.13941747712
4871.56809683968
5559.975287142401
6710.7310344704
8650.500847616
9093.12
6872.8196542464
7289.938390784
7146.1987096576
7425.5928888832
8361.0457537024
10347.213271910401
10674.0964660224
7634.3396721152
9029.923002675201
10116.988577536
8082.418701312
4300.97162011136
1932.7232935424
2563.1415922329597
5692.4468478976
3989.13991111168
6996.8623231488
6719.6017777664
5997.0905521664
6459.846185164801
5155.683796633601
6714.2202587136
7335.2737724416
8897.1067986944
10366.584662425601
11717.304218367999
13356.5688105472
14672.8718110208
13701.6661333504
14130.2455922176
15151.3439330304
13387.0729552384
10712.384247091199
10969.533823129601
13697.7702691328
13503.9777391104
12136.461298688
12845.8291107328
13530.047999999999
15322.966448793599
16200.6281481728
17227.5832470528
16445.95551488
16181.743554611201
18989.449609625597
20315.5692307456
19790.206593382398
19464.6059574272
17952.788686848
15923.5911909888
15903.307540992
16043.7812244992
15400.6768663552
15234.942167705598
11712.3578494464
11541.9378387456
11551.122885222401
16912.9607636992
16722.3831155712
10650.708453632
10145.6887394816
10882.8973643264
11447.7176470528
9809.208016384
11056.892394342402
9233.7760391168
4098.38216478208
28131.067936512
28317.9389830656
5864.8662336
4398.3257198848005
3887.66596888064
6428.301349683199
7135.934915276801
7344.24248448
7153.405057484801
6008.7720585216
7863.0615659008
7500.101818163201
10775.2714325504
12105.7714065408
12065.372530124801
9352.0230927872
6446.995943936
9650.499696025601
9151.183634175999
7747.1772215808005
10179.978282547201
13789.377800499202
13495.4709121024
13491.6388571648
10312.7248979456
9259.402335385601
9034.0655824384
8984.045037056
8789.2504854528
10309.584919552
11993.5483573248
11436.3224964608
9830.6434472448
10917.0997539328
11042.924903987201
11181.756461312
11187.636589158401
9466.0048452096
9042.211059456
10879.2316196352
11039.7581566976
10904.580432896
13806.739563315201
12785.592738252799
12046.2127090176
12684.041317171199
10199.8627259904
9800.8272199168
10900.0197752832
13982.821185792
13448.4783903232
13047.087075328
11196.394948607998
11031.0651803136
11942.686372864
15574.792439552
12923.317436876801
10961.4718302208
13075.8515523584
12850.286132736
12831.507692288
12097.6108953088
13457.8176
15605.844628121598
15855.616
14292.3974193664
14528.3339130368
15803.4663687168
16211.879277977601
15661.4235897344
14135.7587858432
11614.3492413952
12365.208261427199
15430.072066099201
16293.627936512
17247.4546086912
17143.0898701312
17216.4892444672
15139.5068915712
14946.6555224064
17237.9333016576
16890.293909299202
15264.492307712
14108.7821892608
11776.250191974399
16704.4189090816
17562.3671661056
6367.5813458432
27776.9035294208
27688.960000000003
20421.4215890432
10062.4231089152
8642.6086460928
10200.4822535168
8742.045692006399
9656.0586543104
11735.9641339392
12251.894518527999
11698.3611299328
9981.388731648
7434.9284033536005
8917.8483213312
8504.5243046912
8035.21396096
9279.7501647872
9885.6706464768
8030.684633344
7826.0974257664
10446.572064255999
9708.4032345088
8610.2256941056
8680.469255168
9038.2628571648
8335.9979377152
9059.2925992448
11386.531107328
8900.700979711999
8949.2311737344
9371.7963231232
9759.2589473792
9423.5778723328
8009.035475353599
10054.683406336
11894.9454187008
11208.7326147584
10811.733333350401
10013.993152409601
10344.588931174401
9758.6935400448
8658.3568600576
8520.467692288
9574.546704896
7457.3474868224
9118.153421312001
10391.6062003712
7790.4321189376005
5481.1412205056
8966.241061632001
