909.3729826304
851.015731979264
683.197014198272
578.909689106432
593.33857627136
450.218666667008
615.502647013376
1222.23881481216
1456.28198496256
1265.43713191936
1189.51853897728
1359.02058427392
1213.37565244416
1423.77327353856
1209.0037519872
943.747043356672
1703.34746697728
1058.22310500352
817.045076304896
506.6602575104
1007.289408637952
1214.9664026112
1069.05067360256
1019.19838655488
712.478347270144
641.583610872832
806.933840038912
583.612548678656
466.738838800384
1083.1438116864
1044.14248044544
877.62577061376
916.320711110656
893.110044444672
904.80560568832
1178.072868864
1391.45838528512
1214.93154983936
1238.6849598464
1269.91386927104
1274.97968141312
1252.12862959616
1022.186099209216
1280.21645528064
1230.89834734592
1081.02483117056
1198.90471031808
1400.35464662016
1223.87559550976
1295.27425601536
686.762666667008
906.205953964032
942.706583569408
1055.54913921024
1265.33131179008
1000.993768270848
1308.31058823168
1067.71346021376
1314.48450976768
1328.62423922688
1626.2170256384
1664.09134272512
1565.1132552704
4546.864913152
4255.0786598963205
3415.98507099136
2894.54844553216
2966.6928813568
2251.09333333504
3077.51323506688
6111.1940740608
7281.4099248128
6327.185659596799
5947.5926948864
6795.102921369599
6066.8782622208
7118.8663676928
6045.018759936001
4718.73521678336
8516.7373348864
5291.1155250176
4085.2253815244803
2533.301287552
5036.44704318976
6074.8320130560005
5345.2533680128
5095.9919327744
3562.39173635072
3207.9180543641596
4034.66920019456
2918.06274339328
2333.6941940019196
5415.719058432001
5220.7124022272
4388.1288530688
4581.60355555328
4465.55022222336
4524.0280284416
5890.36434432
6957.2919264256
6074.6577491968
6193.424799232
6349.569346355201
6374.898407065601
6260.6431479808
5110.9304960460795
6401.0822764032
6154.4917367296
5405.1241558528
5994.5235515904005
7001.773233100801
6119.3779775488
6476.3712800768
3433.81333333504
4531.02976982016
4713.53291784704
5277.745696051199
6326.6565589504
5004.96884135424
6541.552941158399
5338.567301068801
6572.4225488384
6643.1211961344
8131.0851281919995
8320.456713625601
7825.566276352
