1400.03018048512
1121.971407872
829.134190045184
314.422541635584
507.444260640768
1218.20789697536
2333.7984
2346.28242285568
2244.36467326976
2046.53941085184
2337.07998793728
1906.7967708672
1772.43525663744
1591.48463158272
1868.62749820928
2514.86289108992
2631.36110726144
2699.116544
2969.67447272448
2675.75519602688
1977.58662454272
2071.0849122816
2154.13223445504
2535.31254421504
2834.8274758656
2952.16084381696
2643.19065693184
2661.52489020416
2685.0072774144
2692.02249081856
2733.89381818368
2779.34217449472
2784.37994785792
2842.59110040576
2775.3944615424
2710.3050481664
2601.73656505344
2582.61829982208
2717.1578676736
2742.96705626112
2773.4590877184
2766.37538461696
2775.96732177408
2632.62296402944
2552.71250269184
2517.22844760064
1863.34071548928
1732.02142472192
1836.2345494528
1102.05424851968
1486.30506043392
2324.33497754624
2450.84694260736
2452.08669896704
2744.53957938176
2962.34758422528
2382.90189473792
2354.53880083456
2358.92363636736
2447.29730612224
2712.22811515904
2534.64053691392
2562.52379797504
2478.68151049216
2773.04298755072
2380.49409256448
1989.23169878016
2290.4832
2185.79008082944
1871.20071110656
2092.78414158848
807.07725648384
748.813539209216
1029.03101426688
1117.86979816448
972.683008160768
1262.89353969664
1323.1060875264
1357.74928344064
1110.82472727552
933.827764706304
1035.34834581504
1257.74303075328
1058.30731749376
965.379896150016
771.352508056576
788.984728487936
717.6192
418.283887766528
1046.5944850432
918.243088959488
872.571373494272
842.19144413184
873.860636220416
998.46530774016
1057.71751238656
898.962338639872
713.364519084032
931.322610526208
1253.14482199552
1276.45038112768
810.500447017984
865.4518770688
872.724051001344
1066.60186873856
1146.59777334272
1238.28231501824
1100.63181053952
1103.87508898816
811.10146263552
1049.00045595648
1274.35370771456
1586.39182062592
1438.94375887872
1093.1601936896
776.846149771264
765.52329465344
971.217775327232
744.38346218496
705.406304186368
612.8995001856
683.076073549824
882.95205031424
985.373164557312
1461.29557349376
1485.87891482624
1334.4927208448
1132.544
971.099879451648
1121.3143624192
1230.81384190976
633.160459640832
916.19328
1093.60795302912
1322.14378017792
1456.41021092864
1284.65966972928
1323.0915918336
659.777889396736
616.590698326016
754.373920155648
429.599682735104
712.125098667008
938.831813712896
787.533341389824
938.659098300416
1026.95929777152
1307.711503872
1097.82588797952
514.47010686976
487.291554491392
546.220196645888
1133.43593271296
705.854060606464
663.786813080576
389.565122055168
339.378744142848
737.610105263104
1009.523657974784
1186.55001618432
1136.77371821056
850.353149897728
665.4259154432
1124.39266719744
902.0032
562.43435425792
404.547477456896
769.89725341696
1462.23449847808
1991.27120948224
2262.42816457728
2394.12940510208
2109.41001463808
2055.81231460352
2078.74395321344
2330.92042104832
1845.61571462144
1959.918980608
1926.1941671424
1778.01592363008
2025.1646640128
2478.43453407232
2463.70103496704
2410.38454421504
2550.00324903936
2603.1337826816
2658.3566091776
2570.0572265472
2497.68385027072
2661.138818304
2962.41267924992
2746.6286545408
2698.82825532416
2645.1601193984
2651.99746031616
1555.34465368064
558.196464884736
545.082764502016
685.685477300224
710.207966262272
1071.88490877952
1885.8976969728
2444.04419047424
2155.93182608384
2163.96380327936
2239.13877456896
2293.02750364672
2046.33649042432
2091.4034351616
2243.9615724544
2640.34461538304
2465.03520259072
2314.85123842048
2344.47984689152
2232.56592960512
2496.24814724096
2608.88044198912
2591.40266667008
2108.57676944384
2107.94863589376
2188.59443007488
2302.81157392384
1941.41534198784
1868.35523232768
1728.3188338688
1592.3039807488
1403.80333559808
727.24320622592
1241.76348069888
1496.84195678208
989.204163150848
2049.39132064768
1413.46001544192
1359.86424976384
1475.952
2086.95931353088
1857.42347252736
1544.187609856
1150.7377106944
1585.12916834304
1724.08712409088
1995.06788688896
2077.91703964672
2111.81477408768
2072.29115994112
2269.26933332992
760.763115884544
1982.04921519104
1957.60512707584
1276.22406135808
2347.99709090816
864.441737469952
859.307580719104
252.878657282048
7000.150902425599
5609.85703936
4145.67095022592
1572.11270817792
2537.22130320384
6091.0394848768
11668.992
11731.4121142784
11221.823366348799
10232.6970542592
11685.399939686398
9533.983854336
8862.1762831872
7957.4231579136
9343.1374910464
12574.314455449601
13156.8055363072
13495.58272
14848.3723636224
13378.7759801344
9887.9331227136
10355.424561408
10770.661172275199
12676.562721075199
14174.137379328
14760.804219084801
13215.9532846592
13307.6244510208
13425.036387072
13460.1124540928
13669.469090918401
13896.710872473599
13921.8997392896
14212.955502028799
13876.972307712002
13551.525240832
13008.682825267198
12913.0914991104
13585.789338367998
13714.8352813056
13867.295438592
13831.876923084801
13879.8366088704
13163.1148201472
12763.562513459201
12586.142238003198
9316.7035774464
8660.1071236096
9181.172747264
5510.2712425984
7431.525302169601
11621.674887731202
12254.2347130368
12260.433494835199
13722.697896908801
14811.737921126401
11914.509473689599
11772.6940041728
11794.618181836799
12236.4865306112
13561.1405757952
12673.202684569602
12812.6189898752
12393.407552460802
13865.2149377536
11902.4704628224
9946.1584939008
11452.416000000001
10928.9504041472
9356.0035555328
10463.9207079424
4035.3862824191997
3744.0676960460796
5145.1550713344
5589.3489908224
4863.41504080384
6314.4676984831995
6615.530437632
6788.7464172032005
5554.1236363776
4669.13882353152
5176.7417290752
6288.715153766399
5291.5365874688
4826.899480750079
3856.76254028288
3944.92364243968
3588.096
2091.41943883264
5232.9724252159995
4591.21544479744
4362.856867471361
4210.9572206592
4369.30318110208
4992.3265387008005
5288.5875619328
4494.81169319936
3566.8225954201603
4656.61305263104
6265.7241099776
6382.2519056384
4052.50223508992
4327.259385343999
4363.62025500672
5333.0093436928
5732.9888667136
6191.411575091201
5503.159052697601
5519.375444940801
4055.5073131776
5245.0022797824
6371.7685385728
7931.9591031296
7194.718794393601
5465.800968448
3884.23074885632
3827.6164732671996
4856.0888766361595
3721.9173109248
3527.0315209318396
3064.497500928
3415.3803677491196
4414.7602515712
4926.86582278656
7306.4778674688005
7429.3945741312
6672.463604224
5662.72
4855.49939725824
5606.571812096
6154.069209548799
3165.80229820416
4580.966399999999
5468.0397651456
6610.7189008896
7282.0510546432
6423.2983486464
6615.457959167999
3298.88944698368
3082.95349163008
3771.86960077824
2147.99841367552
3560.62549333504
4694.15906856448
3937.6667069491205
4693.29549150208
5134.7964888576
6538.557519360001
5489.129439897601
2572.3505343488
2436.45777245696
2731.10098322944
5667.179663564801
3529.27030303232
3318.93406540288
1947.82561027584
1696.89372071424
3688.0505263155196
5047.61828987392
5932.7500809216
5683.8685910528
4251.76574948864
3327.129577216
5621.9633359872005
4510.016
2812.1717712895997
2022.73738728448
3849.4862670847997
7311.1724923904
9956.3560474112
11312.140822886398
11970.6470255104
10547.050073190401
10279.0615730176
10393.719766067199
11654.6021052416
9228.0785731072
9799.59490304
9630.970835712
8890.0796181504
10125.823320063999
12392.172670361599
12318.5051748352
12051.9227210752
12750.0162451968
13015.668913408
13291.783045888002
12850.286132736
12488.4192513536
13305.69409152
14812.0633962496
13733.143272704001
13494.141276620801
13225.800596992001
13259.9873015808
7776.723268403201
2790.98232442368
2725.4138225100796
3428.42738650112
3551.0398313113596
5359.4245438975995
9429.488484864
12220.2209523712
10779.6591304192
10819.8190163968
11195.6938728448
11465.137518233601
10231.6824521216
10457.017175808
11219.807862272
13201.723076915201
12325.1760129536
11574.2561921024
11722.3992344576
11162.8296480256
12481.2407362048
13044.4022099456
12957.013333350402
10542.8838472192
10539.743179468802
10942.9721503744
11514.0578696192
9707.0767099392
9341.7761616384
8641.594169344
7961.519903744001
7019.016677990399
3636.2160311295997
6208.8174034943995
7484.2097839104
4946.02081575424
10246.9566032384
7067.3000772096
6799.3212488192
7379.76
10434.7965676544
9287.1173626368
7720.938049280001
5753.688553472
7925.6458417152
8620.4356204544
9975.339434444799
10389.585198233599
10559.073870438398
10361.4557997056
11346.346666649599
3803.8155794227205
9910.2460759552
9788.025635379201
6381.1203067904
11739.9854545408
4322.20868734976
4296.537903595519
1264.39328641024
