0.0	3.50881651376
1.44000005722	4.37159317001
2.21000003815	3.92309792285
3.10000014305	3.50742857143
5.17000007629	3.784992907801
8.85000014305	3.734155486949
12.6900000572	3.5026524721
15.5900001526	3.84141294964
17.7400000095	3.762538011696
19.1800001621	4.1442313
20.7900002003	3.945748606811
22.3400001526	3.857111264686
23.7699999809	4.10924570575
26.4900000095	4.50514679954
30.6900000572	4.350387112521
31.8500001431	3.99626857
32.8900001049	3.69627321238
33.4100000858	4.12018390805
34.0800001621	4.07781052632
34.8300001621	4.21249848024
35.6600000858	4.18755313351
36.4600000381	3.9994705
37.5700001717	4.19912957468
38.3500001431	4.278704964
39.7000000477	4.23330787589
40.7300000191	3.77524255319
41.6000001431	3.6609151671
42.5600001812	4.39775115207
45.1600000858	4.583367159409
46.8900001049	3.843975579976
47.9400000572	3.86909623431
48.6400001049	4.27430463576
49.4600000381	3.87764835165
50.1600000858	4.32902931596
50.8200001717	4.46693848858
51.4600000381	4.29826691042
52.2100000381	3.98558167939
53.3300001621	3.60412050534
54.2799999714	3.64175449
55.2100000381	3.70576610979
56.1000001431	3.7532020202
57.0900001526	3.53095575221
59.2400000095	3.741577299413
60.3300001621	3.68466533066
61.3800001144	3.96265138075
63.5700001717	3.693544327931
65.4700000286	3.826878400888
66.370000124	3.6448660826
67.0700001717	4.22687378641
67.7300000191	4.45841563055
68.3300001621	4.34883137255
69.0600001812	4.33812578616
69.7799999714	4.25653588517
70.4200000763	4.01616176471
70.7400000095	3.97454545455
71.7100000381	4.11951041
72.4800000191	4.04134911243
73.3800001144	3.82805452292
73.7699999809	4.57962033898
74.0800001621	4.62508920188
74.5500001907	3.92656084656
