0.0	1.00881651376
1.24000005722	1.07159001
2.21000003815	0.32309792285
3.10000014305	0.50742857143
5.17000007629	0.784992907801
8.85000014305	0.834155486949
12.6900000572	0.402652474721
15.5900001526	0.64141294964
17.7400000095	0.762538011696
19.0800001621	1.144
20.7900002003	0.945748606811
22.3400001526	0.857111264686
23.7699999809	1.00924570575
26.4900000095	0.50514679954
30.6900000572	0.550387112521
31.8500001431	0.996268684957
32.8900001049	1.09627321238
33.4100000858	1.12018390805
34.0800001621	1.07781052632
34.8300001621	1.01249848024
35.6600000858	1.18755313351
36.4600000381	0.99902109705
37.5700001717	0.79912957468
38.3500001431	0.77870364964
39.7000000477	1.09330787589
40.7300000191	0.67524255319
41.6000001431	0.6609151671
42.5600001812	0.8374984
45.1600000858	0.583367159409
46.8900001049	0.843975579976
47.9400000572	0.76909623431
48.6400001049	0.97430463576
49.4600000381	0.87764835165
50.1600000858	0.7842931596
50.8200001717	0.46693848858
51.4600000381	0.69826691042
52.2100000381	0.88558167939
53.3300001621	0.60412050534
54.2799999714	0.64172695449
55.2100000381	0.70576610979
56.1000001431	0.7532020202
57.0900001526	0.53095575221
59.2400000095	0.741577433
60.3300001621	0.78466533066
61.3800001144	0.9546138075
63.5700001717	0.893544327931
65.4700000286	0.826878400888
66.370000124	0.6448660826
67.0700001717	0.42687378641
67.7300000191	0.558416745
68.3300001621	0.6387212
69.0600001812	0.5364628616
69.7799999714	0.85653588517
70.4200000763	1.01616176471
70.7400000095	0.97454545455
71.7100000381	1.11958371041
72.4800000191	1.04134911243
73.3800001144	0.82805452292
73.7699999809	1.077843
74.0800001621	0.82508920188
74.5500001907	0.72656084656
