0.0	2.50881651376
1.44000005722	2.65417001
2.21000003815	2.245792285
3.10000014305	2.5255857143
5.17000007629	2.684992907801
8.85000014305	2.3574486949
12.6900000572	2.6456474721
15.5900001526	2.854294964
17.7400000095	2.762538011696
19.0800001621	2.563553
20.7900002003	1.945748606811
22.3400001526	2.272386
23.7699999809	2.10924570575
26.4900000095	2.3426794
30.6900000572	2.234112521
31.8500001431	1.9248684957
32.8900001049	1.99627321238
33.4100000858	2.12018390805
34.0800001621	2.07781052632
34.8300001621	2.21249848024
35.6600000858	2.18755313351
36.4600000381	1.99902109705
37.5700001717	2.39912957468
38.3500001431	2.27870364964
39.7000000477	2.29330787589
40.7300000191	2.1758566659
41.6000001431	1.8604631
42.5600001812	2.39775115207
45.1600000858	2.583367159409
46.8900001049	2.843975579976
47.9400000572	1.76909623431
48.6400001049	2.27430463576
49.4600000381	1.87764835165
50.1600000858	2.32902931596
50.8200001717	2.46693848858
51.4600000381	2.69826691042
52.2100000381	1.88558167939
53.3300001621	1.80412050534
54.2799999714	1.74172695449
55.2100000381	1.90576610979
56.1000001431	2.3220202
57.0900001526	2.13095575221
59.2400000095	1.9474499413
60.3300001621	2.38466533066
61.3800001144	2.36553138075
63.5700001717	1.893544327931
65.4700000286	2.226856588
66.370000124	1.84560826
67.0700001717	2.22687378641
67.7300000191	2.45841563055
68.3300001621	2.24883137255
69.0600001812	2.53812578616
69.7799999714	2.25653588517
70.4200000763	2.01616176471
70.7400000095	1.97454545455
71.7100000381	2.11958371041
72.4800000191	2.133511243
73.3800001144	2.2424292
73.7699999809	2.37975498
74.0800001621	2.22508920188
74.5500001907	2.126465656
